21 21 22 22 22 22 23 23 23 23 24 24 24 24 24 25 25 25 25 25 25 25 25 25 25 25 25 25 25 25 25 25 25 25 25 25 25 25 25 25 25 24 24 24 24 24 24 24 24 24 24 24 24 25 25 25 25 25 25 25 25 25 25 25 25 25 25 25 25 25 25 25 25 25 25 25 25 25 25 25 
21 22 22 22 22 23 23 23 23 24 24 24 24 25 25 25 25 25 25 25 25 25 25 25 25 25 25 25 25 25 25 25 25 25 25 25 25 25 25 25 25 25 25 25 25 25 25 25 25 25 25 25 25 25 25 25 25 25 25 25 25 25 25 25 25 25 25 25 25 25 25 25 25 25 25 25 25 25 25 25 
22 22 22 22 23 23 23 23 24 24 24 24 25 25 25 25 25 25 25 25 25 25 25 25 25 25 25 25 25 25 25 25 25 25 25 25 25 25 25 25 25 25 25 25 25 25 25 25 25 25 25 25 25 25 25 25 25 25 25 25 25 25 25 25 25 25 25 25 25 25 25 25 25 25 25 25 25 25 25 25 
22 22 22 23 23 23 24 24 24 24 25 25 25 25 25 25 25 25 25 25 25 25 25 25 25 25 25 25 25 25 25 25 25 25 25 25 25 25 25 25 25 25 25 25 25 25 25 25 25 25 25 25 25 25 25 25 25 25 25 25 25 25 25 25 25 25 25 25 25 25 25 26 26 26 25 25 25 25 25 25 
22 22 23 23 23 24 24 24 25 25 25 25 25 25 25 25 25 25 25 25 25 25 25 25 25 25 25 25 25 25 25 25 25 25 25 25 25 25 25 25 25 25 25 25 25 25 25 25 25 25 25 25 25 25 25 25 25 25 25 25 25 25 25 25 25 25 25 26 26 26 26 26 26 26 26 26 25 25 25 25 
22 22 23 23 23 24 24 25 25 25 25 25 25 25 25 25 25 25 25 25 25 25 25 25 25 25 25 25 25 25 25 25 25 25 25 25 25 26 26 26 26 26 26 26 26 26 26 26 26 26 26 26 26 26 26 26 26 26 26 26 26 26 26 26 26 26 26 26 26 26 26 26 26 26 26 26 26 26 26 26 
22 22 23 23 24 24 24 25 25 26 26 26 26 26 26 26 26 26 26 26 26 25 25 25 25 25 25 25 25 25 25 25 25 26 26 26 26 26 26 26 26 26 26 26 26 26 26 26 26 26 26 26 26 26 26 26 26 26 26 26 26 26 26 26 26 26 26 26 26 26 26 26 26 26 26 26 26 26 26 26 
22 22 23 23 24 24 25 25 25 25 26 26 26 26 26 26 26 26 26 26 26 26 26 26 26 26 26 26 26 26 26 26 26 26 26 26 26 26 26 26 26 26 26 26 26 26 26 26 26 26 26 26 26 26 26 26 26 26 26 26 26 26 26 26 26 26 26 26 26 26 26 26 26 26 26 26 26 26 26 26 
22 22 23 23 24 24 25 25 25 25 25 26 26 26 26 26 26 26 26 26 26 26 26 26 26 26 26 26 26 26 26 26 26 26 26 26 26 26 26 26 26 26 26 26 26 26 26 26 26 26 26 26 26 26 26 26 26 26 26 26 26 26 26 26 26 26 26 26 26 26 26 26 26 26 27 27 27 26 26 26 
22 22 23 23 24 24 25 25 25 25 25 25 25 26 26 26 26 26 26 26 26 26 26 26 26 26 26 26 26 26 26 26 26 26 26 26 26 26 26 26 26 26 26 26 26 26 26 26 26 26 26 26 26 26 26 26 26 26 26 26 26 26 26 26 26 26 26 26 26 26 26 27 27 27 27 26 26 26 26 26 
22 23 23 23 24 24 24 25 25 25 25 25 25 25 25 26 26 26 26 26 26 26 26 26 26 26 26 26 26 26 26 26 26 26 26 26 26 26 26 26 26 26 26 26 26 26 26 26 26 26 26 26 26 26 26 26 26 26 26 26 26 26 26 26 26 26 26 26 26 26 26 26 26 26 26 26 26 26 26 26 
22 23 23 24 24 24 24 24 25 25 25 25 25 25 25 25 26 26 26 26 26 26 26 26 26 26 26 26 26 26 26 26 26 26 26 26 26 26 26 26 26 26 26 26 26 26 26 26 26 26 26 26 26 26 26 26 26 26 26 26 26 26 26 26 26 26 26 26 26 26 26 26 26 26 26 26 26 26 26 26 
22 23 23 23 24 24 24 24 24 25 25 25 25 25 25 25 25 25 26 26 26 26 26 26 26 26 26 26 26 26 26 26 26 26 26 26 26 26 26 26 26 26 26 26 26 26 26 26 26 26 26 26 26 26 26 26 26 26 26 26 26 26 26 26 26 26 26 26 26 26 26 26 26 26 26 26 26 26 26 26 
22 22 23 23 23 24 24 24 24 24 25 25 25 25 25 25 25 25 25 26 26 26 26 26 26 26 26 26 26 26 26 26 26 26 26 26 26 26 26 26 26 26 26 26 26 26 26 26 26 26 26 26 26 26 26 26 26 26 26 26 26 26 26 26 26 26 26 26 26 26 26 26 26 26 26 26 26 26 26 26 
21 22 22 23 23 23 24 24 24 24 24 25 25 25 25 25 25 25 25 26 26 26 26 26 26 26 26 26 26 26 26 26 26 26 26 26 26 26 26 26 26 26 26 26 26 26 26 26 26 26 26 26 26 26 26 26 26 26 26 26 26 26 26 26 26 26 26 26 26 26 26 26 26 26 26 26 26 26 26 26 
21 21 22 22 22 23 23 23 24 24 24 25 25 25 25 25 25 25 25 26 26 26 26 26 26 26 26 26 26 26 26 26 26 26 26 26 26 26 26 26 26 26 26 26 26 26 26 26 26 26 26 26 26 26 26 26 26 26 26 26 26 26 26 26 26 26 26 26 26 26 26 26 26 26 26 26 26 26 26 26 
20 20 21 21 22 22 22 23 23 24 24 24 25 25 25 25 25 25 25 26 26 26 26 26 26 26 26 26 26 26 26 26 26 26 26 26 26 26 26 25 25 25 25 26 26 26 26 26 26 26 26 26 26 26 26 26 26 26 26 26 26 26 26 26 26 26 26 26 26 26 26 26 26 26 26 26 26 26 26 26 
19 20 20 21 21 21 22 22 23 23 23 24 24 24 25 25 25 25 26 26 26 26 26 26 26 25 25 25 25 25 25 25 25 25 25 25 25 25 25 25 25 25 25 25 25 25 25 25 25 25 26 26 26 26 26 26 26 26 26 26 26 26 26 26 26 26 26 26 26 26 26 26 26 26 26 26 25 25 25 25 
19 19 19 20 20 21 21 22 22 23 23 23 24 24 24 25 25 25 25 26 26 26 25 25 25 25 25 25 25 25 25 25 25 25 25 25 25 25 25 25 25 25 25 25 25 25 25 25 25 25 25 25 25 25 25 25 25 26 26 26 26 26 26 26 26 26 26 26 26 26 25 25 25 25 25 25 25 25 25 25 
19 19 20 20 20 21 21 22 22 22 23 23 23 24 24 24 25 25 25 25 25 25 25 25 25 25 25 25 25 25 25 25 25 25 25 25 25 25 25 25 25 25 25 25 25 25 25 25 25 25 25 25 25 25 25 25 25 25 25 25 26 26 26 26 26 26 25 25 25 25 25 25 25 25 25 25 24 24 24 20 
19 19 20 20 20 21 21 21 22 22 23 23 23 24 24 24 24 24 24 24 24 25 25 25 24 24 24 24 24 24 24 24 24 24 24 24 24 24 24 24 24 25 25 25 25 25 25 25 25 25 25 25 25 25 25 25 25 25 25 25 25 25 25 25 25 25 25 25 25 25 25 24 24 24 24 24 24 24 22 18 
19 19 19 20 20 21 21 21 22 22 23 23 23 23 24 24 24 24 24 24 24 24 24 24 24 24 24 24 24 24 24 24 24 24 24 24 24 24 24 24 24 24 24 24 25 25 25 25 25 25 25 25 25 25 25 25 25 25 25 25 25 25 25 25 25 25 25 24 24 24 24 24 24 24 24 23 23 23 18 18 
19 19 20 20 20 21 21 21 22 22 22 23 23 23 23 24 24 24 24 24 24 24 24 24 24 24 24 24 24 23 23 23 23 23 23 23 23 24 24 24 24 24 24 24 24 24 24 24 24 24 24 24 25 25 25 25 25 25 24 24 24 24 24 24 24 24 24 24 24 24 24 23 23 23 23 23 23 19 18 19 
19 19 20 20 20 21 21 21 22 22 22 22 23 23 23 23 24 24 24 24 24 24 24 24 24 24 24 24 23 23 23 23 23 23 23 23 23 23 23 23 23 23 23 24 24 24 24 24 24 24 24 24 24 24 24 24 24 24 24 24 24 24 24 24 24 24 24 24 23 23 23 23 23 23 23 23 19 18 19 19 
20 20 20 20 21 21 21 21 22 22 22 22 23 23 23 23 24 24 24 24 24 24 24 24 24 23 23 23 23 23 23 23 23 22 22 22 23 23 23 23 23 23 23 23 23 24 24 24 24 24 24 24 24 24 24 24 24 24 24 24 24 24 24 24 23 23 23 23 23 23 23 23 23 23 21 18 18 18 18 19 
19 19 20 20 20 21 21 21 22 22 22 22 23 23 23 24 24 24 24 24 24 24 24 23 23 23 23 23 23 22 22 22 22 22 22 22 22 22 23 23 23 23 23 23 23 24 24 24 24 24 24 24 24 24 24 24 24 24 24 24 23 23 23 23 23 23 23 23 23 23 23 23 23 17 17 17 17 17 18 18 
18 18 19 19 19 20 20 21 21 22 22 22 22 23 23 23 23 23 23 23 23 23 23 23 23 23 23 22 22 22 22 22 22 22 22 22 22 22 23 23 23 23 23 23 24 24 24 24 24 24 24 24 24 24 24 24 24 23 23 23 23 23 23 23 23 23 23 23 23 23 23 23 14 15 15 15 15 15 15 15 
16 16 17 17 18 18 19 19 20 20 21 21 22 22 22 22 22 22 22 23 23 23 23 23 23 23 22 22 22 22 22 22 22 22 22 22 22 23 23 23 23 23 23 24 24 24 24 24 24 24 24 24 24 24 23 23 23 23 23 23 23 23 23 23 23 23 23 23 23 23 23 12 12 12 12 12 12 12 13 13 
13 13 14 14 15 16 16 17 18 18 19 19 20 21 21 22 22 22 22 22 22 22 22 22 22 22 22 22 22 22 22 22 22 22 22 23 23 23 23 23 24 24 24 24 24 24 24 24 24 24 23 23 23 23 23 23 23 23 23 23 23 23 23 23 23 23 23 23 23 28 105 105 105 105 105 104 104 104 104 103 
103 103 103 103 103 103 103 103 103 103 103 103 103 103 103 103 103 103 103 103 103 103 103 103 103 103 103 103 103 103 103 103 103 103 103 103 103 103 103 103 103 103 103 103 103 103 103 103 103 103 103 103 103 103 103 103 103 103 103 103 103 103 103 103 103 103 103 103 103 103 103 103 103 103 103 103 103 103 103 103 
100 100 100 100 99 99 99 99 99 98 98 98 98 97 97 97 97 97 96 96 96 96 95 95 95 95 94 93 23 23 24 24 24 24 24 23 23 23 23 23 23 23 23 22 22 22 22 22 22 22 22 22 22 22 22 21 21 27 105 105 105 105 105 104 104 104 104 103 103 103 103 103 103 103 103 103 103 103 103 103 
98 98 97 97 97 97 97 96 96 96 96 95 95 95 95 94 94 94 94 94 93 93 93 93 92 92 92 92 92 91 91 91 91 90 90 90 90 90 89 89 89 89 88 88 88 88 87 105 105 105 105 105 104 104 104 104 103 103 103 103 103 103 103 103 103 103 103 103 103 103 103 103 103 103 103 103 103 103 103 103 
96 95 95 95 95 94 94 94 94 94 93 93 93 93 92 92 92 92 92 91 91 91 91 90 90 90 90 90 89 89 89 89 88 88 88 88 99 104 104 104 104 104 104 104 103 103 103 103 103 103 103 103 103 103 103 103 103 103 103 103 103 103 103 103 103 103 103 103 103 103 103 103 103 103 103 103 103 103 103 103 
93 93 93 92 92 92 92 92 91 91 91 91 90 90 90 90 90 89 89 89 89 88 88 88 88 93 103 103 103 103 103 103 103 103 103 103 103 103 103 103 103 103 103 103 103 103 103 103 103 103 103 103 103 103 103 103 103 103 103 103 103 103 103 103 103 103 103 103 103 103 103 103 103 103 103 103 103 103 103 103 
91 90 90 90 90 90 89 89 89 89 88 88 88 88 88 102 102 101 101 101 101 101 101 101 101 101 101 100 100 100 100 100 100 100 100 100 100 100 99 99 99 99 99 99 99 99 98 98 98 98 97 97 97 97 97 96 96 96 96 95 95 95 95 95 94 94 94 94 93 93 93 93 93 92 92 92 92 91 91 91 
91 90 90 90 90 90 89 89 89 89 88 88 88 88 88 101 101 101 101 101 101 100 100 100 100 100 100 100 100 100 100 99 99 99 99 99 99 99 99 99 99 99 98 98 98 98 98 98 98 98 97 97 97 97 97 96 96 96 96 95 95 95 95 95 94 94 94 94 93 93 93 93 93 92 92 92 92 91 91 91 
91 91 90 90 90 90 89 89 89 89 89 88 88 88 88 100 100 100 100 100 100 100 100 100 100 99 99 99 99 99 99 99 99 99 99 98 98 98 98 98 98 98 98 98 98 98 97 97 97 97 97 97 97 97 97 96 96 96 96 95 95 95 95 95 94 94 94 94 93 93 93 93 93 92 92 92 92 91 91 91 
91 91 90 90 90 90 89 89 89 89 89 88 88 88 88 100 100 100 99 99 99 99 99 99 99 99 99 99 99 98 98 98 98 98 98 98 98 98 98 98 97 97 97 97 97 97 97 97 97 97 96 96 96 96 96 96 96 96 96 95 95 95 95 95 94 94 94 94 93 93 93 93 93 92 92 92 92 91 91 91 
91 91 90 90 90 90 89 89 89 89 89 88 88 88 88 99 99 99 99 99 99 99 98 98 98 98 98 98 98 98 98 98 98 97 97 97 97 97 97 97 97 97 97 97 96 96 96 96 96 96 96 96 96 96 96 95 95 95 95 95 95 95 95 95 94 94 94 94 93 93 93 93 93 92 92 92 92 91 91 91 
91 91 90 90 90 90 89 89 89 89 89 88 88 88 88 99 98 98 98 98 98 98 98 98 98 98 98 97 97 97 97 97 97 97 97 97 97 96 96 96 96 96 96 96 96 96 96 96 95 95 95 95 95 95 95 95 95 95 95 94 94 94 94 94 94 94 94 94 93 93 93 93 93 92 92 92 92 91 91 91 
91 91 90 90 90 90 89 89 89 89 89 88 88 88 88 98 98 98 98 98 97 97 97 97 97 97 97 97 97 97 97 96 96 96 96 96 96 96 96 96 96 96 95 95 95 95 95 95 95 95 95 95 94 94 94 94 94 94 94 94 94 94 94 93 93 93 93 93 93 93 93 93 93 92 92 92 92 91 91 91 
91 91 90 90 90 90 89 89 89 89 89 88 88 88 88 97 97 97 97 97 97 97 97 97 96 96 96 96 96 96 96 96 96 96 96 95 95 95 95 95 95 95 95 95 95 95 94 94 94 94 94 94 94 94 94 94 94 93 93 93 93 93 93 93 93 93 93 93 92 92 92 92 92 92 92 92 92 91 91 91 
91 91 90 90 90 90 89 89 89 89 89 88 88 88 88 97 97 97 96 96 96 96 96 96 96 96 96 96 96 95 95 95 95 95 95 95 95 95 95 94 94 94 94 94 94 94 94 94 94 94 93 93 93 93 93 93 93 93 93 93 93 92 92 92 92 92 92 92 92 92 92 92 91 91 91 91 91 91 91 91 
91 91 90 90 90 90 89 89 89 89 89 88 88 88 88 96 96 96 96 96 96 96 95 95 95 95 95 95 95 95 95 95 95 94 94 94 94 94 94 94 94 94 94 94 93 93 93 93 93 93 93 93 93 93 93 92 92 92 92 92 92 92 92 92 92 91 91 91 91 91 91 91 91 91 91 91 90 90 90 90 
90 90 90 90 90 90 90 89 89 89 89 88 88 88 88 96 95 95 95 95 95 95 95 95 95 95 94 94 94 94 94 94 94 94 94 94 94 93 93 93 93 93 93 93 93 93 93 93 92 92 92 92 92 92 92 92 92 92 92 91 91 91 91 91 91 91 91 91 91 91 90 90 90 90 90 90 90 90 90 90 
90 89 89 89 89 89 89 89 89 89 89 88 88 88 88 95 95 95 95 95 94 94 94 94 94 94 94 94 94 94 94 93 93 93 93 93 93 93 93 93 93 93 92 92 92 92 92 92 92 92 92 92 91 91 91 91 91 91 91 91 91 91 91 90 90 90 90 90 90 90 90 90 90 90 89 89 89 89 89 89 
89 89 89 89 89 88 88 88 88 88 88 88 88 88 88 94 94 94 94 94 94 94 94 94 93 93 93 93 93 93 93 93 93 93 93 92 92 92 92 92 92 92 92 92 92 92 91 91 91 91 91 91 91 91 91 91 91 90 90 90 90 90 90 90 90 90 90 90 89 89 89 89 89 89 89 89 89 89 89 88 
88 88 88 88 88 88 88 88 88 88 87 87 87 87 87 94 94 94 93 93 93 93 93 93 93 93 93 93 92 92 92 92 92 92 92 92 92 92 92 91 91 91 91 91 91 91 91 91 91 91 90 90 90 90 90 90 90 90 90 90 90 89 89 89 89 89 89 89 89 89 89 89 88 88 88 88 88 88 88 88 
88 88 88 87 87 87 87 87 87 87 87 87 87 87 86 94 94 93 93 93 93 93 93 93 93 92 92 92 92 92 92 92 92 91 91 91 91 91 91 91 91 91 91 91 90 90 90 90 90 90 90 90 90 90 90 89 89 89 89 89 89 89 89 89 89 89 88 88 88 88 88 88 88 88 88 88 88 87 87 87 
87 87 87 87 87 87 87 86 86 86 86 86 86 89 94 94 93 93 93 93 93 93 93 93 92 92 92 92 92 92 92 91 91 91 91 91 91 91 91 90 90 90 90 90 90 90 90 89 89 89 89 89 89 89 89 89 89 89 88 88 88 88 88 88 88 88 88 88 88 87 87 87 87 87 87 87 87 87 87 87 
86 86 86 86 86 86 86 85 85 94 94 93 93 93 93 93 93 93 92 92 92 92 92 92 92 92 91 91 91 91 91 91 91 90 90 90 90 90 90 90 90 89 89 89 89 89 89 89 89 88 88 88 88 88 88 88 88 88 87 87 87 87 87 87 87 87 87 87 87 86 86 86 86 86 86 86 86 86 86 86 
85 85 85 85 88 94 94 93 93 93 93 93 93 93 92 92 92 92 92 92 92 92 91 91 91 91 91 91 91 90 90 90 90 90 90 90 90 89 89 89 89 89 89 89 89 88 88 88 88 88 88 88 87 87 87 87 87 87 87 87 86 86 86 86 86 86 86 86 86 86 85 85 85 85 85 85 85 85 85 85 
84 87 94 94 93 93 93 93 93 93 93 92 92 92 92 92 92 92 92 91 91 91 91 91 91 91 90 90 90 90 90 90 90 90 89 89 89 89 89 89 89 88 88 88 88 88 88 88 88 87 87 87 87 87 87 87 87 86 86 86 86 86 86 86 85 85 85 85 85 85 85 85 84 84 84 84 84 84 84 84 
94 93 93 93 93 93 93 93 92 92 92 92 92 92 92 92 91 91 91 91 91 91 91 90 90 90 90 90 90 90 90 89 89 89 89 89 89 89 88 88 88 88 88 88 88 88 87 87 87 87 87 87 87 87 86 86 86 86 86 86 86 85 85 85 85 85 85 85 85 84 84 84 84 84 84 84 84 83 83 94 
93 93 93 93 93 93 92 92 92 92 92 92 92 91 91 91 91 91 91 91 91 90 90 90 90 90 90 90 90 89 89 89 89 89 89 89 88 88 88 88 88 88 88 88 87 87 87 87 87 87 87 86 86 86 86 86 86 86 86 85 85 85 85 85 85 85 85 84 84 84 84 84 84 84 83 83 90 93 93 93 
93 93 93 92 92 92 92 92 92 92 91 91 91 91 91 91 91 91 90 90 90 90 90 90 90 89 89 89 89 89 89 89 89 88 88 88 88 88 88 88 88 87 87 87 87 87 87 87 86 86 86 86 86 86 86 86 85 85 85 85 85 85 85 85 84 84 84 84 84 84 84 83 83 86 93 93 93 93 93 93 
92 92 92 92 92 92 92 91 91 91 91 91 91 91 91 90 90 90 90 90 90 90 89 89 89 89 89 89 89 89 88 88 88 88 88 88 88 88 87 87 87 87 87 87 87 86 86 86 86 86 86 86 86 85 85 85 85 85 85 85 85 84 84 84 84 84 84 84 83 83 83 92 92 92 92 92 92 92 92 92 
92 92 92 92 92 91 91 91 91 91 91 91 91 90 90 90 90 90 90 90 89 89 89 89 89 89 89 89 88 88 88 88 88 88 88 88 87 87 87 87 87 87 87 86 86 86 86 86 86 86 86 85 85 85 85 85 85 85 85 84 84 84 84 84 84 84 83 83 89 92 92 92 92 92 92 92 92 92 92 91 
91 91 91 91 91 91 91 91 91 91 90 90 90 90 90 90 90 89 89 89 89 89 89 89 89 88 88 88 88 88 88 88 87 87 87 87 87 87 87 87 86 86 86 86 86 86 86 86 85 85 85 85 85 85 85 84 84 84 84 84 84 84 84 83 83 86 91 91 91 91 91 91 91 91 91 91 91 91 91 91 
91 91 91 91 91 91 90 90 90 90 90 90 90 90 89 89 89 89 89 89 89 89 88 88 88 88 88 88 88 87 87 87 87 87 87 87 87 86 86 86 86 86 86 86 86 85 85 85 85 85 85 85 84 84 84 83 79 84 84 84 83 83 83 91 91 91 91 91 91 91 91 91 91 91 91 91 90 90 90 90 
90 90 90 90 90 90 90 90 90 90 90 90 89 89 89 89 89 89 89 89 88 88 88 88 88 88 88 87 87 87 87 87 87 87 87 86 86 86 86 86 86 86 86 85 85 85 85 85 85 85 84 84 90 65 83 84 84 84 83 83 86 90 90 90 90 90 90 90 90 90 90 90 90 90 90 90 90 90 90 90 
90 90 90 90 90 90 90 90 89 89 89 89 89 89 89 89 89 89 88 88 88 88 88 88 88 87 87 87 87 87 87 87 87 86 86 86 86 86 86 86 86 85 85 85 85 85 85 85 84 84 76 54 61 84 84 84 83 83 88 90 90 90 90 90 90 90 90 90 90 90 90 90 90 90 90 89 89 89 89 89 
89 89 89 89 89 89 89 89 89 89 89 89 89 89 88 88 88 88 88 88 88 88 87 87 87 87 87 87 87 87 86 86 86 86 86 86 86 85 85 85 85 85 85 85 85 84 84 84 84 84 84 84 84 83 83 83 90 90 90 89 89 89 89 89 89 89 89 89 89 89 89 89 89 89 89 89 89 89 89 89 
89 89 89 89 89 89 89 88 88 88 88 88 88 88 88 88 88 88 88 88 87 87 87 87 87 87 87 87 86 86 86 86 86 86 86 85 85 85 85 85 85 85 85 84 84 98 40 98 37 85 81 83 63 85 89 89 89 89 89 89 89 89 89 89 89 89 89 89 89 89 89 89 89 89 88 88 88 88 88 88 
88 88 88 88 88 88 88 88 88 88 88 88 88 88 88 88 88 87 87 87 87 87 87 87 87 86 86 86 86 86 86 86 85 85 85 85 85 85 85 85 84 84 84 84 84 84 51 51 79 54 53 89 89 89 89 89 89 89 88 88 88 88 88 88 88 88 88 88 88 88 88 88 88 88 88 88 88 88 88 88 
88 88 88 88 88 87 87 87 87 87 87 87 87 87 87 87 87 87 87 87 87 87 87 86 86 86 86 86 86 86 85 85 85 85 85 85 85 85 84 84 75 57 76 84 84 84 83 83 87 88 88 88 88 88 88 88 88 88 88 88 88 88 88 88 88 88 88 88 88 88 88 88 87 87 87 87 87 87 87 87 
87 87 87 87 87 87 87 87 87 87 87 87 87 87 87 87 87 87 87 86 86 86 86 86 86 86 86 85 85 85 85 85 85 85 85 84 84 84 84 84 84 84 84 83 83 85 88 88 88 164 167 88 88 89 89 86 87 88 87 87 84 87 84 88 84 87 87 84 88 87 87 87 84 88 84 88 84 88 87 87 
86 86 86 86 86 86 86 86 86 86 86 86 86 86 86 86 86 86 86 86 86 85 85 85 85 85 85 85 85 84 84 159 161 99 39 98 53 71 135 38 87 87 87 87 87 87 169 175 104 145 144 99 87 87 85 88 87 87 87 86 87 87 87 87 87 87 84 86 87 83 86 87 86 86 86 86 86 86 86 86 
86 86 86 86 85 85 85 85 85 85 85 85 85 85 85 85 85 84 84 99 51 51 119 255 187 109 185 54 87 87 87 169 200 115 87 87 87 87 87 87 87 87 86 86 86 86 86 86 86 86 86 86 86 86 83 88 84 88 84 88 86 86 86 86 86 86 86 86 86 86 86 85 85 85 85 85 85 85 85 85 
85 85 85 85 85 85 85 85 85 84 84 75 51 60 84 84 84 74 60 86 87 86 86 86 86 86 86 86 86 86 86 86 86 86 86 86 86 86 86 86 86 86 86 86 86 86 86 86 86 86 85 85 85 85 85 85 85 85 85 85 85 85 85 85 85 85 85 85 85 85 85 85 85 85 85 85 85 85 85 85 
84 84 84 84 84 84 84 84 84 83 83 83 85 86 86 86 85 84 87 84 86 84 84 84 85 84 84 85 87 84 84 85 85 84 86 85 84 85 84 86 86 85 85 85 92 101 100 95 85 91 94 85 85 85 85 85 85 85 85 85 84 84 84 84 84 84 84 84 84 84 84 84 84 84 84 84 84 84 84 84 
84 84 99 51 50 48 55 83 83 90 61 86 86 86 84 87 85 85 84 86 82 84 87 84 83 87 84 86 85 83 85 86 85 85 85 84 86 82 87 85 85 85 82 104 85 84 82 104 84 84 84 84 84 84 84 84 84 84 84 84 84 84 84 84 84 84 84 84 84 84 84 84 84 84 84 84 83 83 83 83 
83 83 83 51 51 55 63 83 83 83 52 85 85 85 85 85 85 85 85 85 85 85 85 85 85 84 85 85 85 85 85 85 84 84 84 85 84 84 85 84 84 84 84 102 84 84 84 84 84 84 84 84 84 84 84 102 102 84 84 84 84 84 83 83 83 83 83 83 83 83 83 83 83 83 83 83 83 83 83 83 
83 83 83 74 51 59 83 83 83 83 83 83 83 83 83 83 83 83 83 83 83 83 83 83 83 83 83 83 83 83 83 83 83 83 83 83 83 83 83 83 83 83 83 83 83 83 83 83 83 83 83 83 83 83 83 83 83 83 83 83 83 83 83 83 83 83 83 83 83 83 83 83 83 83 83 83 83 83 83 83 
83 83 83 83 83 83 83 83 83 83 83 83 83 83 83 83 83 83 83 83 83 83 83 83 83 83 83 83 83 83 83 83 83 83 83 83 83 83 83 83 83 83 83 83 83 83 83 83 83 83 83 83 83 83 83 83 83 83 83 83 83 83 83 83 83 83 83 83 83 83 83 83 83 83 83 83 83 83 83 83 
83 83 83 83 83 83 83 83 83 83 83 83 83 83 83 83 83 83 83 83 83 83 83 83 83 83 83 83 83 83 83 83 83 83 83 83 83 83 83 83 83 83 83 83 83 83 83 83 83 83 83 83 83 83 83 83 83 83 83 83 83 83 83 83 83 83 83 83 83 83 83 83 83 83 83 83 83 83 83 83 
83 83 83 83 83 83 83 83 83 83 83 83 83 83 83 83 83 83 83 83 83 83 83 83 83 83 83 83 83 83 83 83 83 83 83 83 83 83 83 83 83 83 83 83 83 83 83 83 83 83 83 83 83 83 83 83 83 83 83 83 83 83 83 83 83 83 83 83 83 83 83 83 83 83 83 83 83 83 83 83 
83 83 83 83 83 83 83 83 83 83 83 83 83 83 83 83 83 83 83 83 83 83 83 83 83 83 83 83 83 83 83 83 83 83 83 83 83 83 83 83 83 83 83 83 83 83 83 83 83 83 83 83 83 83 83 83 83 83 83 83 83 83 83 83 83 83 83 83 83 83 83 83 83 83 83 83 83 83 83 83 
83 83 83 83 83 83 83 83 83 83 83 83 83 83 83 83 83 83 83 83 83 83 83 83 83 83 83 83 83 83 83 83 83 83 83 83 83 83 83 83 83 83 83 83 83 83 83 83 83 83 83 83 83 83 83 83 83 83 83 83 83 83 83 83 83 83 83 83 83 83 83 83 83 83 83 83 83 83 83 83 
83 83 83 83 83 83 83 83 83 83 83 83 83 83 83 83 83 83 83 83 83 83 83 83 83 83 83 83 83 83 83 83 83 83 83 83 83 83 83 83 83 83 83 83 83 83 83 83 83 83 83 83 83 83 83 83 83 83 83 83 83 83 83 83 83 83 83 83 83 83 83 83 83 83 83 83 83 83 83 83 
