69 69 68 68 67 67 66 65 65 64 64 64 63 63 63 62 62 62 61 61 60 60 60 59 59 59 60 60 60 59 59 59 59 59 59 59 59 59 59 59 59 59 59 59 59 59 58 58 58 58 58 58 58 58 58 59 59 59 60 60 60 60 61 61 61 62 62 62 63 63 63 64 64 64 64 64 64 64 63 63 
74 74 73 72 72 71 71 70 70 69 68 68 68 68 67 67 67 66 66 66 65 65 64 64 64 64 64 64 64 64 63 64 64 64 64 64 63 64 63 63 63 64 63 63 63 62 62 62 62 62 62 62 62 62 62 62 63 63 63 63 64 64 64 64 65 65 65 65 66 66 66 67 67 67 67 67 66 66 66 66 
79 79 78 77 77 76 76 75 74 74 73 73 73 72 72 72 72 71 71 70 70 70 69 69 69 69 68 68 68 68 68 68 68 68 68 68 68 68 68 68 68 68 67 67 67 67 67 66 67 66 66 66 66 66 66 66 67 67 67 67 67 68 68 68 68 68 68 69 69 69 70 70 70 70 69 69 69 69 68 68 
84 83 83 83 82 82 81 80 80 79 78 78 77 77 77 77 76 76 76 76 75 75 74 74 74 74 74 73 73 73 73 73 73 73 73 73 73 72 72 72 72 72 72 72 72 71 71 71 71 70 70 71 70 70 71 71 71 71 71 71 71 71 71 71 72 72 72 72 73 72 73 73 73 72 72 72 71 71 71 70 
89 88 88 88 88 87 86 86 85 85 84 83 83 82 82 82 81 81 81 81 80 80 80 80 79 79 79 79 79 79 78 78 78 78 78 77 78 78 78 78 77 77 77 77 76 76 76 76 75 75 75 75 75 74 75 75 75 75 75 75 75 75 75 75 75 76 76 76 76 76 76 76 76 75 74 74 74 74 73 73 
94 94 94 93 93 93 92 91 91 90 90 89 89 88 88 87 87 86 86 86 86 85 85 85 85 85 84 84 84 84 84 83 83 83 83 83 83 83 83 83 82 83 82 82 81 81 81 80 80 80 80 79 79 79 79 79 79 79 79 79 79 79 79 79 79 79 79 80 80 80 79 79 78 78 77 76 76 76 75 75 
100 100 99 99 99 99 98 98 97 96 96 95 95 94 94 93 93 93 92 92 92 92 91 91 91 91 90 90 90 90 89 89 89 89 89 89 89 88 88 88 88 88 88 87 87 86 86 86 85 85 84 84 84 84 84 83 83 84 83 83 83 84 84 83 83 83 83 83 83 83 82 81 81 80 80 79 79 78 78 77 
104 103 103 103 102 102 103 103 103 103 102 102 101 101 100 100 99 99 98 98 98 98 98 97 97 97 97 96 96 96 96 95 95 95 95 94 94 94 94 93 93 94 93 93 93 92 92 91 91 90 90 89 89 89 88 88 88 88 88 88 88 88 88 87 87 87 87 87 87 86 85 84 84 83 82 81 81 81 80 79 
105 104 104 104 103 103 103 104 103 103 103 103 103 103 104 104 104 104 104 104 104 104 104 104 104 103 103 103 102 102 102 102 101 101 101 101 100 100 100 100 100 100 99 99 98 98 97 97 96 96 95 95 94 94 93 93 93 93 92 92 92 92 92 91 91 91 91 91 90 89 88 87 86 86 85 84 83 83 82 81 
105 105 105 105 104 104 104 104 105 104 104 104 104 104 104 104 104 104 104 104 104 104 104 104 104 104 104 104 104 104 104 104 104 104 104 104 104 104 104 104 104 105 105 105 104 104 103 103 102 101 101 100 100 99 98 98 98 97 97 97 96 96 96 96 96 95 95 94 93 92 91 90 89 88 87 86 86 85 84 83 
107 107 106 106 106 105 105 105 105 105 105 105 105 105 105 104 104 104 104 104 104 104 104 104 104 104 104 104 104 104 104 104 104 104 104 104 104 104 104 104 104 104 105 105 105 105 105 105 104 104 104 104 104 104 104 104 103 103 102 102 101 101 101 100 100 99 98 97 96 95 94 93 92 91 90 89 88 87 86 85 
108 108 107 107 107 107 106 106 106 106 106 106 105 105 105 105 105 105 105 105 104 104 104 104 104 104 104 104 104 104 104 104 104 104 104 104 104 104 104 104 104 105 105 105 105 105 105 104 104 104 104 104 104 104 104 103 103 103 103 103 102 102 102 102 101 100 100 99 98 96 96 95 93 93 92 91 90 89 88 86 
109 109 108 108 108 108 107 107 107 106 106 107 107 106 106 106 106 106 106 105 105 105 105 104 104 104 105 105 104 104 104 104 104 104 104 104 104 104 104 104 104 105 105 105 105 104 104 104 104 104 104 104 104 103 103 103 103 103 103 103 102 102 102 102 100 100 99 98 97 96 95 94 93 92 91 91 90 89 87 86 
110 110 109 109 109 109 108 108 108 108 108 107 108 108 107 107 106 106 106 106 106 106 105 105 105 105 104 104 104 104 104 104 104 104 104 104 104 104 104 104 104 104 104 104 104 104 104 104 104 104 104 104 103 103 103 103 103 103 103 102 102 102 102 101 100 99 98 97 96 95 94 93 92 92 91 90 89 88 87 86 
111 111 111 110 110 110 110 109 109 109 109 109 109 109 108 108 107 107 107 106 106 106 105 105 105 105 104 104 104 104 104 104 104 104 104 104 104 104 104 103 103 104 104 104 104 104 104 104 104 103 103 103 103 103 103 103 103 103 103 102 102 102 101 100 99 98 97 96 95 94 93 92 92 91 90 89 88 87 86 85 
111 111 111 111 111 111 111 111 111 111 110 110 110 109 109 109 109 108 108 107 107 107 106 106 106 105 105 105 104 105 105 104 104 104 104 104 104 104 103 103 103 104 104 104 103 103 103 103 103 103 103 103 103 103 103 103 103 103 103 102 102 101 100 99 98 97 97 95 94 93 93 92 91 90 89 88 87 86 86 85 
111 111 111 111 111 111 110 110 110 110 110 110 110 109 109 109 109 109 108 108 108 107 107 106 106 106 105 105 105 105 105 104 104 104 104 104 104 104 103 103 103 104 103 103 103 103 103 103 103 103 103 103 103 103 103 103 103 103 103 102 101 100 99 98 98 97 96 95 94 93 92 91 90 90 89 88 87 86 85 84 
110 110 110 110 110 110 110 110 110 110 110 110 110 109 109 109 109 109 109 108 108 108 107 107 107 106 106 105 105 105 105 104 104 104 104 104 104 104 103 103 103 103 103 103 103 103 103 103 103 103 103 103 103 103 103 103 103 103 102 102 101 100 99 98 97 96 95 94 94 93 92 91 90 89 88 87 87 86 85 84 
109 109 109 109 109 109 109 109 109 109 109 109 109 109 109 109 109 109 109 108 108 108 108 107 107 107 106 106 106 105 105 105 104 104 104 104 104 103 103 103 102 103 103 102 102 102 102 102 102 102 102 102 102 102 102 102 102 102 102 101 100 99 98 97 96 96 95 94 93 92 91 91 90 89 88 87 87 86 85 84 
106 107 108 108 108 108 108 108 108 108 108 109 109 109 109 109 108 108 109 108 108 108 108 107 107 107 107 106 106 106 105 105 105 104 104 104 103 103 103 102 102 102 102 102 101 101 101 100 100 100 100 100 100 100 100 100 100 99 98 97 96 95 94 94 93 92 92 91 90 90 89 89 88 88 87 87 87 86 85 84 
105 106 106 106 106 107 107 107 107 107 107 108 108 108 108 108 108 108 108 108 108 108 108 108 107 107 107 107 107 106 106 105 105 104 104 104 103 102 102 102 101 101 101 101 100 100 99 99 98 98 98 97 97 97 97 97 96 95 94 93 92 91 90 90 89 88 88 87 86 85 85 85 84 84 83 83 83 83 82 82 
103 104 104 105 105 105 105 105 105 105 105 105 105 106 106 106 106 106 106 106 107 107 107 107 107 107 107 107 107 107 106 105 105 105 104 103 103 102 102 101 101 101 100 99 99 98 98 97 96 96 95 94 94 94 93 93 92 91 90 89 88 87 86 85 85 84 83 82 82 81 81 81 80 80 80 79 79 79 78 78 
102 103 103 103 104 104 104 104 104 103 103 103 103 103 103 103 103 103 103 104 104 105 105 106 106 106 106 106 106 106 106 105 105 104 104 103 103 102 102 101 100 100 99 98 97 96 95 94 93 93 92 91 91 90 89 88 87 87 85 84 83 82 81 80 79 79 78 78 78 77 77 77 76 76 76 76 75 75 75 74 
103 103 103 103 102 102 102 102 102 102 101 101 101 101 101 100 100 100 100 100 101 101 102 103 104 104 105 106 106 106 106 105 105 104 104 103 103 102 102 101 101 100 99 98 97 95 95 94 92 92 90 89 89 87 86 85 84 82 81 80 78 77 76 75 74 73 73 73 73 73 73 73 72 72 72 72 72 71 71 72 
105 106 105 104 103 103 102 102 101 101 100 99 98 97 96 95 95 94 94 93 95 96 97 99 100 102 102 104 105 106 106 105 105 104 104 103 103 102 102 102 101 100 99 97 96 95 94 92 91 90 89 87 86 85 84 82 81 79 78 77 76 74 73 72 71 71 71 71 70 70 70 69 69 69 69 69 68 69 70 71 
100 104 108 108 108 107 106 105 105 104 103 102 99 98 96 94 93 92 90 89 88 89 91 93 94 96 98 96 98 99 100 101 101 101 102 102 102 102 102 102 101 100 98 97 95 94 92 91 89 88 87 85 84 82 80 79 78 77 75 73 72 71 70 70 69 69 69 68 68 68 68 67 67 67 67 68 70 71 72 73 
85 89 93 97 101 100 100 100 100 100 99 99 98 97 95 92 91 88 86 83 81 80 83 85 87 89 91 93 95 96 98 99 100 101 101 102 102 103 104 104 104 103 102 101 100 99 97 96 94 93 91 89 87 85 82 80 78 74 72 70 68 68 68 68 67 67 66 66 66 66 66 66 66 68 69 70 72 73 74 76 
65 70 76 81 85 90 92 92 93 93 93 93 92 93 92 90 89 87 85 83 81 79 80 81 83 84 86 88 90 91 93 94 95 97 98 99 101 102 103 104 104 104 103 103 102 102 101 100 99 97 95 93 91 89 87 85 83 80 78 76 75 74 73 72 71 70 69 69 68 67 67 69 70 72 73 75 77 78 80 81 
45 47 49 52 52 52 52 52 52 52 52 52 52 52 52 52 52 52 52 52 52 52 52 52 52 52 52 52 52 52 52 52 52 52 52 52 52 52 52 52 52 52 52 52 52 52 52 52 52 52 52 52 52 52 52 52 52 52 52 52 52 52 52 52 52 52 52 52 52 52 52 52 52 52 52 52 52 52 52 52 
38 41 44 47 50 53 56 59 63 67 71 75 79 80 81 81 82 83 84 85 86 86 87 87 88 89 91 92 93 94 95 97 99 101 103 103 101 98 94 91 88 85 82 79 77 76 75 74 74 74 73 72 71 71 71 72 74 75 76 77 79 80 80 81 80 80 79 79 79 62 55 50 51 49 47 46 44 43 43 44 
45 45 44 43 43 44 45 47 49 52 55 55 55 55 55 55 55 55 55 55 55 55 55 55 55 55 55 55 55 55 55 55 55 55 55 55 55 55 55 55 55 55 55 55 55 55 55 55 55 55 55 55 55 55 55 55 55 55 55 55 55 55 55 55 55 55 55 55 55 55 55 55 55 55 55 55 55 55 55 55 
40 37 35 33 32 34 36 37 38 38 39 42 45 47 49 50 50 49 48 46 44 42 39 39 38 38 36 36 35 33 33 32 31 30 29 28 27 27 27 27 27 27 27 27 27 27 27 27 27 28 28 28 27 27 27 27 27 27 59 77 74 70 67 55 49 56 59 53 53 55 55 55 55 55 55 55 55 55 55 55 
55 55 55 55 55 55 55 55 55 55 55 55 55 55 55 55 55 55 55 55 55 55 55 55 55 55 55 55 55 55 55 55 55 55 55 55 55 55 55 55 55 55 55 55 55 55 55 55 55 55 55 55 55 55 55 55 55 55 55 55 55 55 55 55 55 55 55 55 55 55 55 55 55 55 55 55 55 55 55 55 
44 46 48 50 52 54 56 57 57 56 56 56 56 56 56 56 56 56 56 56 56 56 56 56 56 56 56 56 56 56 56 56 56 56 56 56 56 56 56 56 56 56 56 56 56 56 56 56 56 56 56 56 56 56 56 56 56 56 56 56 56 56 56 56 56 56 56 56 56 56 56 56 56 56 56 56 56 56 56 56 
70 74 78 82 86 89 91 93 96 99 103 105 106 107 108 109 111 111 109 105 101 97 92 86 81 75 46 0 0 0 1 0 0 1 30 76 76 75 72 75 74 83 85 89 82 72 72 73 70 73 75 76 75 80 80 70 62 59 57 49 49 56 58 58 58 58 58 58 58 58 58 58 58 58 58 58 58 58 58 58 
110 109 108 108 108 108 107 105 104 102 100 97 95 91 87 69 3 0 0 0 1 0 0 1 1 0 0 0 13 75 76 77 75 72 74 81 85 86 84 82 80 78 76 72 70 72 71 73 75 77 78 77 74 69 68 71 77 85 89 91 100 103 103 104 104 104 105 105 106 106 105 105 105 106 107 106 106 107 108 109 
110 110 109 107 106 104 103 100 96 94 92 89 85 81 77 64 4 1 0 0 0 1 1 1 0 0 0 0 0 0 12 74 76 76 75 78 81 84 87 91 89 82 78 73 69 65 63 56 42 54 59 62 64 72 82 72 66 65 70 80 89 100 107 109 110 110 109 108 108 108 108 108 108 107 107 106 104 102 101 101 
101 102 102 102 102 102 101 99 97 94 91 89 87 85 83 69 3 0 0 0 1 1 1 1 0 0 0 0 0 0 0 0 13 74 75 74 78 80 80 84 95 99 95 89 83 76 67 67 59 58 57 57 57 57 57 57 57 57 57 57 57 57 57 57 57 57 57 57 57 57 57 57 57 57 57 57 57 57 57 57 
89 87 85 83 83 1 0 0 0 1 1 1 1 2 1 0 1 0 0 0 0 0 0 0 0 0 73 74 75 78 81 82 88 88 90 93 96 116 117 79 69 53 53 53 55 61 59 62 65 69 74 69 64 58 49 39 37 48 58 66 74 83 90 97 106 112 109 106 103 101 99 97 95 94 93 92 90 90 91 92 
91 91 91 91 75 0 0 0 0 0 0 1 1 1 0 0 0 0 0 0 0 0 0 0 0 0 0 12 74 75 84 98 84 89 86 85 89 96 96 109 114 106 82 59 47 49 50 49 66 75 74 89 92 89 85 75 64 53 44 40 45 51 57 63 70 76 81 84 86 86 85 84 82 77 78 83 86 89 92 93 
94 95 94 92 77 1 0 0 0 0 0 1 1 1 1 0 0 0 0 0 0 0 0 0 0 0 0 0 0 13 76 80 81 84 90 87 84 82 82 87 87 89 95 100 91 72 54 41 45 52 52 52 52 52 52 52 52 52 52 52 52 52 52 52 52 52 52 52 52 52 52 52 52 52 52 52 52 52 52 52 
1 1 0 1 1 0 0 0 0 0 0 0 0 0 0 1 1 0 0 1 0 0 76 77 80 81 75 82 82 82 80 61 74 75 61 60 67 70 70 59 51 45 44 44 51 55 54 54 52 44 39 36 36 34 32 30 35 40 46 50 54 58 62 62 62 62 62 62 62 62 62 62 62 62 62 62 62 62 62 62 
0 0 0 0 0 1 1 0 0 0 0 0 0 0 30 74 77 78 74 74 77 84 88 75 72 61 65 77 82 72 80 80 80 79 79 79 53 55 57 54 50 48 43 42 41 41 41 41 41 41 41 41 41 41 41 41 41 41 41 41 41 41 41 41 41 41 41 41 41 41 41 41 41 41 41 41 41 41 41 41 
0 0 0 0 1 0 14 78 76 73 75 78 76 77 91 105 76 78 80 80 80 80 80 80 80 80 79 79 79 79 79 79 79 86 64 67 64 60 62 77 94 109 116 116 118 118 116 110 102 93 85 79 67 4 1 0 0 0 2 1 1 0 0 0 0 0 0 0 0 0 0 0 0 0 0 1 0 0 0 0 
0 0 0 0 1 1 1 15 79 73 71 74 77 79 80 85 80 80 80 80 80 80 80 80 80 80 80 80 79 79 79 79 79 79 79 79 79 85 85 85 85 85 85 85 85 85 85 85 85 85 85 85 85 85 85 85 85 85 85 85 85 85 85 85 85 85 85 85 85 85 85 85 85 85 85 85 85 85 85 85 
80 78 72 75 77 81 81 81 80 80 80 80 80 80 80 80 80 80 80 80 80 80 80 79 79 79 79 79 79 79 79 79 79 79 78 84 86 87 87 80 72 20 3 1 0 0 0 0 0 0 0 0 2 1 0 0 1 0 0 0 0 1 0 0 0 0 0 1 1 0 1 2 0 0 0 1 2 0 0 0 
1 79 79 81 82 81 81 81 81 81 80 80 80 80 80 80 80 80 80 80 80 80 80 80 80 79 79 79 79 79 79 79 79 79 79 79 79 79 60 20 21 22 2 1 0 0 0 0 0 0 0 1 2 1 0 0 1 0 1 0 0 1 0 0 0 0 0 1 1 0 1 2 1 1 0 1 2 1 0 0 
1 0 79 80 59 81 81 81 81 81 81 81 80 80 80 80 80 80 80 80 80 80 80 80 80 80 80 79 79 79 79 79 79 79 79 79 79 79 20 21 22 22 1 0 0 1 1 0 0 0 0 1 2 1 0 0 1 1 1 1 0 0 0 0 0 0 0 2 1 0 0 1 1 1 1 0 1 1 0 0 
1 1 0 77 64 81 81 81 81 81 81 81 81 81 80 80 80 80 80 80 80 80 80 80 80 80 80 80 80 79 79 79 79 79 79 79 20 21 22 22 22 22 1 0 1 1 1 0 0 0 0 1 2 1 0 0 1 1 2 1 0 0 0 0 0 0 0 2 1 0 0 0 2 2 1 0 1 2 1 0 
1 1 0 0 69 81 81 81 81 81 81 81 81 81 81 81 80 80 80 80 80 80 80 80 80 80 80 80 80 80 80 79 79 79 79 20 21 22 22 22 22 22 0 1 1 1 1 1 0 0 0 1 1 1 0 0 1 1 1 0 0 0 0 0 0 0 0 1 1 1 1 1 1 1 1 1 1 1 1 0 
0 0 0 0 81 82 82 81 81 81 81 81 81 81 81 81 81 81 80 80 80 80 80 80 80 80 80 80 80 80 80 80 80 50 50 50 50 50 50 50 50 50 50 50 50 50 50 50 50 50 50 50 50 50 50 50 50 50 50 50 50 50 50 50 50 50 50 50 50 50 50 50 50 50 50 50 50 50 50 50 
81 81 81 81 81 81 81 81 81 81 81 80 80 80 80 80 80 80 80 80 51 20 21 22 22 22 22 22 22 22 21 9 1 1 1 1 1 1 1 1 1 0 0 4 8 3 1 0 0 0 0 0 0 0 0 3 1 0 0 0 1 1 0 0 0 1 2 1 1 2 0 0 31 70 82 82 82 82 82 82 
82 81 81 81 81 81 81 81 81 81 81 81 80 80 80 80 80 80 80 81 81 81 81 81 81 81 81 81 81 81 81 81 81 81 81 81 81 81 81 81 81 81 81 81 81 81 81 81 81 81 81 81 81 81 81 81 81 81 81 81 81 81 81 81 81 81 81 81 81 81 81 81 81 81 81 81 81 81 81 81 
81 81 81 81 81 80 82 82 82 82 82 82 82 82 82 82 82 82 82 82 82 82 82 82 82 82 82 82 82 82 82 82 82 82 82 82 82 82 82 82 82 82 82 82 82 82 82 82 82 82 82 82 82 82 82 82 82 82 82 82 82 82 82 82 82 82 82 82 82 82 82 82 82 82 82 82 82 82 82 82 
22 36 34 37 35 35 35 35 35 35 35 35 35 35 35 35 35 35 35 35 35 35 35 35 35 35 35 35 35 35 35 35 35 35 35 35 35 35 35 35 35 35 35 35 35 35 35 35 35 35 35 35 35 35 35 35 35 35 35 35 35 35 35 35 35 35 35 35 35 35 35 35 35 35 35 35 35 35 35 35 
1 0 1 3 2 1 1 0 0 0 1 1 1 0 0 0 2 3 0 0 2 2 2 0 0 0 1 2 3 2 0 0 0 0 0 1 2 2 1 3 65 84 84 84 84 84 83 83 83 83 83 83 83 82 82 82 82 82 82 82 82 83 83 83 83 83 83 83 83 83 83 83 83 83 83 83 83 83 83 83 
55 8 1 28 28 2 3 1 16 16 5 5 0 0 0 42 58 17 14 55 42 0 1 1 1 1 1 1 0 30 70 85 85 84 84 84 84 84 83 83 83 83 83 83 83 83 82 82 82 51 20 21 22 22 22 22 22 22 21 20 20 20 20 20 20 20 20 20 20 20 20 20 20 20 20 20 20 20 20 20 
1 0 0 0 0 1 1 1 1 0 0 1 2 2 1 0 0 1 0 3 85 85 85 85 85 84 84 84 84 84 84 83 83 83 83 83 83 83 19 21 22 22 22 22 22 22 22 22 22 22 22 22 22 22 22 22 22 22 22 22 22 22 22 22 22 22 22 22 22 22 22 22 22 22 22 22 22 22 22 22 
0 1 0 102 1 0 1 1 0 77 86 86 86 85 85 85 85 85 84 84 84 84 84 84 83 83 20 21 22 22 22 22 22 22 20 21 21 21 21 21 21 21 21 21 21 21 21 21 21 21 21 21 21 21 21 21 21 21 21 21 21 21 21 21 21 21 21 21 21 21 21 21 21 21 21 21 21 21 21 21 
21 21 21 21 21 21 21 21 21 21 21 21 21 21 21 21 21 21 21 21 21 21 21 21 21 21 21 21 21 21 21 21 21 21 21 21 21 21 21 21 21 21 21 21 21 21 21 21 21 21 21 21 21 21 21 21 21 21 21 21 21 21 21 21 21 21 21 21 21 21 21 21 21 21 21 21 21 21 21 21 
21 21 21 21 21 21 21 21 21 21 21 21 21 21 21 21 21 21 21 21 21 21 21 21 21 21 21 21 21 21 21 21 21 21 21 21 21 21 21 21 21 21 21 21 21 21 21 21 21 21 21 21 21 21 21 21 21 21 21 21 21 21 21 21 21 21 21 21 21 21 21 21 21 21 21 21 21 21 21 21 
21 21 21 21 21 21 21 21 21 21 21 21 21 21 21 21 21 21 21 21 21 21 21 21 21 21 21 21 21 21 21 21 21 21 21 21 21 21 21 21 21 21 21 21 21 21 21 21 21 21 21 21 21 21 21 21 21 21 21 21 21 21 21 21 21 21 21 21 21 21 21 21 21 21 21 21 21 21 21 21 
21 21 21 21 21 21 21 21 21 21 21 21 21 21 21 21 21 21 21 21 21 21 21 21 21 21 21 21 21 21 21 21 21 21 21 21 21 21 21 21 21 21 21 21 21 21 21 21 21 21 21 21 21 21 21 21 21 21 21 21 21 21 21 21 21 21 21 21 21 21 21 21 21 21 21 21 21 21 21 21 
21 21 21 21 21 21 21 21 21 21 21 21 21 21 21 21 21 21 21 21 21 21 21 21 21 21 21 21 21 21 21 21 21 21 21 21 21 21 21 21 21 21 21 21 21 21 21 21 21 21 21 21 21 21 21 21 21 21 21 21 21 21 21 21 21 21 21 21 21 21 21 21 21 21 21 21 21 21 21 21 
21 21 21 21 21 21 21 21 21 21 21 21 21 21 21 21 21 21 21 21 21 21 21 21 21 21 21 21 21 21 21 21 21 21 21 21 21 21 21 21 21 21 21 21 21 21 21 21 21 21 21 21 21 21 21 21 21 21 21 21 21 21 21 21 21 21 21 21 21 21 21 21 21 21 21 21 21 21 21 21 
21 21 21 21 21 21 21 21 21 21 21 21 21 21 21 21 21 21 21 21 21 21 21 21 21 21 21 21 21 21 21 21 21 21 21 21 21 21 21 21 21 21 21 21 21 21 21 21 21 21 21 21 21 21 21 21 21 21 21 21 21 21 21 21 21 21 21 21 21 21 21 21 21 21 21 21 21 21 21 21 
21 21 21 21 21 21 21 21 21 21 21 21 21 21 21 21 21 21 21 21 21 21 21 21 21 21 21 21 21 21 21 21 21 21 21 21 21 21 21 21 21 21 21 21 21 21 21 21 21 21 21 21 21 21 21 21 21 21 21 21 21 21 21 21 21 21 21 21 21 21 21 21 21 21 21 21 21 21 21 21 
21 21 21 21 21 21 21 21 21 21 21 21 21 21 21 21 21 21 21 21 21 21 21 21 21 21 21 21 21 21 21 21 21 21 21 21 21 21 21 21 21 21 21 21 21 21 21 21 21 21 21 21 21 21 21 21 21 21 21 21 21 21 21 21 21 21 21 21 21 21 21 21 21 21 21 21 21 21 21 21 
21 21 21 21 21 21 21 21 21 21 21 21 21 21 21 21 21 21 21 21 21 21 21 21 21 21 21 21 21 21 21 21 21 21 21 21 21 21 21 21 21 21 21 21 21 21 21 21 21 21 21 21 21 21 21 21 21 21 21 21 21 21 21 21 21 21 21 21 21 21 21 21 21 21 21 21 21 21 21 21 
21 21 21 21 21 21 21 21 21 21 21 21 21 21 21 21 21 21 21 21 21 21 21 21 21 21 21 21 21 21 21 21 21 21 21 21 21 21 21 21 21 21 21 21 21 21 21 21 21 21 21 21 21 21 21 21 21 21 21 21 21 21 21 21 21 21 21 21 21 21 21 21 21 21 21 21 21 21 21 21 
21 21 21 21 21 21 21 21 21 21 21 21 21 21 21 21 21 21 21 21 21 21 21 21 21 21 21 21 21 21 21 21 21 21 21 21 21 21 21 21 21 21 21 21 21 21 21 21 21 21 21 21 21 21 21 21 21 21 21 21 21 21 21 21 21 21 21 21 21 21 21 21 21 21 21 21 21 21 21 21 
21 21 21 21 21 21 21 21 21 21 21 21 21 21 21 21 21 21 21 21 21 21 21 21 21 21 21 21 21 21 21 21 21 21 21 21 21 21 21 21 21 21 21 21 21 21 21 21 21 21 21 21 21 21 21 21 21 21 21 21 21 21 21 21 21 21 21 21 21 21 21 21 21 21 21 21 21 21 21 21 
21 21 21 21 21 21 21 21 21 21 21 21 21 21 21 21 21 21 21 21 21 21 21 21 21 21 21 21 21 21 21 21 21 21 21 21 21 21 21 21 21 21 21 21 21 21 21 21 21 21 21 21 21 21 21 21 21 21 21 21 21 21 21 21 21 21 21 21 21 21 21 21 21 21 21 21 21 21 21 21 
21 21 21 21 21 21 21 21 21 21 21 21 21 21 21 21 21 21 21 21 21 21 21 21 21 21 21 21 21 21 21 21 21 21 21 21 21 21 21 21 21 21 21 21 21 21 21 21 21 21 21 21 21 21 21 21 21 21 21 21 21 21 21 21 21 21 21 21 21 21 21 21 21 21 21 21 21 21 21 21 
21 21 21 21 21 21 21 21 21 21 21 21 21 21 21 21 21 21 21 21 21 21 21 21 21 21 21 21 21 21 21 21 21 21 21 21 21 21 21 21 21 21 21 21 21 21 21 21 21 21 21 21 21 21 21 21 21 21 21 21 21 21 21 21 21 21 21 21 21 21 21 21 21 21 21 21 21 21 21 21 
21 21 21 21 21 21 21 21 21 21 21 21 21 21 21 21 21 21 21 21 21 21 21 21 21 21 21 21 21 21 21 21 21 21 21 21 21 21 21 21 21 21 21 21 21 21 21 21 21 21 21 21 21 21 21 21 21 21 21 21 21 21 21 21 21 21 21 21 21 21 21 21 21 21 21 21 21 21 21 21 
21 21 21 21 21 21 21 21 21 21 21 21 21 21 21 21 21 21 21 21 21 21 21 21 21 21 21 21 21 21 21 21 21 21 21 21 21 21 21 21 21 21 21 21 21 21 21 21 21 21 21 21 21 21 21 21 21 21 21 21 21 21 21 21 21 21 21 21 21 21 21 21 21 21 21 21 21 21 21 21 
21 21 21 21 21 21 21 21 21 21 21 21 21 21 21 21 21 21 21 21 21 21 21 21 21 21 21 21 21 21 21 21 21 21 21 21 21 21 21 21 21 21 21 21 21 21 21 21 21 21 21 21 21 21 21 21 21 21 21 21 21 21 21 21 21 21 21 21 21 21 21 21 21 21 21 21 21 21 21 21 
21 21 21 21 21 21 21 21 21 21 21 21 21 21 21 21 21 21 21 21 21 21 21 21 21 21 21 21 21 21 21 21 21 21 21 21 21 21 21 21 21 21 21 21 21 21 21 21 21 21 21 21 21 21 21 21 21 21 21 21 21 21 21 21 21 21 21 21 21 21 21 21 21 21 21 21 21 21 21 21 
21 21 21 21 21 21 21 21 21 21 21 21 21 21 21 21 21 21 21 21 21 21 21 21 21 21 21 21 21 21 21 21 21 21 21 21 21 21 21 21 21 21 21 21 21 21 21 21 21 21 21 21 21 21 21 21 21 21 21 21 21 21 21 21 21 21 21 21 21 21 21 21 21 21 21 21 21 21 21 21 
