0 0 0 1 2 0 0 0 1 1 3 1 0 0 1 1 1 2 2 0 2 1 0 1 0 1 0 0 1 1 2 1 0 0 0 0 0 0 1 2 1 1 1 1 0 0 0 0 0 0 0 2 2 1 1 1 1 1 1 1 1 0 0 1 1 0 0 0 0 0 0 0 1 2 3 1 0 0 1 1 
0 0 0 1 2 0 0 0 1 1 3 2 0 0 1 2 1 0 0 0 2 1 0 1 0 1 0 0 1 1 2 1 0 0 0 0 0 0 1 2 1 2 1 0 0 0 0 0 0 0 0 2 2 1 1 1 1 1 1 2 0 0 0 1 1 0 0 0 0 0 0 0 1 3 4 0 0 0 0 1 
0 0 0 1 1 0 0 0 0 1 2 1 0 0 1 1 1 0 0 1 1 1 0 0 0 0 0 0 1 1 1 0 0 0 0 0 0 0 1 1 1 1 1 0 0 0 0 0 0 0 0 1 1 1 1 1 0 0 1 1 0 0 0 1 1 0 0 0 0 0 0 0 0 2 3 0 0 0 0 0 
0 0 0 1 1 0 0 0 0 0 0 0 0 0 1 0 0 0 0 1 0 1 0 0 0 0 0 0 1 1 0 0 0 0 0 0 0 0 0 0 1 1 1 0 0 0 1 0 0 0 0 1 1 1 1 0 0 0 0 0 0 0 0 1 2 0 1 0 0 0 0 0 0 1 2 0 0 0 0 0 
0 0 0 1 1 0 0 0 0 0 0 0 0 0 1 0 0 1 1 1 0 0 0 0 0 0 1 1 1 1 0 0 0 0 0 0 0 0 1 0 1 1 0 0 0 0 1 1 0 0 1 1 1 1 1 0 0 0 0 0 0 0 1 1 2 0 0 0 0 1 0 0 0 0 1 0 0 0 0 0 
0 0 0 1 1 0 1 1 0 0 0 0 0 0 0 0 0 2 3 0 0 0 0 0 0 0 1 1 0 0 1 0 0 0 0 0 0 1 1 1 1 1 0 0 0 0 1 1 0 0 1 1 1 1 0 0 0 0 0 0 0 1 1 1 1 0 0 0 0 1 0 0 0 0 1 1 0 0 0 1 
0 0 0 0 1 0 1 1 1 0 0 1 0 0 0 0 0 3 4 0 0 0 0 0 0 0 2 1 0 0 1 0 0 0 0 0 0 1 2 1 1 0 0 0 0 0 1 1 1 0 2 1 0 1 0 0 1 0 0 0 0 1 1 1 1 0 0 0 1 2 0 0 0 0 0 1 0 0 0 1 
0 0 0 0 0 0 1 1 0 0 0 0 0 0 0 0 0 4 5 0 0 1 1 1 1 0 1 1 0 0 0 1 1 0 0 0 0 1 1 0 0 0 0 0 0 0 1 1 0 0 1 0 0 0 0 0 0 0 0 0 0 1 1 1 1 1 1 0 0 1 0 0 0 0 0 0 0 0 0 0 
0 0 0 0 0 0 0 0 0 0 0 0 0 1 1 0 0 5 7 1 0 1 2 2 2 0 0 0 0 0 0 2 1 0 0 0 0 1 1 0 0 1 0 0 1 1 0 0 0 0 1 0 0 0 0 0 0 0 0 0 0 0 1 1 2 1 2 1 0 0 0 0 0 0 1 0 0 0 0 0 
0 0 0 0 0 0 0 0 0 0 0 0 0 1 1 0 0 4 6 1 0 2 3 3 2 0 0 0 0 0 1 2 1 0 0 0 0 1 0 0 0 1 1 1 1 1 0 0 0 0 1 0 0 1 0 0 0 0 0 0 0 0 0 1 1 1 1 1 0 0 0 0 0 0 1 0 0 0 1 2 
0 0 0 1 1 0 0 0 0 1 1 0 0 0 0 0 0 2 3 0 1 2 4 4 1 0 0 0 0 0 3 2 1 0 1 0 1 1 0 0 0 1 1 1 0 0 1 1 0 0 0 0 1 2 1 0 0 0 0 0 0 0 0 0 1 0 1 0 0 0 0 0 0 0 1 0 0 0 1 4 
1 0 0 1 1 0 0 0 0 1 1 0 0 0 0 0 10 1 1 0 1 3 5 4 1 0 0 0 0 1 4 2 0 0 1 0 1 1 0 0 0 1 1 1 0 0 1 1 1 0 0 0 1 2 1 0 0 0 0 0 0 0 0 0 0 0 0 0 0 0 0 1 0 0 1 0 1 1 2 6 
0 0 0 0 0 0 0 0 0 1 1 0 0 0 0 0 27 0 1 0 1 3 5 4 1 0 0 1 1 1 2 1 0 1 2 0 1 1 0 0 0 0 1 1 1 0 1 1 0 1 1 0 1 1 0 0 0 0 0 0 1 0 0 0 0 0 1 1 0 0 1 1 0 0 0 0 1 1 1 3 
0 0 0 0 0 0 0 0 0 0 0 0 0 0 0 6 37 0 0 0 2 4 4 2 0 0 1 2 2 1 1 0 0 1 2 0 0 1 0 0 0 0 1 1 1 0 1 0 0 1 1 0 0 0 0 0 0 0 0 0 1 0 0 0 0 0 1 0 0 0 1 0 0 0 0 0 1 0 0 1 
0 0 0 0 0 0 0 0 1 0 0 0 0 0 0 8 44 9 0 0 2 4 3 1 0 0 1 1 1 0 0 0 0 1 1 0 0 0 0 0 0 0 0 1 1 0 0 0 0 1 2 0 0 0 0 0 1 0 0 0 1 0 0 0 0 0 2 1 0 0 1 0 0 0 0 0 1 1 1 2 
1 1 1 0 0 0 0 0 1 1 0 0 0 0 1 2 2 9 0 0 1 3 2 0 0 0 0 1 1 1 0 0 0 0 0 0 0 0 0 0 0 0 0 1 1 0 0 0 1 2 3 0 0 0 1 1 2 1 0 1 1 0 0 1 0 0 1 1 0 0 1 0 0 0 0 0 1 1 2 3 
1 1 1 0 0 0 0 0 1 1 0 0 0 0 1 3 2 18 66 38 16 2 1 0 0 0 0 0 0 0 0 0 0 0 0 0 0 0 0 0 0 0 0 0 1 0 0 0 1 2 4 1 0 1 1 2 3 1 0 1 1 1 1 1 0 0 1 2 1 0 1 0 0 0 0 0 1 1 3 3 
1 1 1 1 0 0 0 0 1 1 1 0 0 0 1 3 2 18 66 29 16 1 1 1 1 0 0 0 0 0 0 0 0 0 0 0 0 0 0 0 0 1 1 1 1 1 0 0 0 1 2 0 0 0 1 1 1 0 0 1 0 0 1 1 0 0 1 2 1 0 0 0 0 0 0 0 0 1 2 2 
0 0 0 1 1 0 0 0 0 0 0 1 0 0 1 3 2 9 12 25 15 0 9 56 2 1 0 0 1 0 0 0 0 0 1 0 0 0 0 0 0 2 2 2 1 1 0 0 0 0 1 0 0 0 0 1 1 0 0 0 0 0 2 3 0 0 2 1 0 0 0 0 0 0 0 0 0 1 1 0 
0 0 0 1 1 1 0 0 0 0 0 1 0 0 2 1 8 9 13 14 10 2 30 14 1 1 0 0 1 0 0 0 0 1 1 1 0 0 0 0 1 2 2 1 1 1 0 0 0 0 0 0 0 0 0 1 1 1 1 0 0 1 2 1 0 1 2 1 0 0 0 0 0 0 1 1 1 1 0 0 
0 0 1 3 2 1 0 0 0 0 0 0 0 0 2 1 9 9 10 11 9 60 18 1 1 1 0 1 1 0 0 1 1 0 1 1 1 0 0 0 1 2 2 1 0 0 0 0 0 0 0 0 0 0 0 0 1 2 2 0 0 1 2 2 0 2 1 1 1 1 0 0 0 1 3 1 1 1 1 0 
0 0 1 3 2 1 0 0 0 0 0 0 0 0 1 0 11 9 9 10 9 44 9 0 0 1 0 0 1 0 0 1 1 0 1 2 1 0 0 0 1 1 1 0 0 0 0 0 0 0 0 0 0 0 1 0 1 2 3 0 1 1 1 2 0 2 1 0 1 1 0 0 1 2 3 2 1 1 1 0 
0 0 1 2 1 1 0 0 0 0 0 1 1 1 1 1 16 9 9 9 9 31 9 0 0 0 0 0 0 0 0 1 1 0 1 1 0 0 0 0 0 1 1 0 0 0 0 0 1 1 1 0 0 0 4 1 1 2 2 1 1 1 1 1 1 2 2 1 0 0 0 1 2 3 3 1 0 1 2 0 
0 0 1 1 0 1 1 1 0 0 1 1 2 2 1 2 22 9 9 9 9 20 9 0 0 0 0 0 0 0 0 1 1 0 1 0 0 0 0 0 0 0 0 0 1 0 0 1 3 2 1 0 0 1 7 2 1 1 1 1 1 1 0 0 1 3 3 1 0 0 1 2 4 4 2 0 0 1 3 0 
1 1 1 1 0 0 1 1 0 0 0 1 1 1 1 1 27 9 9 9 9 10 10 10 10 10 10 10 10 10 10 10 10 10 10 10 10 10 10 10 10 10 10 10 10 10 10 10 10 10 10 10 10 10 10 10 10 10 10 10 10 10 10 10 10 10 10 10 10 10 10 10 10 10 10 10 10 10 10 10 
0 0 0 0 0 23 25 20 20 20 20 20 20 20 20 20 20 20 20 20 20 20 20 20 20 20 20 20 20 20 20 20 20 20 20 20 20 20 20 20 20 20 20 20 20 20 20 20 20 20 20 20 20 20 20 20 20 20 20 20 20 20 20 20 20 20 20 20 20 20 20 20 20 20 20 20 20 20 20 20 
8 0 0 0 1 1 1 1 0 0 1 1 0 0 0 0 1 1 0 0 0 0 0 0 0 0 1 1 1 1 1 1 1 0 0 0 0 1 3 2 2 1 0 0 1 1 1 1 1 0 0 0 1 2 1 1 1 3 14 4 4 2 0 0 1 1 0 0 2 5 3 1 1 12 81 55 30 14 9 9 
8 1 0 0 0 0 1 2 0 0 1 1 0 0 0 65 195 192 190 125 0 0 0 1 0 0 0 1 1 1 1 1 1 1 0 0 0 1 3 2 1 0 0 0 1 1 1 1 1 1 0 0 1 2 1 1 1 2 12 2 3 2 0 0 1 1 0 0 3 9 5 0 0 13 81 53 29 14 9 9 
1 1 0 0 0 2 3 1 1 1 1 1 0 0 65 194 192 189 125 0 0 1 2 0 0 0 1 1 0 0 0 1 1 0 0 0 1 1 2 1 1 0 0 1 1 1 1 1 2 1 0 0 1 1 1 1 1 11 0 1 1 0 0 0 0 0 0 4 11 6 0 0 12 77 52 27 14 9 9 8 
1 0 0 0 0 3 3 2 1 1 1 1 0 0 130 193 191 188 63 1 0 2 2 0 0 0 1 0 0 0 0 1 1 0 0 0 0 1 2 0 0 0 0 1 0 0 0 2 2 1 0 0 1 1 1 1 3 10 1 1 0 0 0 0 0 0 0 4 5 2 0 139 135 62 37 19 11 9 9 20 
0 0 1 1 1 2 1 1 1 0 0 0 0 65 194 191 189 125 1 0 0 1 0 0 0 1 0 0 1 1 1 1 0 0 0 0 1 2 1 0 0 0 1 1 1 0 0 1 0 0 0 0 2 2 1 1 13 1 0 0 0 0 0 0 0 0 0 1 1 0 58 174 68 44 24 24 24 24 24 24 
0 0 0 194 192 189 187 1 0 0 0 1 1 1 0 1 1 1 2 1 2 1 0 0 1 1 3 2 1 2 1 1 1 1 1 0 0 0 0 1 0 2 3 2 0 18 1 1 0 0 0 0 0 1 1 0 0 0 0 0 82 59 36 16 9 9 9 9 9 0 1 7 5 0 0 0 0 2 2 1 
0 0 64 193 190 188 125 2 0 0 0 1 0 0 0 0 1 1 1 1 1 0 0 0 0 2 1 1 1 2 1 0 0 0 1 0 0 0 0 0 1 3 2 0 3 16 0 0 0 0 0 0 0 1 1 0 0 0 0 10 72 46 27 27 27 27 27 27 27 27 27 27 27 27 27 27 27 27 27 27 
1 0 0 1 1 1 1 1 1 1 0 0 1 2 2 0 0 1 2 1 0 0 0 0 1 1 1 2 0 2 2 1 0 0 14 0 0 1 2 0 0 0 1 2 0 0 1 2 0 0 0 0 0 0 0 0 0 0 0 0 0 0 0 0 0 0 0 0 0 0 0 0 0 0 0 0 0 0 0 0 
0 0 2 1 0 0 0 0 0 0 0 0 0 0 1 1 2 1 2 1 0 2 5 6 16 11 0 1 0 0 1 2 1 0 0 0 1 0 34 30 12 8 9 9 9 9 9 2 1 1 0 0 0 0 0 1 1 0 0 0 0 128 190 188 186 62 0 0 0 0 0 0 0 1 1 0 0 0 0 0 
0 0 1 2 0 0 0 0 0 0 0 0 0 0 1 1 1 0 1 1 1 4 10 9 17 11 0 1 0 0 1 2 1 0 0 1 1 0 25 22 11 9 9 9 9 9 2 0 1 1 0 0 0 0 0 1 1 0 0 0 0 128 190 187 185 61 0 0 0 0 0 0 0 1 1 0 0 0 0 0 
0 1 2 2 1 1 1 0 1 0 0 0 0 1 0 0 1 0 1 0 1 7 15 17 21 0 0 1 1 0 1 2 0 0 0 0 0 0 0 9 9 9 9 9 9 1 1 0 1 1 0 0 0 0 0 1 1 0 0 0 0 191 189 187 185 0 0 0 0 0 0 0 1 2 1 0 0 0 0 0 
0 1 3 2 1 1 2 1 1 0 0 0 0 1 0 0 1 0 0 0 1 4 9 20 23 0 0 0 2 1 1 1 0 1 0 0 0 0 0 2 10 29 10 9 0 1 1 0 0 1 1 0 0 0 0 1 1 0 0 0 0 191 189 187 185 0 1 0 0 0 0 0 1 3 1 0 1 0 0 1 
1 2 4 1 1 2 2 2 0 1 0 0 0 1 0 0 1 0 0 0 0 1 2 20 24 0 0 1 2 1 1 1 0 1 0 0 0 0 0 1 1 1 9 0 0 0 0 0 1 1 1 0 0 0 0 0 1 0 0 0 0 191 189 187 185 1 1 0 0 1 1 1 1 2 1 0 0 0 0 0 
1 2 3 1 1 2 2 1 0 1 0 0 1 1 0 1 1 0 1 1 0 0 0 18 24 0 0 1 2 1 1 1 1 0 1 0 0 0 0 1 1 0 0 0 0 0 0 0 1 1 0 0 0 0 0 0 1 0 1 0 0 191 188 186 185 1 1 0 1 1 1 1 1 2 0 0 0 0 0 0 
1 1 0 0 1 2 1 0 0 0 0 0 0 0 0 1 1 1 2 1 0 0 3 20 19 0 0 1 1 1 1 1 0 0 0 0 0 0 0 0 0 0 0 0 0 0 0 0 1 0 0 0 0 0 0 1 0 0 0 0 63 189 187 185 123 1 0 0 1 2 2 1 1 0 0 0 0 0 0 0 
1 0 0 0 1 1 0 0 0 0 0 1 0 0 0 1 1 2 2 1 1 0 7 22 13 0 0 0 0 1 1 1 0 0 0 0 0 0 0 0 0 0 0 0 0 0 0 1 0 0 0 0 0 0 0 1 0 0 0 0 126 188 186 184 61 0 0 0 0 1 1 0 0 0 1 0 0 0 0 0 
1 1 1 1 1 1 0 0 0 0 0 1 1 0 0 0 1 1 1 0 0 0 8 23 26 13 0 0 0 1 1 1 0 0 0 0 0 0 0 0 0 0 0 0 0 0 0 0 0 0 1 0 0 0 0 1 0 0 0 0 126 188 186 184 61 0 0 0 0 0 0 0 0 0 1 1 1 0 0 0 
1 1 2 2 1 1 0 0 0 0 0 0 0 0 0 0 0 0 0 0 0 0 6 22 25 13 0 0 0 1 1 1 0 0 0 0 0 0 0 0 0 0 0 0 0 0 0 0 0 0 1 0 0 0 0 1 0 0 0 1 127 188 186 184 61 0 0 0 0 0 0 0 0 0 1 1 1 1 1 1 
1 1 1 1 1 1 0 0 1 1 1 0 0 0 0 0 0 0 0 0 0 0 4 19 24 14 1 1 1 1 0 0 1 0 0 0 0 0 0 0 0 0 0 0 1 0 0 0 0 0 0 0 0 0 0 1 1 0 0 1 126 187 186 184 61 0 0 0 0 0 0 0 0 1 1 1 1 3 2 1 
1 2 1 0 0 1 0 1 2 1 0 0 0 0 0 0 0 0 0 0 0 0 3 3 3 3 3 3 3 3 3 3 3 3 3 3 3 3 3 3 3 3 3 3 3 3 3 3 3 3 3 3 3 3 3 3 3 3 3 3 3 3 3 3 3 3 3 3 3 3 3 3 3 3 3 3 3 3 3 3 
0 0 0 0 0 0 0 1 0 0 0 0 10 11 11 11 11 11 11 11 11 11 11 11 11 11 11 11 11 11 11 11 11 11 11 11 11 11 11 11 11 11 11 11 11 11 11 11 11 11 11 11 11 11 11 11 11 11 11 11 11 11 11 11 11 11 11 11 11 11 11 11 11 11 11 11 11 11 11 11 
1 18 14 10 0 0 2 2 1 1 0 0 0 0 0 0 1 0 0 0 0 0 0 1 1 0 0 0 0 0 0 0 1 1 1 1 1 0 0 1 3 3 1 0 2 4 2 2 3 4 3 2 1 0 0 1 0 1 1 1 1 1 0 0 0 1 3 1 0 0 0 0 0 0 1 2 1 0 0 0 
5 20 17 13 8 0 1 1 1 0 0 0 0 0 0 0 0 0 0 0 0 0 0 1 0 0 0 0 0 0 0 0 1 1 1 0 0 0 0 2 3 2 0 0 3 4 3 3 4 4 3 2 0 0 0 0 0 1 0 0 0 0 0 0 0 2 3 0 0 0 0 0 0 0 1 1 0 0 0 0 
5 23 20 17 10 0 1 0 0 0 0 0 0 0 0 0 0 0 0 0 0 0 0 0 0 0 0 0 0 0 0 0 1 1 1 0 0 0 0 1 2 1 0 0 1 2 2 2 3 2 2 2 2 1 0 0 0 0 0 0 0 0 0 0 0 1 1 0 0 0 0 0 0 0 0 0 0 0 0 0 
6 26 23 19 17 17 17 17 17 17 17 17 17 17 17 17 17 17 17 17 17 17 17 17 17 17 17 17 17 17 17 17 17 17 17 17 17 17 17 17 17 17 17 17 17 17 17 17 17 17 17 17 17 17 17 17 17 17 17 17 17 17 17 17 17 17 17 17 17 17 17 17 17 17 17 17 17 17 17 17 
2 1 0 0 1 1 1 1 0 0 0 0 0 0 0 2 1 0 0 1 1 1 1 0 1 1 0 0 1 1 0 0 0 1 1 0 1 1 1 3 0 2 2 1 0 0 0 0 0 0 0 1 1 0 0 1 0 0 0 0 1 0 1 1 0 0 0 1 1 0 19 19 15 17 1 0 0 0 0 1 
1 0 0 0 1 1 1 0 0 0 0 0 0 0 0 1 0 0 0 0 2 1 0 0 1 1 0 0 1 0 0 0 0 1 0 0 0 0 2 2 0 0 1 0 0 0 0 0 0 0 0 1 0 0 0 2 1 0 0 0 0 0 1 0 0 0 1 1 0 3 19 15 17 22 18 0 0 0 0 1 
1 0 0 0 1 1 0 0 0 0 0 0 0 0 0 1 1 1 1 1 1 1 1 1 1 1 0 0 0 0 0 0 0 0 0 0 0 0 3 1 0 0 0 0 0 0 0 0 0 0 0 1 1 1 1 4 4 1 0 0 0 0 1 0 0 1 1 1 0 7 20 21 23 25 14 0 0 0 0 0 
0 0 0 0 2 1 0 0 1 0 0 0 0 0 0 1 1 2 1 0 0 1 1 1 1 1 0 0 0 0 0 0 0 0 0 0 0 1 4 0 0 0 0 0 0 0 0 0 0 0 0 1 1 3 1 11 8 0 0 0 1 1 0 0 1 2 1 0 0 19 20 21 22 23 1 1 0 0 1 0 
1 3 3 1 1 0 0 0 0 0 0 0 1 1 0 0 1 1 0 0 0 0 1 1 1 1 1 0 0 0 0 0 0 0 0 0 0 1 2 0 0 0 0 0 0 0 2 2 0 0 0 0 1 1 3 8 4 0 0 1 1 0 0 0 1 1 0 0 3 19 20 21 22 19 1 1 1 1 0 0 
4 8 3 1 0 0 0 0 0 0 0 0 3 1 0 0 0 1 1 0 0 0 1 2 1 1 2 0 0 0 0 0 0 0 0 0 0 0 0 0 0 0 0 0 0 2 5 2 0 0 0 0 0 0 2 3 1 0 1 2 1 0 0 0 0 0 0 0 6 19 20 21 22 23 14 1 1 1 0 0 
8 12 2 2 0 0 0 1 0 0 0 2 5 1 0 0 0 1 1 0 0 1 2 3 2 2 3 0 2 1 0 0 0 0 0 0 0 0 0 0 0 1 0 0 0 5 8 1 0 0 0 0 0 0 0 0 1 1 3 3 1 0 0 0 0 0 0 0 17 19 20 21 22 24 24 1 1 1 1 0 
5 5 1 2 0 0 0 0 0 1 1 1 2 0 0 0 0 1 0 0 0 1 2 2 2 2 1 2 4 1 0 0 0 0 0 0 0 0 0 0 0 1 1 1 1 4 6 4 1 1 0 0 0 0 0 1 1 2 4 2 0 0 0 0 1 1 0 2 17 19 20 22 23 24 25 20 0 0 1 1 
1 1 5 2 0 0 1 0 1 1 1 1 0 0 0 1 0 1 0 0 1 1 2 2 2 1 1 10 4 0 0 0 0 0 0 0 0 0 1 0 1 2 4 1 1 4 10 1 3 2 0 0 0 1 3 3 1 8 3 1 0 0 0 2 3 3 0 16 18 20 21 22 23 25 24 25 0 1 1 1 
4 1 0 0 1 0 2 3 2 0 0 0 0 1 1 1 0 0 1 1 1 2 2 1 1 9 4 0 0 0 0 1 0 0 0 0 1 0 0 2 3 1 0 3 9 1 2 2 0 0 0 1 2 2 1 6 3 1 0 0 0 2 3 2 0 15 17 19 21 22 23 24 24 25 25 0 2 1 0 0 
1 0 0 0 0 2 3 3 1 0 0 0 0 1 0 0 0 0 0 0 1 1 2 1 5 4 1 0 0 0 1 1 0 0 0 0 0 0 0 1 0 0 1 4 2 1 1 0 0 0 0 1 1 0 1 2 1 0 0 0 0 1 1 0 4 16 18 20 21 23 23 23 24 25 25 14 1 0 0 0 
1 1 0 0 1 3 3 2 0 0 0 1 2 2 0 0 0 0 0 0 1 2 2 3 4 1 0 0 0 1 1 1 0 0 0 1 0 0 0 0 0 0 1 1 0 0 0 0 0 0 0 0 1 1 0 1 0 0 0 0 0 0 0 1 14 16 18 20 22 22 22 23 24 25 20 1 1 0 0 0 
0 2 2 0 0 2 2 1 0 0 0 1 2 2 1 0 0 0 0 0 1 2 1 1 2 0 0 1 2 1 1 0 0 0 0 1 0 0 0 0 0 0 1 0 0 0 0 0 0 0 0 1 4 5 1 1 1 0 0 0 0 0 0 1 13 15 17 20 21 21 21 22 24 25 24 19 1 1 0 0 
4 5 0 0 0 1 0 0 0 1 1 2 3 3 1 0 0 1 0 1 2 2 1 1 0 0 2 3 2 1 0 0 0 0 3 2 0 1 1 0 1 1 0 0 0 0 0 0 0 0 0 5 14 2 0 1 1 0 0 0 0 0 0 11 13 16 19 19 20 20 21 23 25 25 23 1 2 1 0 0 
3 1 0 0 0 0 0 0 0 0 1 2 2 1 0 0 1 1 1 1 1 1 0 0 0 1 2 2 1 0 0 0 0 1 2 0 0 1 0 0 1 0 0 0 1 1 0 0 0 0 2 9 5 0 0 1 0 0 0 0 0 0 1 1 1 1 1 1 1 1 1 1 1 1 1 1 1 1 1 1 
1 1 1 0 0 1 2 2 1 0 0 1 0 0 0 1 1 0 1 1 1 0 0 1 1 0 0 1 0 0 0 0 1 3 2 1 0 0 0 0 1 1 0 1 1 0 1 2 0 0 0 0 10 10 10 10 10 10 10 10 10 10 10 10 10 10 10 10 10 10 10 10 10 10 10 10 10 10 10 10 
1 1 0 1 2 0 1 0 1 1 0 0 1 1 0 1 0 0 0 1 0 4 2 1 1 2 1 0 0 0 0 0 1 1 1 0 1 0 0 1 2 9 9 11 13 14 15 15 16 18 20 19 18 17 14 12 1 0 3 4 0 1 0 0 0 1 0 0 0 1 1 1 0 0 0 1 0 0 0 1 
1 1 1 1 1 0 0 0 0 1 0 0 0 1 1 1 0 0 0 1 1 2 1 0 0 1 1 0 0 0 0 0 0 0 1 1 1 0 0 0 1 2 2 2 2 2 2 2 2 2 2 2 2 2 2 2 2 2 2 2 2 2 2 2 2 2 2 2 2 2 2 2 2 2 2 2 2 2 2 2 
2 2 2 2 2 2 2 2 2 2 2 2 2 2 2 2 2 2 2 2 2 2 2 2 2 2 2 2 2 2 2 2 2 2 2 2 2 2 2 2 2 2 2 2 2 2 2 2 2 2 2 2 2 2 2 2 2 2 2 2 2 2 2 2 2 2 2 2 2 2 2 2 2 2 2 2 2 2 2 2 
2 2 2 2 2 2 2 2 2 2 2 2 2 2 2 2 2 2 2 2 2 2 2 2 2 2 2 2 2 2 2 2 2 2 2 2 2 2 2 2 2 2 2 2 2 2 2 2 2 2 2 2 2 2 2 2 2 2 2 2 2 2 2 2 2 2 2 2 2 2 2 2 2 2 2 2 2 2 2 2 
2 2 2 2 2 2 2 2 2 2 2 2 2 2 2 2 2 2 2 2 2 2 2 2 2 2 2 2 2 2 2 2 2 2 2 2 2 2 2 2 2 2 2 2 2 2 2 2 2 2 2 2 2 2 2 2 2 2 2 2 2 2 2 2 2 2 2 2 2 2 2 2 2 2 2 2 2 2 2 2 
2 2 2 2 2 2 2 2 2 2 2 2 2 2 2 2 2 2 2 2 2 2 2 2 2 2 2 2 2 2 2 2 2 2 2 2 2 2 2 2 2 2 2 2 2 2 2 2 2 2 2 2 2 2 2 2 2 2 2 2 2 2 2 2 2 2 2 2 2 2 2 2 2 2 2 2 2 2 2 2 
2 2 2 2 2 2 2 2 2 2 2 2 2 2 2 2 2 2 2 2 2 2 2 2 2 2 2 2 2 2 2 2 2 2 2 2 2 2 2 2 2 2 2 2 2 2 2 2 2 2 2 2 2 2 2 2 2 2 2 2 2 2 2 2 2 2 2 2 2 2 2 2 2 2 2 2 2 2 2 2 
2 2 2 2 2 2 2 2 2 2 2 2 2 2 2 2 2 2 2 2 2 2 2 2 2 2 2 2 2 2 2 2 2 2 2 2 2 2 2 2 2 2 2 2 2 2 2 2 2 2 2 2 2 2 2 2 2 2 2 2 2 2 2 2 2 2 2 2 2 2 2 2 2 2 2 2 2 2 2 2 
2 2 2 2 2 2 2 2 2 2 2 2 2 2 2 2 2 2 2 2 2 2 2 2 2 2 2 2 2 2 2 2 2 2 2 2 2 2 2 2 2 2 2 2 2 2 2 2 2 2 2 2 2 2 2 2 2 2 2 2 2 2 2 2 2 2 2 2 2 2 2 2 2 2 2 2 2 2 2 2 
2 2 2 2 2 2 2 2 2 2 2 2 2 2 2 2 2 2 2 2 2 2 2 2 2 2 2 2 2 2 2 2 2 2 2 2 2 2 2 2 2 2 2 2 2 2 2 2 2 2 2 2 2 2 2 2 2 2 2 2 2 2 2 2 2 2 2 2 2 2 2 2 2 2 2 2 2 2 2 2 
2 2 2 2 2 2 2 2 2 2 2 2 2 2 2 2 2 2 2 2 2 2 2 2 2 2 2 2 2 2 2 2 2 2 2 2 2 2 2 2 2 2 2 2 2 2 2 2 2 2 2 2 2 2 2 2 2 2 2 2 2 2 2 2 2 2 2 2 2 2 2 2 2 2 2 2 2 2 2 2 
2 2 2 2 2 2 2 2 2 2 2 2 2 2 2 2 2 2 2 2 2 2 2 2 2 2 2 2 2 2 2 2 2 2 2 2 2 2 2 2 2 2 2 2 2 2 2 2 2 2 2 2 2 2 2 2 2 2 2 2 2 2 2 2 2 2 2 2 2 2 2 2 2 2 2 2 2 2 2 2 
2 2 2 2 2 2 2 2 2 2 2 2 2 2 2 2 2 2 2 2 2 2 2 2 2 2 2 2 2 2 2 2 2 2 2 2 2 2 2 2 2 2 2 2 2 2 2 2 2 2 2 2 2 2 2 2 2 2 2 2 2 2 2 2 2 2 2 2 2 2 2 2 2 2 2 2 2 2 2 2 
