16 15 15 15 15 15 15 15 14 14 14 14 14 14 13 13 13 13 13 12 12 12 12 12 12 12 12 12 12 12 12 12 12 13 13 13 13 13 13 13 13 14 14 14 14 14 14 14 14 15 15 15 15 15 15 15 15 15 15 15 15 16 16 16 16 16 16 16 16 16 16 16 16 16 16 16 16 16 16 16 
15 14 14 14 14 14 14 13 13 13 13 13 13 12 12 12 12 12 12 12 12 12 12 12 12 12 13 13 13 13 13 13 13 13 13 14 14 14 14 14 14 14 14 15 15 15 15 15 15 15 15 15 16 16 16 16 16 16 16 16 16 16 16 16 16 16 16 16 16 16 16 16 16 16 16 15 15 15 15 15 
13 13 13 13 13 12 12 12 12 12 12 12 12 12 12 12 12 12 12 12 13 13 13 13 13 13 13 13 14 14 14 14 14 14 14 14 15 15 15 15 15 15 15 16 16 16 16 16 16 16 16 16 16 16 16 16 16 16 16 16 16 16 16 16 16 16 16 16 16 15 15 15 14 14 14 14 14 14 13 13 
12 12 11 12 12 12 12 12 12 12 12 12 13 13 13 13 13 13 13 13 14 14 14 14 14 14 14 14 15 15 15 15 15 15 15 16 16 16 16 16 16 16 16 16 16 16 16 16 16 16 16 16 16 16 16 16 17 17 17 17 17 16 15 15 14 14 14 14 14 14 13 13 13 13 13 12 12 12 12 12 
12 12 12 12 13 13 13 13 13 13 13 13 14 14 14 14 14 14 14 15 15 15 15 15 15 15 16 16 16 16 16 16 16 16 16 16 16 16 16 16 16 16 16 17 17 17 17 17 17 17 17 17 17 16 14 14 14 14 14 14 13 13 13 13 13 13 12 12 12 12 12 11 12 12 12 12 12 12 12 12 
13 13 13 14 14 14 14 14 14 14 15 15 15 15 15 15 15 16 16 16 16 16 16 16 16 16 16 16 16 16 17 17 17 17 17 17 17 17 17 17 17 17 17 17 17 15 14 14 14 14 13 13 13 13 13 13 12 12 12 12 12 11 11 12 12 12 12 12 12 12 12 12 12 12 12 13 13 13 13 13 
14 14 15 15 15 15 15 15 16 16 16 16 16 16 16 16 16 17 17 17 17 17 17 17 17 17 17 17 17 17 17 17 17 17 17 17 17 15 14 14 14 13 13 13 13 13 13 12 12 12 12 12 11 11 12 12 12 12 12 12 12 12 12 12 12 12 13 13 13 13 13 13 13 13 14 14 14 14 14 14 
15 16 16 16 16 16 16 16 16 17 17 17 17 17 17 17 17 17 17 17 17 17 17 17 17 17 17 17 17 17 16 14 14 14 13 13 13 13 12 12 12 12 12 12 11 12 12 12 12 12 12 12 12 12 12 12 12 12 13 13 13 13 13 13 13 13 14 14 14 14 14 14 14 15 15 15 15 15 15 15 
16 16 16 17 17 17 17 17 17 17 17 17 17 17 17 17 17 17 17 17 17 17 17 17 17 15 14 14 13 13 13 13 12 12 12 12 12 11 11 12 12 12 12 12 12 12 12 12 12 12 12 13 13 13 13 13 13 13 13 13 13 14 14 14 14 14 14 15 15 15 15 15 15 15 16 16 16 16 16 16 
17 17 17 17 17 17 17 17 17 17 17 17 17 17 17 17 17 17 17 18 18 17 14 14 14 13 13 13 13 12 12 12 11 11 12 12 12 12 12 12 12 12 12 12 12 12 12 13 13 13 13 13 13 13 13 13 14 14 14 14 14 14 14 15 15 15 15 15 15 15 16 16 16 16 16 16 16 16 17 17 
17 17 17 17 17 17 17 17 17 17 18 18 18 18 18 18 18 18 16 14 14 14 13 13 13 12 12 12 12 12 12 12 12 12 12 12 12 12 12 12 12 12 13 13 13 13 13 13 13 13 13 13 14 14 14 14 14 14 14 15 15 15 15 15 15 15 16 16 16 16 16 16 16 16 17 17 17 17 17 17 
17 17 18 18 18 18 18 18 18 18 18 18 18 18 18 16 14 14 14 13 13 13 13 12 12 12 12 12 12 12 12 12 12 12 12 12 12 12 13 13 13 13 13 13 13 13 13 14 14 14 14 14 14 14 14 15 15 15 15 15 15 15 16 16 16 16 16 16 16 16 17 17 17 17 17 17 17 17 17 18 
18 18 18 18 18 18 18 18 18 18 18 18 16 14 14 14 14 13 13 13 13 13 13 13 12 12 12 12 12 12 12 12 12 12 13 13 13 13 13 13 13 13 13 14 14 14 14 14 14 14 14 15 15 15 15 15 15 15 16 16 16 16 16 16 16 16 17 17 17 17 17 17 17 17 18 18 18 18 18 18 
18 18 18 18 18 18 18 18 18 16 15 14 14 14 14 14 13 13 13 13 13 13 13 13 13 12 12 12 12 12 13 13 13 13 13 13 13 13 13 14 14 14 14 14 14 14 14 15 15 15 15 15 15 15 16 16 16 16 16 16 16 17 17 17 17 17 17 17 17 17 18 18 18 18 18 18 18 18 18 18 
18 18 18 18 18 18 17 15 15 15 14 14 14 14 14 14 14 14 13 13 13 13 13 13 13 13 13 13 13 13 13 13 13 13 13 13 14 14 14 14 14 14 14 14 15 15 15 15 15 15 16 16 16 16 16 16 16 17 17 17 17 17 17 17 17 18 18 18 18 18 18 18 18 18 18 18 18 18 18 18 
18 18 18 18 15 15 15 15 15 15 15 14 14 14 14 14 14 14 14 13 13 13 13 13 13 13 13 13 13 13 13 13 13 14 14 14 14 14 14 14 15 15 15 15 15 15 15 16 16 16 16 16 16 16 17 17 17 17 17 17 17 18 18 18 18 18 18 18 18 18 18 18 18 18 18 18 18 18 18 18 
18 16 15 15 15 15 15 15 15 15 15 14 14 14 14 14 14 14 14 14 14 13 13 13 13 13 13 13 13 14 14 14 14 14 14 14 15 15 15 15 15 15 15 16 16 16 16 16 16 17 17 17 17 17 17 17 17 17 17 18 18 18 18 18 18 18 18 18 18 18 18 18 18 18 18 18 18 18 18 18 
15 15 15 15 15 15 15 15 15 15 15 15 14 14 14 14 14 14 14 14 14 14 14 14 14 14 14 14 14 14 14 14 14 15 15 15 15 15 15 15 16 16 16 16 16 16 17 17 17 17 17 17 17 17 17 17 17 17 17 18 18 18 18 18 18 18 18 18 18 18 18 18 18 18 18 18 18 18 18 15 
15 15 15 15 15 15 15 15 15 15 15 15 14 14 14 14 14 14 14 14 14 14 14 14 14 14 14 14 14 14 15 15 15 15 15 15 15 16 16 16 16 16 16 17 17 17 17 17 17 17 17 17 17 17 17 17 17 17 18 18 18 18 18 18 18 18 18 18 18 18 18 18 18 18 18 18 18 15 15 15 
15 15 15 15 15 15 15 15 15 15 15 15 15 14 14 14 14 14 14 14 14 14 14 14 14 14 14 15 15 15 15 15 15 15 16 16 16 16 16 16 16 17 17 17 17 17 17 17 17 17 17 17 17 17 17 17 18 18 18 18 18 18 18 18 18 18 18 18 18 18 18 18 18 18 18 15 15 15 15 15 
15 15 15 15 15 15 15 15 15 15 15 15 14 14 14 14 14 14 14 14 14 14 14 14 14 15 15 15 15 15 15 16 16 16 16 16 16 16 16 17 17 17 17 17 17 17 17 17 17 17 17 17 17 17 17 18 18 18 18 17 17 17 17 17 17 17 17 17 18 18 18 18 17 15 15 15 15 15 15 15 
15 15 15 15 15 15 15 15 15 15 14 14 14 14 14 14 14 14 14 14 14 14 14 15 15 15 15 15 15 16 16 16 16 16 16 16 16 17 17 17 17 17 17 17 17 17 17 17 17 17 17 17 17 17 17 17 17 17 17 17 17 17 17 17 17 17 17 17 17 17 15 15 15 15 15 15 16 16 16 16 
15 15 15 15 15 14 14 14 14 13 13 14 14 14 14 14 14 14 15 15 15 15 15 16 16 16 16 16 16 16 17 17 17 17 17 17 17 17 17 17 17 17 17 17 17 17 17 17 17 17 17 17 17 17 17 17 17 17 17 17 17 17 16 15 15 15 15 15 16 16 16 16 16 16 16 16 16 16 16 16 
14 13 13 13 13 14 14 14 14 14 15 15 15 15 15 16 16 16 16 16 16 17 17 17 17 17 17 17 17 17 17 17 17 17 16 16 16 16 16 16 16 16 16 16 16 16 17 17 17 17 17 17 17 15 15 15 15 15 16 16 16 17 17 17 17 17 17 17 17 17 17 16 16 16 16 16 15 15 15 15 
16 16 16 16 16 16 16 16 16 16 16 16 16 16 16 16 16 16 16 16 16 16 16 16 16 16 16 16 16 17 17 17 17 17 17 17 16 15 15 16 16 16 17 17 17 18 18 18 19 19 19 19 19 19 18 18 18 18 17 17 17 16 16 16 16 15 15 15 14 14 14 13 13 13 14 14 14 14 15 15 
16 16 16 16 16 16 16 15 15 15 16 16 16 16 16 16 16 16 16 17 17 17 17 17 17 17 16 16 16 17 17 18 18 19 19 19 20 20 20 21 21 21 21 21 21 21 20 20 20 19 19 18 18 18 17 17 17 16 16 16 15 15 14 14 14 14 14 14 14 15 15 15 15 15 15 15 15 15 15 15 
15 15 15 15 15 15 15 15 16 16 16 16 16 16 17 17 17 17 17 17 17 17 17 17 18 18 19 19 20 21 21 22 22 22 23 23 23 23 23 23 23 23 23 22 22 22 21 21 20 20 19 19 18 18 17 17 17 16 16 16 15 15 15 15 15 15 15 15 15 15 15 15 15 14 14 14 14 14 14 14 
14 14 15 15 15 15 15 15 16 16 16 16 16 16 16 16 16 17 17 17 18 19 19 20 21 21 22 22 23 24 24 24 24 24 25 25 25 25 25 25 24 24 23 22 22 21 21 20 20 19 19 19 18 18 17 17 17 16 16 15 15 15 15 15 15 14 14 14 14 13 13 13 13 13 13 13 13 13 13 13 
14 14 14 14 14 15 15 15 15 15 15 15 15 15 15 14 15 16 16 17 18 19 20 21 22 22 23 24 24 25 25 26 26 26 26 26 26 26 26 25 25 24 24 23 23 22 22 21 21 20 20 19 19 18 18 18 17 17 16 15 15 15 15 14 14 14 13 13 13 13 13 13 13 13 13 13 13 13 13 13 
13 13 13 13 14 14 14 14 14 14 13 12 12 12 12 12 13 14 15 16 17 18 19 20 22 22 23 24 24 25 25 25 26 26 26 26 26 26 26 26 26 26 25 24 24 23 23 22 22 21 21 20 20 19 19 18 18 17 16 16 15 15 15 15 14 14 14 14 13 13 13 13 13 13 13 13 13 13 13 13 
13 13 13 13 13 13 13 13 14 13 12 12 11 11 10 10 11 12 13 13 14 16 17 18 19 21 22 23 23 24 24 25 25 25 26 26 26 26 26 26 26 27 27 26 26 25 25 24 24 23 22 22 21 20 20 19 18 18 17 17 16 16 15 15 15 14 14 14 14 14 13 13 13 14 14 14 14 13 13 13 
13 12 12 12 12 12 13 17 17 16 14 12 11 10 10 10 10 10 10 10 10 10 10 10 10 10 10 10 10 10 10 10 10 10 10 10 10 10 10 10 10 10 10 10 10 10 10 10 10 10 10 10 10 10 10 10 10 10 10 10 10 10 10 10 10 10 10 10 10 10 10 10 10 10 10 10 10 10 10 10 
14 12 11 10 10 10 10 10 10 10 10 10 10 10 10 10 10 10 10 10 10 10 10 10 10 10 10 10 10 10 10 10 10 10 10 10 10 10 10 10 10 10 10 10 10 10 10 10 10 10 10 10 10 10 10 10 10 10 10 10 10 10 10 10 10 10 10 10 10 10 10 10 10 10 10 10 10 10 10 10 
8 9 10 12 14 16 18 19 20 21 22 22 23 23 24 24 25 26 27 27 27 27 27 27 27 27 27 27 27 27 27 27 27 28 28 27 27 27 26 26 25 25 25 25 24 23 23 22 21 20 19 18 17 16 15 14 14 14 14 13 13 13 13 14 14 35 48 49 49 49 49 48 48 48 48 48 25 9 9 9 
8 9 10 11 12 12 12 12 12 12 12 12 12 12 12 12 12 12 12 12 12 12 12 12 12 12 12 12 12 12 12 12 12 12 12 12 12 12 12 12 12 12 12 12 12 12 12 12 12 12 12 12 12 12 12 12 12 12 12 12 12 12 12 12 12 12 12 12 12 12 12 12 12 12 12 12 12 12 12 12 
12 16 17 19 20 20 21 21 22 22 23 23 24 25 26 26 27 27 27 27 27 27 27 27 27 27 27 27 28 28 28 27 27 27 26 26 25 24 23 22 21 20 18 17 15 14 12 11 11 11 11 11 11 11 11 11 11 11 11 11 11 11 11 11 11 11 11 11 11 11 11 11 11 11 11 11 11 11 11 11 
46 46 46 46 45 21 21 21 21 21 21 21 21 21 21 21 22 22 22 23 23 23 24 24 24 23 23 22 21 20 19 18 17 16 15 14 14 13 12 11 11 11 10 47 47 47 47 47 47 47 47 47 47 47 47 47 47 47 47 47 47 47 47 47 47 47 47 47 47 47 47 47 46 46 46 46 46 46 46 46 
46 46 46 46 45 45 45 45 45 45 45 45 29 18 18 18 19 19 20 20 20 21 22 23 24 24 23 22 21 21 20 19 18 17 16 15 14 14 14 13 13 13 34 47 47 47 47 47 47 47 47 47 47 47 47 47 47 47 47 47 47 47 47 47 47 47 47 47 47 47 47 47 46 46 46 46 46 46 46 46 
46 45 45 45 45 45 45 45 45 45 45 45 45 44 44 44 44 44 44 21 21 21 22 23 23 24 23 22 21 20 20 19 18 18 17 17 16 16 16 16 16 47 47 47 47 47 47 47 47 47 47 47 47 47 47 47 47 47 47 47 47 46 46 46 46 46 46 46 46 46 46 46 46 46 46 46 46 46 46 46 
45 45 45 45 45 45 45 45 45 45 45 44 44 44 44 44 44 44 44 44 44 44 43 43 43 21 21 21 21 20 20 20 19 19 19 18 18 18 17 47 47 47 47 47 47 47 46 46 46 46 46 46 46 46 46 46 46 46 46 46 46 46 46 46 46 46 46 46 46 46 46 46 46 46 46 46 46 46 46 45 
45 45 45 45 45 45 45 45 45 45 44 44 44 44 44 44 44 44 44 44 44 43 43 43 43 43 43 43 43 43 46 20 20 20 20 20 20 18 46 46 46 46 46 46 46 46 46 46 46 46 46 46 46 46 46 46 46 46 46 46 46 46 46 46 46 46 46 46 46 46 46 46 46 46 46 46 46 46 45 45 
45 45 45 45 45 45 45 44 44 44 44 44 44 44 44 44 44 44 44 43 43 43 43 43 43 43 43 43 43 43 42 35 21 23 23 37 46 46 46 46 46 46 46 46 46 46 46 46 46 46 46 46 46 46 46 46 46 46 46 46 46 46 46 46 46 46 46 46 46 46 45 45 45 45 45 45 45 45 45 45 
45 45 45 45 45 45 45 44 44 44 44 44 44 44 44 44 44 44 44 43 43 43 43 43 43 43 43 43 43 43 42 36 25 24 24 37 46 46 46 46 46 46 46 46 46 46 46 46 46 46 46 46 46 46 46 46 46 46 45 45 45 45 45 45 45 45 45 45 45 45 45 45 45 45 45 45 45 45 45 45 
45 45 45 45 45 45 45 44 44 44 44 44 44 44 44 44 44 44 44 43 43 43 43 43 43 43 43 43 43 43 42 35 25 25 24 37 46 46 46 46 46 46 46 46 46 46 46 46 46 46 46 45 45 45 45 45 45 45 45 45 45 45 45 45 45 45 45 45 45 45 45 45 45 45 45 45 45 45 45 45 
45 45 45 45 45 45 45 44 44 44 44 44 44 44 44 44 44 44 43 43 43 43 43 43 43 43 43 43 43 43 42 34 18 16 16 34 46 46 46 46 46 46 46 46 46 46 46 46 46 46 45 45 45 45 45 45 45 45 45 45 45 45 45 45 45 45 45 45 45 45 45 45 45 45 45 45 45 45 45 45 
45 45 45 44 44 44 44 44 44 44 44 44 44 44 44 44 44 43 43 43 43 43 43 43 43 43 43 43 43 42 33 11 7 7 30 46 46 46 46 46 46 46 46 46 46 45 45 45 45 45 45 45 45 45 45 45 45 45 45 45 45 45 45 45 45 45 45 45 45 45 45 44 44 44 44 44 44 44 44 44 
44 44 44 44 44 44 44 44 44 44 44 44 44 44 44 44 44 43 43 43 43 43 43 43 43 43 43 43 42 42 34 17 15 15 33 45 45 45 45 45 45 45 45 45 45 45 45 45 45 45 45 45 45 45 45 45 45 45 45 45 45 45 45 45 45 45 45 45 44 44 44 44 44 44 44 44 44 44 44 44 
44 44 44 44 44 44 44 44 44 44 44 44 44 44 44 44 43 43 43 43 43 43 43 43 43 43 43 42 42 42 29 24 24 24 45 45 45 45 45 45 45 45 45 45 45 45 45 45 45 45 45 45 45 45 45 45 45 45 45 45 45 45 45 45 45 45 45 44 44 44 44 44 44 44 44 44 44 44 44 44 
44 44 44 44 44 44 44 44 44 44 44 44 44 44 44 43 43 43 43 43 43 43 43 43 43 43 43 42 42 42 26 26 26 26 45 45 45 45 45 45 45 45 45 45 45 45 45 45 45 45 45 45 45 45 45 45 45 45 45 45 45 45 45 45 45 45 45 44 44 44 44 44 44 44 44 44 44 44 44 44 
44 44 44 44 44 44 43 43 43 43 43 43 43 43 43 43 43 43 43 43 43 43 43 43 43 43 43 42 42 42 28 28 27 26 45 45 45 45 45 45 45 45 45 45 45 45 45 45 45 45 45 45 45 45 45 45 45 45 45 45 45 45 45 45 45 45 45 44 44 44 44 44 44 44 44 44 44 44 44 44 
44 44 44 44 44 44 43 43 43 43 43 43 43 43 43 43 43 43 43 43 43 43 43 43 43 43 43 42 42 43 28 28 27 27 44 45 45 45 45 45 45 45 45 45 45 45 45 45 45 45 45 45 45 45 45 45 45 45 45 45 45 45 45 45 45 45 44 44 44 44 44 44 44 44 44 44 44 44 44 44 
44 44 44 44 44 44 43 43 43 43 43 43 43 43 43 43 43 43 43 43 43 43 43 43 43 43 43 42 42 43 27 27 27 27 45 45 45 45 45 45 45 45 45 45 45 45 45 45 45 45 45 45 45 44 44 44 44 44 44 44 44 44 44 44 44 44 44 44 44 44 44 44 44 44 44 44 44 44 44 44 
44 44 44 44 44 44 43 43 43 43 43 43 43 43 43 43 43 43 43 43 43 43 43 43 43 42 42 42 42 43 25 27 27 27 43 45 45 45 45 45 44 44 44 44 44 44 44 44 44 44 44 44 44 44 44 44 44 44 44 44 44 44 44 44 44 44 44 44 44 44 44 44 44 44 44 44 44 44 44 44 
44 44 44 44 44 43 43 43 43 43 43 43 43 43 43 43 43 43 43 43 43 43 43 43 43 42 42 42 43 43 23 25 27 28 41 44 44 44 44 44 44 44 44 44 44 44 44 44 44 44 44 44 44 44 44 44 44 44 44 44 44 44 44 44 44 44 44 44 44 44 44 44 44 44 44 44 44 44 44 44 
44 44 44 44 44 43 43 43 43 43 43 43 43 43 43 43 43 43 43 43 43 43 43 43 42 42 42 42 43 43 18 20 22 24 40 44 44 44 44 44 44 44 44 44 44 44 44 44 44 44 44 44 44 44 44 44 44 44 44 44 44 44 44 44 44 44 44 44 44 44 44 44 44 44 44 44 44 44 44 44 
44 44 44 44 44 43 43 43 43 43 43 43 43 43 43 43 43 43 43 43 43 43 43 43 42 42 42 42 43 45 15 16 18 16 32 44 44 44 44 44 44 44 44 44 44 44 44 44 44 44 44 44 44 44 44 44 44 44 44 44 44 44 44 44 44 44 44 44 44 44 44 44 44 44 44 44 44 44 44 44 
44 44 44 44 43 43 43 43 43 43 43 43 43 43 43 43 43 43 43 43 43 43 43 42 42 42 42 42 19 20 19 18 17 30 43 44 44 44 44 44 44 44 44 44 44 44 44 44 44 44 44 44 44 44 44 44 44 44 44 44 44 44 44 44 44 44 44 44 44 44 44 44 44 44 43 43 43 43 43 43 
43 43 43 43 43 43 43 43 43 43 43 43 43 43 43 43 43 43 43 43 43 43 43 42 42 42 42 47 21 20 16 15 15 15 15 15 15 15 15 15 15 15 15 15 15 15 15 15 15 15 15 15 15 15 15 15 15 15 15 15 15 15 15 15 15 15 15 15 15 15 15 15 15 15 15 15 15 15 15 15 
43 43 43 43 43 43 43 43 43 43 43 42 42 42 43 44 43 16 16 17 19 18 16 36 44 44 44 44 44 44 44 44 44 44 44 44 44 44 44 44 44 44 44 44 44 44 44 44 44 44 44 44 44 44 44 43 43 43 43 43 43 43 43 43 43 43 43 43 43 43 43 43 43 43 43 43 43 43 43 43 
43 43 43 43 43 43 43 43 43 43 43 42 42 49 40 43 48 26 27 27 26 24 18 33 43 44 44 44 44 44 44 44 44 44 44 44 44 44 44 44 44 44 44 44 44 44 44 44 44 44 44 44 44 44 43 43 43 43 43 43 43 43 43 43 43 43 43 43 43 43 43 43 43 43 43 43 43 43 43 43 
43 43 43 43 43 43 43 43 43 43 43 42 42 57 51 40 27 26 26 26 27 24 17 26 44 44 44 44 44 44 44 44 44 44 44 44 44 44 44 44 44 44 44 44 44 44 44 44 44 44 44 44 44 44 43 43 43 43 43 43 43 43 43 43 43 43 43 43 43 43 43 43 43 43 43 43 43 43 43 43 
43 43 43 43 43 43 43 42 42 42 42 42 42 42 43 47 26 26 26 27 27 23 17 19 40 44 44 44 44 44 44 44 44 44 44 44 44 44 44 44 44 44 44 44 44 43 43 43 43 43 43 43 43 43 43 43 43 43 43 43 43 43 43 43 43 43 43 43 43 43 43 43 43 43 43 43 43 43 43 43 
43 43 43 43 43 43 43 42 42 42 42 42 42 58 35 58 39 27 29 32 32 24 18 15 36 44 44 44 44 44 44 44 44 44 44 43 43 43 43 43 43 43 43 43 43 43 43 43 43 43 43 43 43 43 43 43 43 43 43 43 43 43 43 43 43 43 43 43 43 43 43 43 43 43 43 43 43 43 43 43 
43 43 43 43 43 43 42 42 42 42 42 42 42 43 43 47 35 51 41 37 48 37 18 16 28 42 43 43 43 43 43 43 43 43 43 43 43 43 43 43 43 43 43 43 43 43 43 43 43 43 43 43 43 43 43 43 43 43 43 43 43 43 43 43 43 43 43 43 43 43 43 43 43 43 43 43 43 43 43 43 
43 43 43 43 43 43 42 42 42 42 42 42 42 55 33 20 19 20 21 23 24 19 19 19 19 19 19 19 19 19 19 19 19 19 19 19 19 19 19 19 19 19 19 19 19 19 19 19 19 19 19 19 19 19 19 19 19 19 19 19 19 19 19 19 19 19 19 19 19 19 19 19 19 19 19 19 19 19 19 19 
42 42 119 157 27 37 24 50 70 93 36 15 15 15 15 15 15 15 15 15 15 15 15 15 15 15 15 15 15 15 15 15 15 15 15 15 15 15 15 15 15 15 15 15 15 15 15 15 15 15 15 15 15 15 15 15 15 15 15 15 15 15 15 15 15 15 15 15 15 15 15 15 15 15 15 15 15 15 15 15 
15 14 15 24 34 43 43 43 43 43 43 43 43 43 43 43 43 43 43 43 43 43 43 43 43 43 43 43 43 43 43 43 43 43 43 43 43 43 43 43 43 43 43 43 43 43 43 43 43 43 43 43 43 43 43 43 43 43 43 43 43 43 42 42 42 42 42 42 42 42 39 24 15 15 17 14 10 9 9 9 
18 13 14 33 63 62 62 66 63 79 84 81 81 84 83 64 64 84 76 64 69 61 43 43 43 63 69 49 43 43 43 72 98 98 73 43 70 70 43 43 43 43 43 43 43 43 43 43 43 43 43 43 43 43 43 43 43 43 43 42 42 42 42 42 42 42 42 42 42 40 22 43 51 49 39 15 8 8 8 8 
43 43 43 85 43 43 43 43 43 43 43 43 43 43 43 81 53 43 43 43 43 102 43 43 43 43 43 43 43 43 43 43 43 102 102 43 43 43 43 43 43 43 43 43 42 42 42 42 42 42 42 42 42 42 42 42 43 44 42 21 31 51 37 16 15 13 13 13 13 13 13 13 13 13 13 13 13 13 13 13 
13 13 13 13 13 13 13 13 13 13 13 13 13 13 13 13 13 13 13 13 13 13 13 13 13 13 13 13 13 13 13 13 13 13 13 13 13 13 13 13 13 13 13 13 13 13 13 13 13 13 13 13 13 13 13 13 13 13 13 13 13 13 13 13 13 13 13 13 13 13 13 13 13 13 13 13 13 13 13 13 
13 13 13 13 13 13 13 13 13 13 13 13 13 13 13 13 13 13 13 13 13 13 13 13 13 13 13 13 13 13 13 13 13 13 13 13 13 13 13 13 13 13 13 13 13 13 13 13 13 13 13 13 13 13 13 13 13 13 13 13 13 13 13 13 13 13 13 13 13 13 13 13 13 13 13 13 13 13 13 13 
13 13 13 13 13 13 13 13 13 13 13 13 13 13 13 13 13 13 13 13 13 13 13 13 13 13 13 13 13 13 13 13 13 13 13 13 13 13 13 13 13 13 13 13 13 13 13 13 13 13 13 13 13 13 13 13 13 13 13 13 13 13 13 13 13 13 13 13 13 13 13 13 13 13 13 13 13 13 13 13 
13 13 13 13 13 13 13 13 13 13 13 13 13 13 13 13 13 13 13 13 13 13 13 13 13 13 13 13 13 13 13 13 13 13 13 13 13 13 13 13 13 13 13 13 13 13 13 13 13 13 13 13 13 13 13 13 13 13 13 13 13 13 13 13 13 13 13 13 13 13 13 13 13 13 13 13 13 13 13 13 
13 13 13 13 13 13 13 13 13 13 13 13 13 13 13 13 13 13 13 13 13 13 13 13 13 13 13 13 13 13 13 13 13 13 13 13 13 13 13 13 13 13 13 13 13 13 13 13 13 13 13 13 13 13 13 13 13 13 13 13 13 13 13 13 13 13 13 13 13 13 13 13 13 13 13 13 13 13 13 13 
13 13 13 13 13 13 13 13 13 13 13 13 13 13 13 13 13 13 13 13 13 13 13 13 13 13 13 13 13 13 13 13 13 13 13 13 13 13 13 13 13 13 13 13 13 13 13 13 13 13 13 13 13 13 13 13 13 13 13 13 13 13 13 13 13 13 13 13 13 13 13 13 13 13 13 13 13 13 13 13 
13 13 13 13 13 13 13 13 13 13 13 13 13 13 13 13 13 13 13 13 13 13 13 13 13 13 13 13 13 13 13 13 13 13 13 13 13 13 13 13 13 13 13 13 13 13 13 13 13 13 13 13 13 13 13 13 13 13 13 13 13 13 13 13 13 13 13 13 13 13 13 13 13 13 13 13 13 13 13 13 
13 13 13 13 13 13 13 13 13 13 13 13 13 13 13 13 13 13 13 13 13 13 13 13 13 13 13 13 13 13 13 13 13 13 13 13 13 13 13 13 13 13 13 13 13 13 13 13 13 13 13 13 13 13 13 13 13 13 13 13 13 13 13 13 13 13 13 13 13 13 13 13 13 13 13 13 13 13 13 13 
13 13 13 13 13 13 13 13 13 13 13 13 13 13 13 13 13 13 13 13 13 13 13 13 13 13 13 13 13 13 13 13 13 13 13 13 13 13 13 13 13 13 13 13 13 13 13 13 13 13 13 13 13 13 13 13 13 13 13 13 13 13 13 13 13 13 13 13 13 13 13 13 13 13 13 13 13 13 13 13 
13 13 13 13 13 13 13 13 13 13 13 13 13 13 13 13 13 13 13 13 13 13 13 13 13 13 13 13 13 13 13 13 13 13 13 13 13 13 13 13 13 13 13 13 13 13 13 13 13 13 13 13 13 13 13 13 13 13 13 13 13 13 13 13 13 13 13 13 13 13 13 13 13 13 13 13 13 13 13 13 
13 13 13 13 13 13 13 13 13 13 13 13 13 13 13 13 13 13 13 13 13 13 13 13 13 13 13 13 13 13 13 13 13 13 13 13 13 13 13 13 13 13 13 13 13 13 13 13 13 13 13 13 13 13 13 13 13 13 13 13 13 13 13 13 13 13 13 13 13 13 13 13 13 13 13 13 13 13 13 13 
