23 22 22 22 21 21 21 20 20 20 19 19 19 18 18 18 17 17 16 16 16 15 15 14 14 13 13 13 12 12 12 11 11 11 11 11 11 11 11 11 11 11 11 12 12 12 12 12 12 12 12 12 13 13 13 13 13 13 13 14 14 14 14 14 14 14 14 15 15 15 15 15 15 15 15 15 15 15 15 16 
23 22 22 22 22 21 21 21 20 20 20 19 19 19 18 18 17 17 16 16 16 15 15 14 14 13 13 13 12 12 12 12 11 11 11 11 11 11 11 11 11 11 12 12 12 12 12 12 12 12 12 13 13 13 13 13 13 14 14 14 14 14 14 14 14 15 15 15 15 15 15 15 15 15 15 15 15 15 23 24 
23 23 22 22 22 21 21 21 20 20 20 19 19 19 18 18 17 17 16 16 15 15 14 14 14 13 13 13 13 12 12 12 12 11 11 11 11 11 11 11 11 12 12 12 12 12 12 12 12 13 13 13 13 13 13 14 14 14 14 14 14 14 14 15 15 15 15 15 15 15 15 15 15 15 15 15 23 25 25 24 
23 23 22 22 22 21 21 21 20 20 20 19 19 19 18 18 17 17 16 16 15 15 15 14 14 14 13 13 13 12 12 12 12 11 11 11 11 11 11 11 12 12 12 12 12 12 12 12 13 13 13 13 13 14 14 14 14 14 14 14 14 15 15 15 15 15 15 15 15 15 15 15 15 15 23 25 25 25 24 24 
24 23 23 23 22 22 21 21 21 20 20 19 19 18 18 18 17 17 16 16 15 15 15 14 14 14 13 13 13 13 12 12 12 12 12 12 11 11 11 11 12 12 12 12 12 12 12 13 13 13 13 13 14 14 14 14 14 14 15 15 15 15 15 15 15 15 15 15 15 15 16 16 19 25 25 25 25 25 25 24 
24 23 23 23 22 22 21 21 21 20 20 19 19 19 18 18 17 17 16 16 16 15 15 14 14 14 13 13 13 13 13 12 12 12 12 12 12 11 11 11 12 12 12 12 12 13 13 13 13 13 14 14 14 14 14 14 15 15 15 15 15 15 15 15 15 15 15 16 16 16 16 26 26 25 25 25 25 25 24 24 
24 24 23 23 23 23 22 22 21 21 20 20 19 19 18 18 17 17 16 16 15 15 15 14 14 14 14 13 13 13 13 13 12 12 12 12 12 12 12 12 12 12 12 13 13 13 13 13 14 14 14 14 14 14 15 15 15 15 15 15 15 15 15 16 16 16 16 16 16 20 26 26 26 26 25 25 25 25 25 24 
24 23 23 23 23 22 22 22 22 21 21 20 20 19 19 18 17 17 16 16 15 15 15 14 14 14 14 13 13 13 13 12 12 12 12 12 12 12 12 12 13 13 13 13 13 14 14 14 14 14 14 15 15 15 15 15 15 15 15 15 16 16 16 16 16 16 16 16 24 26 26 26 26 26 25 25 25 25 24 24 
23 23 23 23 22 22 22 21 21 20 19 19 18 18 17 16 16 16 15 15 15 14 14 14 13 13 13 13 13 12 12 13 13 13 13 13 13 13 13 13 13 14 14 14 14 14 15 15 15 15 15 15 15 16 16 16 16 16 16 16 16 16 16 16 20 27 26 26 26 26 26 26 26 25 25 25 25 24 24 24 
22 22 21 21 20 20 19 19 18 18 17 16 16 16 15 15 14 14 14 14 13 13 13 13 13 13 13 13 13 14 14 14 14 14 14 14 14 14 14 14 15 15 15 15 15 15 16 16 16 16 16 16 16 16 16 16 16 16 16 20 27 27 27 27 26 26 26 26 26 26 25 25 25 25 24 24 24 24 23 23 
19 19 18 18 17 17 16 16 15 15 15 14 14 14 13 13 13 14 14 14 14 14 14 14 15 15 15 15 15 15 15 15 15 15 15 15 15 16 16 16 16 16 16 16 16 16 17 17 17 17 17 17 17 20 26 26 26 26 26 26 26 26 26 26 26 26 25 25 25 25 24 24 24 23 23 22 22 21 21 20 
16 15 15 15 14 14 14 14 14 14 14 15 15 15 15 15 15 16 16 16 16 16 16 16 16 16 16 16 16 16 16 16 16 16 17 17 17 17 17 17 17 17 17 17 17 17 20 25 25 25 25 25 25 25 26 26 26 26 26 26 26 25 25 25 25 24 23 23 22 22 21 21 20 19 19 18 18 17 17 16 
14 15 15 15 15 16 16 16 16 16 17 17 17 17 17 17 17 17 17 17 17 17 17 17 17 17 17 17 17 17 18 18 18 18 18 18 18 18 18 20 24 24 24 24 24 24 25 25 25 25 25 25 25 25 25 25 25 25 24 24 23 23 22 21 21 20 19 19 18 18 17 17 16 16 15 15 15 15 15 15 
16 17 17 17 17 18 18 18 18 18 18 18 18 18 18 18 18 18 18 18 18 18 18 18 18 18 18 18 18 18 19 19 19 19 18 18 23 23 24 24 24 24 24 24 24 24 24 24 24 24 24 24 24 24 24 23 23 23 22 22 21 20 20 19 18 18 17 17 16 16 15 15 16 16 16 16 17 17 17 17 
18 19 19 19 19 19 19 19 20 20 20 20 20 20 19 19 19 19 19 19 19 19 19 19 19 20 19 19 19 19 19 19 20 23 23 23 23 23 23 23 23 23 23 23 23 23 23 24 23 23 23 23 22 22 22 21 21 20 20 19 19 18 18 17 16 16 16 16 17 17 17 17 18 18 18 18 19 19 19 20 
21 21 21 21 21 21 21 21 21 21 21 21 21 20 20 20 20 19 19 19 19 23 23 23 23 23 23 23 22 22 22 22 22 22 22 22 22 22 22 22 22 21 21 21 20 20 19 19 18 18 17 17 17 17 17 18 18 18 18 19 19 19 19 20 20 20 21 21 21 21 22 22 22 22 22 22 22 22 22 22 
22 22 22 22 22 22 22 21 21 21 21 20 20 20 20 20 19 19 23 23 23 23 23 22 22 22 22 22 22 22 22 22 21 21 21 21 21 21 21 20 20 20 19 19 19 18 18 18 18 18 18 19 19 19 20 20 20 20 21 21 21 21 22 22 22 22 23 23 23 23 23 23 24 24 24 24 24 24 24 24 
23 23 22 22 22 21 21 21 21 20 20 20 20 20 20 23 23 23 23 22 22 22 22 21 21 21 21 21 21 21 21 21 21 21 20 20 20 20 20 19 19 19 19 19 19 19 19 20 20 20 20 21 21 21 22 22 23 23 23 23 23 24 24 24 24 24 24 24 25 25 25 25 25 25 26 26 25 25 24 24 
22 22 21 21 21 21 20 20 20 20 20 19 22 23 23 22 22 22 21 21 21 21 20 20 20 21 21 21 21 21 20 20 20 20 20 20 20 19 20 20 20 20 20 20 21 21 21 21 22 22 22 23 23 24 24 24 24 25 25 25 25 25 25 25 25 25 25 25 26 26 26 25 25 24 24 24 23 23 22 22 
21 21 21 21 20 20 19 19 18 18 18 21 22 22 21 21 21 21 20 20 20 20 20 20 20 20 20 20 20 20 20 20 20 20 20 20 20 21 21 21 21 21 22 22 22 22 22 23 23 23 23 24 24 24 25 25 25 25 25 25 26 26 26 26 26 26 25 25 25 25 24 24 23 23 23 22 22 21 21 21 
20 19 19 18 17 17 16 16 16 15 15 15 15 16 17 17 18 18 18 18 18 18 19 19 19 19 19 19 19 20 20 20 21 21 21 22 22 22 22 23 23 23 23 23 23 23 23 23 24 24 24 24 25 25 25 25 25 26 26 26 26 25 25 25 25 25 24 24 24 23 23 23 22 22 21 21 20 19 18 17 
14 14 13 13 12 12 18 18 18 18 14 14 15 15 15 15 15 15 16 16 17 17 18 18 17 18 19 20 21 22 23 23 23 24 24 25 25 25 24 24 24 24 24 24 24 24 24 24 24 25 25 25 25 25 25 25 24 24 24 24 24 23 23 23 22 22 21 20 19 18 18 17 16 15 15 14 13 12 11 11 
11 11 11 11 11 11 11 11 11 11 11 11 11 11 11 11 11 11 11 11 11 11 11 11 11 11 11 11 11 11 11 11 11 11 11 11 11 11 11 11 11 11 11 11 11 11 11 11 11 11 11 11 11 11 11 11 11 11 11 11 11 11 11 11 11 11 11 11 11 11 11 11 11 11 11 11 11 11 11 11 
0 0 0 2 63 99 101 102 102 102 103 103 104 104 105 105 105 106 106 107 107 107 18 18 17 17 16 15 15 13 11 11 11 11 11 11 11 11 11 11 11 11 11 11 11 11 11 11 11 11 11 11 11 11 11 11 11 11 11 11 11 11 11 11 11 11 11 11 11 11 11 11 11 11 11 11 11 11 11 11 
102 103 103 104 104 104 105 105 106 106 107 107 108 108 109 109 109 110 110 111 111 111 112 112 113 113 114 20 20 17 18 18 18 18 22 23 23 23 23 22 22 22 22 22 22 22 22 22 21 21 21 21 21 21 21 21 22 22 22 22 23 23 23 1 5 6 4 0 0 1 2 2 0 1 67 99 101 101 102 102 
103 103 103 104 104 105 105 105 106 106 107 107 108 108 109 109 110 110 111 111 111 112 112 113 113 114 114 115 115 116 116 117 118 118 64 20 20 20 20 20 20 20 20 20 21 22 22 22 22 22 22 22 22 22 22 22 21 21 21 21 22 22 13 3 4 4 1 0 0 1 1 0 0 4 50 97 101 102 102 102 
103 103 104 104 104 105 105 106 106 106 107 107 108 108 109 109 110 110 111 111 112 112 113 113 114 114 114 115 115 116 117 117 118 118 119 120 120 113 0 0 0 4 21 21 21 21 21 21 20 21 21 22 22 22 22 23 23 23 23 23 24 19 0 2 3 2 0 0 1 1 0 0 3 8 73 97 101 102 102 102 
104 104 104 105 105 105 106 106 107 107 107 108 108 109 109 110 110 111 111 112 112 113 113 114 114 115 115 116 116 117 117 118 118 119 111 1 0 0 0 1 1 2 1 1 0 3 19 19 22 22 22 22 22 21 23 23 23 23 23 18 0 0 1 1 0 0 0 0 0 0 4 10 59 93 101 101 102 102 103 103 
104 104 105 105 105 106 106 106 107 107 108 108 108 109 109 110 110 111 111 112 112 113 113 114 114 115 115 116 116 117 117 118 118 118 118 118 118 118 118 118 118 118 118 118 118 118 118 118 118 118 118 118 118 118 118 118 118 118 118 118 118 118 118 118 118 118 118 118 118 118 118 118 118 118 118 118 118 118 118 118 
108 108 108 109 109 110 110 111 111 112 112 113 113 114 114 115 115 116 116 117 117 108 1 2 0 0 0 0 1 3 2 0 0 0 1 1 1 1 0 0 0 0 0 0 1 3 2 0 0 1 0 0 0 0 0 0 1 0 0 0 0 2 84 100 101 102 102 102 103 103 103 104 104 105 105 105 106 106 107 107 
108 108 108 109 109 110 110 110 111 111 112 112 113 113 114 114 115 115 116 116 2 1 2 1 0 0 1 1 3 2 1 2 1 1 1 1 1 0 0 0 0 1 0 2 3 2 0 0 1 1 0 0 0 0 0 1 1 0 0 0 0 50 87 101 101 102 102 102 103 103 103 104 104 104 105 105 105 106 106 107 
108 108 108 109 109 110 110 111 111 111 112 112 113 113 114 114 115 115 109 49 1 1 0 0 0 0 1 2 1 1 2 2 1 0 0 0 1 0 0 0 0 0 2 3 1 0 0 0 0 0 0 0 0 0 0 1 0 0 0 0 0 34 81 98 101 102 102 102 103 103 103 104 104 104 105 105 106 106 106 107 
108 108 109 109 109 110 110 111 111 112 112 113 113 113 114 115 111 48 1 1 1 0 0 0 1 1 1 0 1 2 2 1 0 0 0 0 0 0 0 0 0 2 2 0 0 0 0 0 0 1 0 0 0 0 1 0 0 0 1 0 1 47 96 101 102 102 102 103 103 103 104 104 104 105 105 105 106 106 106 107 
108 108 109 109 109 110 110 111 111 112 112 113 113 114 110 96 38 1 1 1 0 0 0 1 2 0 0 0 1 1 0 0 0 0 0 1 1 1 0 1 2 1 0 0 0 0 0 0 1 0 0 0 0 1 0 0 0 1 0 2 27 69 94 101 102 102 102 103 103 103 104 104 105 105 105 106 106 106 107 107 
108 108 109 109 110 110 110 111 111 112 112 113 113 100 38 1 1 0 0 0 0 0 2 1 0 0 0 0 0 0 0 0 0 0 1 2 3 1 2 1 0 0 0 1 0 0 0 1 0 0 0 1 1 0 0 0 1 0 2 3 31 74 94 101 102 102 102 103 103 103 104 104 105 105 105 106 106 107 107 107 
108 108 109 109 110 110 110 111 111 112 113 110 94 1 0 0 0 0 0 0 0 1 2 0 0 0 0 0 0 0 0 0 0 1 1 2 2 1 2 0 1 4 4 1 0 0 1 1 0 0 2 1 0 0 0 1 0 0 1 4 7 79 97 102 102 102 103 103 103 104 104 104 105 105 105 106 106 107 107 107 
108 108 109 109 109 110 110 111 111 111 96 68 2 1 0 0 0 0 0 0 1 2 2 0 0 0 0 1 0 0 0 0 1 1 1 2 0 2 1 1 6 12 2 0 0 1 2 0 0 2 3 0 0 1 1 1 0 0 1 9 12 85 101 102 102 102 102 103 103 103 104 104 104 105 105 105 106 106 107 107 
108 108 109 109 109 110 110 110 109 91 31 1 1 0 0 0 0 0 0 0 1 2 1 1 1 0 0 0 0 0 0 0 0 0 0 0 0 0 0 5 12 7 2 0 0 0 1 0 0 1 0 0 0 0 0 0 0 0 4 6 3 43 89 100 102 102 103 103 103 104 104 104 105 105 105 105 106 106 107 107 
108 108 109 109 109 110 112 101 71 0 1 1 0 0 0 0 0 0 0 1 2 1 1 1 1 1 0 0 0 0 0 0 0 0 0 0 0 0 2 5 7 4 1 0 0 0 1 1 1 0 0 0 0 0 0 0 0 2 2 1 0 6 81 94 102 102 103 103 103 104 104 104 105 105 105 106 106 106 107 107 
108 108 109 110 109 106 60 0 0 1 2 0 0 0 0 0 1 1 2 3 1 1 2 2 1 0 0 0 0 0 0 0 0 0 0 0 0 0 1 2 3 0 0 0 1 1 1 1 0 0 0 0 0 0 0 0 1 1 1 0 0 7 84 93 99 102 103 103 103 104 104 104 105 105 105 106 106 106 107 107 
108 110 105 93 61 1 1 1 1 1 0 0 0 0 0 0 1 2 2 1 1 2 1 0 0 0 0 0 1 0 0 1 0 0 1 0 0 0 0 1 0 0 0 1 1 1 1 1 0 0 0 0 0 0 0 1 0 0 0 0 0 8 88 93 96 101 103 103 103 104 104 104 105 105 105 106 106 107 107 107 
99 89 0 1 1 1 1 1 2 0 0 0 0 0 0 1 1 1 0 1 2 2 1 0 1 0 0 1 0 0 1 1 1 3 1 1 0 0 1 0 0 0 1 1 1 1 2 1 0 1 0 0 0 0 0 0 0 0 0 0 0 0 0 91 93 96 103 103 102 104 104 104 104 105 105 106 105 105 97 83 
1 0 1 2 2 2 1 1 0 0 0 0 0 0 1 1 0 0 1 1 1 0 0 1 0 1 2 0 0 1 2 1 3 2 1 1 0 1 0 0 0 0 0 1 1 1 1 0 0 0 0 0 0 0 0 0 0 0 0 0 0 1 1 0 81 85 95 99 94 99 102 99 103 99 92 93 77 69 2 0 
1 0 0 1 1 1 0 0 1 1 0 0 0 0 1 2 1 1 1 1 1 0 0 0 0 1 1 1 0 0 1 1 2 1 0 0 0 2 1 0 0 0 0 1 1 1 2 0 0 0 0 0 0 0 0 0 0 0 0 0 0 1 0 0 1 1 0 73 75 66 74 80 67 74 55 1 3 2 1 0 
0 0 0 0 0 0 0 0 1 1 1 1 0 0 1 2 1 3 2 1 1 0 0 0 0 1 0 1 0 0 0 1 0 0 0 0 0 2 1 0 0 1 0 1 1 1 1 0 0 0 0 0 0 0 0 0 0 0 0 0 0 1 0 0 1 1 0 0 0 1 1 0 0 1 1 1 3 1 0 0 
0 0 0 0 0 0 0 0 1 1 1 1 2 1 1 2 1 2 1 1 1 0 1 1 1 1 0 1 0 0 0 1 0 0 0 0 0 1 0 0 1 1 1 1 1 0 1 1 0 0 0 0 0 0 0 0 0 0 1 1 0 0 1 0 0 0 0 0 0 1 2 1 0 1 1 1 3 1 0 0 
0 1 0 0 0 0 0 1 1 1 1 1 4 2 1 2 2 1 0 1 1 0 2 2 1 0 1 0 0 0 0 0 0 0 0 0 0 1 1 1 1 2 1 1 1 0 0 1 0 0 0 0 0 0 0 0 0 0 1 1 0 0 1 0 0 0 0 0 1 1 2 1 0 2 1 1 3 1 0 0 
0 1 0 1 0 0 0 1 1 0 0 2 6 3 1 1 2 0 0 0 1 0 2 3 1 0 1 0 0 0 0 0 0 0 0 0 0 3 2 1 1 1 1 1 1 0 0 1 0 0 0 0 0 0 0 0 0 0 1 1 1 0 0 0 0 0 0 0 1 1 1 1 1 1 1 0 1 1 0 0 
1 1 0 1 0 0 1 1 1 0 0 1 3 1 1 1 1 1 0 0 0 0 1 1 1 0 1 0 0 0 0 0 2 1 0 0 0 5 3 1 0 0 0 1 1 1 0 1 0 0 1 1 0 0 0 0 0 0 0 1 1 0 0 0 0 0 0 0 1 1 0 0 2 1 0 0 0 2 1 0 
1 1 0 1 0 1 2 1 0 0 0 1 1 0 1 1 1 2 1 0 0 0 0 0 0 0 1 0 0 0 1 0 3 1 0 1 1 5 3 1 0 0 1 1 1 1 0 1 0 0 1 1 0 0 0 0 0 0 0 1 1 0 0 0 0 0 0 0 1 1 0 0 1 0 0 0 1 2 1 0 
1 2 1 1 2 2 2 2 0 0 0 1 0 0 1 1 1 1 0 0 0 0 1 0 0 0 1 0 0 0 1 1 3 1 0 0 1 5 2 0 0 0 2 2 1 1 0 0 0 0 0 0 1 0 0 0 0 0 0 1 1 0 0 0 0 0 0 0 1 1 1 1 1 0 0 1 3 3 1 0 
2 4 2 2 3 4 3 2 1 0 0 1 0 1 1 1 1 1 0 0 0 1 3 1 0 0 0 0 0 0 1 2 1 0 0 0 1 4 1 0 0 0 2 1 1 1 0 0 0 0 0 0 1 0 0 1 0 0 0 1 1 0 0 0 0 0 0 0 1 1 1 1 0 0 0 1 4 3 1 0 
2 5 3 3 4 5 4 3 1 0 0 1 0 1 1 0 1 0 0 0 0 1 4 1 0 0 0 0 0 0 1 2 0 0 0 0 1 4 1 0 0 0 1 1 0 0 0 1 0 0 0 0 0 0 0 0 0 0 0 0 1 0 0 0 0 0 1 0 1 1 1 1 0 0 0 1 2 2 0 0 
1 3 2 2 3 3 2 2 3 2 0 0 0 1 0 0 0 0 0 0 0 1 2 1 0 0 0 1 0 0 0 1 0 0 0 0 1 3 1 0 0 0 0 0 0 0 0 2 1 0 0 1 0 0 0 0 1 0 0 0 0 0 1 1 0 1 2 0 0 0 1 2 0 0 0 1 0 0 0 0 
0 1 1 2 1 1 0 0 5 4 0 0 0 0 0 0 0 0 0 0 0 0 0 0 0 0 0 2 1 0 0 0 0 0 0 1 1 2 1 0 0 0 0 0 0 0 1 2 1 0 0 1 0 1 0 0 1 0 0 0 0 0 1 1 0 1 2 1 1 0 1 2 1 0 0 1 0 0 0 0 
0 0 1 1 1 0 1 0 4 3 0 0 0 0 0 0 0 0 0 0 0 0 1 0 0 0 0 1 0 0 0 0 0 0 1 1 1 1 0 0 1 1 0 0 0 0 1 2 1 0 0 1 1 1 1 0 0 0 0 0 0 0 2 1 0 0 1 1 1 1 0 1 1 0 0 1 1 0 0 0 
1 1 0 1 1 1 3 0 2 2 1 0 0 0 0 0 0 0 1 1 0 0 1 0 0 0 0 1 0 1 1 0 0 0 1 1 0 1 0 1 1 1 0 0 0 0 1 2 1 0 0 1 1 2 1 0 0 0 0 0 0 0 2 1 0 0 0 2 2 1 0 1 2 1 0 1 1 0 0 0 
1 1 0 1 0 1 4 0 0 1 1 0 0 1 0 0 0 0 1 1 0 0 2 2 1 0 0 0 0 1 1 0 0 1 1 1 0 0 1 1 1 1 1 0 0 0 1 1 1 0 0 1 1 1 0 0 0 0 0 0 0 0 1 1 1 1 1 1 1 1 1 1 1 1 0 0 0 0 0 0 
0 0 0 0 0 1 4 0 0 0 1 0 0 0 0 0 0 0 1 1 1 1 1 6 4 0 0 0 0 1 1 0 0 2 1 1 0 0 1 2 2 2 1 0 0 0 0 0 0 0 0 0 2 1 0 0 1 0 0 0 0 0 0 1 1 2 1 0 0 1 1 1 1 1 0 0 0 0 0 0 
0 0 0 0 0 1 4 0 0 0 0 0 0 0 0 0 0 0 0 1 1 3 1 11 8 0 0 0 1 1 0 0 1 2 1 0 0 1 1 2 2 2 1 1 0 0 1 0 0 3 4 1 2 1 0 0 1 0 0 0 1 2 0 0 1 1 1 0 0 0 1 1 2 1 1 1 0 0 0 0 
0 0 0 0 0 1 3 0 0 0 0 0 0 0 2 3 0 0 0 0 1 2 1 9 6 0 0 1 1 1 0 0 1 2 1 0 0 1 1 1 1 1 2 1 1 1 1 0 0 6 9 1 1 0 0 0 1 0 0 0 1 4 0 0 0 1 1 1 0 0 1 2 2 1 2 2 0 1 0 0 
0 0 0 0 0 0 1 0 0 0 0 0 0 0 4 6 0 0 0 0 0 1 0 4 3 0 1 2 2 2 8 0 0 1 0 0 0 2 1 1 1 1 2 1 1 1 2 0 0 8 12 2 2 0 0 0 1 0 0 0 2 5 1 0 0 0 1 1 0 0 1 2 3 2 2 3 0 2 1 0 
0 0 0 0 0 0 0 0 0 0 1 0 0 0 5 8 1 0 0 0 0 0 0 0 0 1 1 3 3 21 2 0 0 0 0 0 0 1 1 1 2 1 2 2 1 1 1 1 0 5 7 1 3 1 0 0 1 0 1 1 1 3 0 0 0 0 1 1 0 0 1 2 2 2 2 2 1 6 2 0 
0 0 0 0 0 0 0 0 0 0 1 1 2 1 3 6 6 1 1 1 0 0 0 0 1 2 1 5 3 44 49 0 0 1 2 1 0 0 1 2 2 0 2 2 1 1 0 1 1 1 1 1 5 2 0 0 1 0 1 1 1 1 0 0 0 1 0 1 0 0 1 1 2 2 2 1 1 10 4 0 
0 0 0 0 0 0 0 1 0 1 2 4 1 1 4 10 1 3 2 0 0 0 1 3 3 1 8 3 1 0 0 0 2 3 3 0 0 1 2 1 0 1 2 1 0 0 1 1 1 0 0 4 1 0 0 1 0 2 3 2 0 0 0 0 1 1 1 0 0 1 1 1 2 2 1 1 9 4 0 0 
0 1 0 0 0 0 1 0 0 2 3 1 0 3 9 1 2 2 0 0 0 1 2 2 1 6 3 48 0 50 0 7 10 23 0 0 0 1 1 0 1 2 1 0 0 0 2 1 0 0 2 1 0 0 0 0 3 4 3 0 0 0 0 1 2 0 0 0 0 0 1 1 2 2 1 8 3 0 0 0 
1 1 0 0 0 1 0 0 1 1 0 0 2 5 1 1 1 0 0 0 1 1 1 0 2 2 1 0 0 51 51 8 45 48 0 0 0 0 1 0 2 1 0 0 0 2 1 0 0 0 1 1 1 0 0 3 4 3 0 0 0 1 2 3 1 0 0 0 0 0 1 2 2 2 6 2 0 1 0 1 
2 1 1 0 0 1 1 0 0 0 0 0 1 2 0 1 0 0 0 0 1 0 1 2 0 1 51 17 0 0 1 0 0 0 2 1 0 1 3 2 1 1 0 0 0 1 1 1 0 0 0 2 3 0 0 2 2 2 0 0 0 1 2 3 2 0 0 0 0 0 1 2 2 1 3 1 0 1 2 2 
1 1 0 0 0 2 1 0 0 0 0 0 1 1 0 0 0 0 0 0 0 0 3 8 1 1 1 1 0 0 0 0 0 0 3 2 0 2 238 3 92 82 63 81 85 42 1 2 1 80 21 76 5 76 32 0 74 0 0 0 1 84 3 78 4 79 0 0 1 0 1 2 2 1 1 0 0 2 3 2 
1 0 0 0 0 3 2 0 1 1 0 1 1 0 0 0 0 0 0 0 0 0 5 14 2 0 231 2 55 0 50 51 107 50 3 1 0 2 5 2 12 255 94 37 176 106 15 2 1 56 0 3 4 0 32 0 10 0 0 0 0 84 32 2 72 38 0 1 1 1 1 1 1 1 0 0 0 2 3 2 
1 0 0 0 0 2 2 0 1 1 0 1 1 0 0 1 1 1 0 0 0 0 4 12 2 0 51 51 51 255 255 51 225 75 2 1 0 1 255 86 11 0 0 0 1 1 1 1 2 0 0 2 2 0 0 0 1 1 0 0 0 84 6 64 3 70 0 1 2 1 2 1 1 1 1 0 0 1 3 1 
1 1 1 1 0 1 1 1 0 2 1 0 0 0 1 2 2 2 1 0 0 0 2 7 1 1 51 51 0 3 1 0 51 0 1 0 0 1 3 0 0 0 0 0 1 1 1 1 2 0 0 1 1 0 0 1 1 1 0 0 0 1 2 1 2 1 0 1 2 2 2 1 0 1 1 0 0 1 2 0 
1 1 1 1 0 1 1 1 0 2 1 0 0 0 1 3 3 2 1 0 1 0 1 2 0 1 1 1 0 3 1 0 1 0 1 0 0 1 31 77 0 76 18 63 84 84 72 83 84 80 3 83 83 52 32 74 1 1 78 60 62 0 1 1 1 0 102 89 101 1 1 92 0 1 1 0 1 1 1 1 
0 1 1 0 0 1 1 0 1 1 0 0 0 0 3 2 2 2 1 1 0 0 0 1 0 1 51 51 47 32 1 0 1 25 0 0 0 1 54 1 0 0 32 10 84 84 1 27 84 11 41 8 7 52 36 0 0 0 1 44 0 0 0 1 1 0 102 0 1 0 102 1 0 1 1 0 1 2 0 1 
0 1 0 0 0 1 0 0 0 0 0 0 0 2 2 1 1 1 1 0 0 0 0 0 0 34 51 46 36 10 0 0 33 16 0 0 0 18 48 30 0 0 0 0 1 0 0 42 43 0 2 3 1 0 0 0 0 39 54 41 61 36 1 1 0 51 51 0 0 0 0 0 1 1 1 1 1 51 102 51 
0 1 0 0 0 1 1 1 0 0 0 1 1 1 2 0 0 1 1 0 0 0 0 0 0 17 51 34 1 0 0 0 1 2 2 2 2 2 2 2 2 2 2 2 2 2 2 2 2 2 2 2 2 2 2 2 2 2 2 2 2 2 2 2 2 2 2 2 2 2 2 2 2 2 2 2 2 2 2 2 
2 2 2 2 2 2 2 2 2 2 2 2 2 2 2 2 2 2 2 2 2 2 2 2 2 2 2 2 2 2 2 2 2 2 2 2 2 2 2 2 2 2 2 2 2 2 2 2 2 2 2 2 2 2 2 2 2 2 2 2 2 2 2 2 2 2 2 2 2 2 2 2 2 2 2 2 2 2 2 2 
2 2 2 2 2 2 2 2 2 2 2 2 2 2 2 2 2 2 2 2 2 2 2 2 2 2 2 2 2 2 2 2 2 2 2 2 2 2 2 2 2 2 2 2 2 2 2 2 2 2 2 2 2 2 2 2 2 2 2 2 2 2 2 2 2 2 2 2 2 2 2 2 2 2 2 2 2 2 2 2 
2 2 2 2 2 2 2 2 2 2 2 2 2 2 2 2 2 2 2 2 2 2 2 2 2 2 2 2 2 2 2 2 2 2 2 2 2 2 2 2 2 2 2 2 2 2 2 2 2 2 2 2 2 2 2 2 2 2 2 2 2 2 2 2 2 2 2 2 2 2 2 2 2 2 2 2 2 2 2 2 
2 2 2 2 2 2 2 2 2 2 2 2 2 2 2 2 2 2 2 2 2 2 2 2 2 2 2 2 2 2 2 2 2 2 2 2 2 2 2 2 2 2 2 2 2 2 2 2 2 2 2 2 2 2 2 2 2 2 2 2 2 2 2 2 2 2 2 2 2 2 2 2 2 2 2 2 2 2 2 2 
