15 15 15 15 16 16 16 16 16 16 16 16 16 16 17 17 17 17 17 17 17 17 17 17 17 17 17 17 17 17 17 17 17 17 17 17 17 17 16 16 16 16 16 16 16 16 16 16 16 15 15 15 15 15 15 15 15 15 15 14 14 14 14 14 14 14 14 14 14 13 13 13 13 13 13 13 13 13 13 13 
16 16 16 16 16 16 16 17 17 17 17 17 17 17 17 17 17 17 17 17 17 17 17 17 17 17 17 17 17 17 17 17 16 16 16 16 16 16 16 16 16 16 16 15 15 15 15 15 15 15 15 15 15 14 14 14 14 14 14 14 14 14 14 13 13 13 13 13 13 13 13 13 15 15 15 15 15 15 15 16 
17 17 17 17 17 17 17 17 17 17 17 17 17 17 17 17 17 17 17 17 17 17 17 17 17 17 16 16 16 16 16 16 16 16 16 16 16 15 15 15 15 15 15 15 15 15 15 14 14 14 14 14 14 14 14 14 13 13 13 13 13 13 13 14 14 15 15 15 15 15 15 15 16 16 16 16 16 16 16 16 
17 17 17 17 17 17 17 17 17 17 17 17 17 17 17 17 17 17 17 17 16 16 16 16 16 16 16 16 16 16 16 15 15 15 15 15 15 15 15 14 14 14 14 14 14 14 14 14 13 13 13 13 13 13 13 14 14 14 15 15 15 15 15 15 16 16 16 16 16 16 16 17 17 17 17 17 17 17 17 17 
17 17 17 17 17 17 17 17 17 17 17 17 17 17 16 16 16 16 16 16 16 16 16 16 15 15 15 15 15 15 15 15 14 14 14 14 14 14 14 13 13 13 13 13 13 14 14 14 14 14 15 15 15 15 15 16 16 16 16 16 16 17 17 17 17 17 17 17 17 18 18 18 18 18 18 18 18 18 18 18 
17 17 17 17 17 17 17 17 17 17 16 16 16 16 16 16 16 16 16 16 15 15 15 15 15 15 15 15 14 14 14 14 14 13 13 13 13 13 14 14 14 15 15 15 15 15 15 15 15 16 16 16 16 16 16 17 17 17 17 17 17 18 18 18 18 18 18 18 18 18 18 18 18 18 18 18 18 18 18 18 
17 17 17 17 17 17 17 17 16 16 16 16 16 16 16 16 16 15 15 15 15 15 15 14 14 14 14 14 13 13 13 13 15 15 15 15 15 15 15 15 15 15 15 16 16 16 16 16 16 16 17 17 17 17 17 18 18 18 18 18 18 18 18 18 18 18 18 18 18 18 18 18 18 18 18 18 18 18 18 18 
17 17 17 17 17 17 17 17 16 16 16 16 16 16 16 16 15 15 15 15 14 14 14 14 13 13 13 14 15 15 15 15 15 15 15 15 15 15 16 16 16 16 16 16 16 17 17 17 17 17 17 18 18 18 18 18 18 18 18 18 18 18 18 18 18 18 18 18 18 18 18 18 18 18 18 18 18 18 18 18 
17 17 17 17 17 17 17 17 16 16 16 16 16 15 15 15 15 14 14 14 14 14 14 15 15 15 15 15 15 15 15 16 16 16 16 16 16 16 16 16 16 17 17 17 17 17 17 18 18 18 18 18 18 18 18 18 18 18 19 19 19 19 19 19 19 19 19 19 19 19 19 19 18 18 18 18 18 18 18 18 
17 17 16 16 16 16 15 15 15 15 15 14 14 14 14 16 16 16 16 16 16 16 16 16 16 16 16 16 16 16 16 16 16 16 16 17 17 17 17 17 17 17 17 18 18 18 18 18 18 18 18 18 19 19 19 19 19 19 19 19 19 19 19 19 19 19 19 19 19 19 19 19 18 18 18 18 18 18 18 18 
15 15 15 15 14 14 16 16 16 16 16 16 16 16 16 16 16 16 16 16 16 16 16 16 16 16 16 17 17 17 17 17 17 17 17 17 18 18 18 18 18 18 18 18 19 19 19 19 19 19 19 19 19 19 19 19 20 20 20 19 19 19 19 19 19 19 19 19 19 18 18 18 18 17 17 17 17 16 16 16 
16 16 16 16 16 16 16 16 16 16 16 16 16 16 16 16 16 16 17 17 17 17 17 17 17 17 17 18 18 18 18 18 18 18 18 19 19 19 19 19 19 19 19 19 20 20 20 20 20 20 20 20 20 20 20 20 19 19 19 19 18 18 18 18 17 17 17 16 16 16 16 15 15 15 16 17 17 17 17 17 
16 16 16 16 16 16 16 16 16 16 16 17 17 17 17 17 17 17 18 18 18 18 18 18 18 19 19 19 19 19 19 19 20 20 20 20 20 20 20 20 20 20 20 20 20 20 20 19 19 19 19 18 18 18 18 17 17 17 17 16 16 16 16 16 18 18 18 18 18 17 17 17 17 17 17 17 17 16 16 16 
16 16 16 16 17 17 17 17 17 17 18 18 18 18 18 18 19 19 19 19 19 20 20 20 20 20 20 20 20 21 21 21 21 20 20 20 20 20 19 19 19 19 19 18 18 18 18 17 17 17 17 17 17 17 19 19 19 19 18 18 18 18 18 17 17 17 17 17 16 16 16 16 16 16 16 16 16 15 15 15 
17 18 18 18 18 18 19 19 19 19 20 20 20 20 20 21 21 21 21 21 21 21 21 21 21 20 20 20 20 20 20 19 19 19 19 19 18 18 18 18 18 18 18 18 20 20 20 19 19 19 19 18 18 18 18 17 17 17 17 16 16 16 16 16 15 15 15 15 15 15 15 15 16 16 16 16 17 17 17 17 
19 19 20 20 20 21 21 21 21 21 22 22 22 22 22 21 21 21 21 21 21 21 21 20 20 20 20 20 20 20 20 19 19 19 19 19 19 22 21 21 20 20 20 19 19 18 18 18 17 17 17 17 16 16 16 16 15 15 15 15 15 14 14 15 15 15 16 16 16 16 17 17 17 17 18 18 18 19 19 19 
22 22 22 22 22 22 22 22 22 22 22 22 22 22 22 22 22 22 21 21 21 21 21 21 21 21 20 20 20 20 21 23 23 22 22 21 20 20 19 19 18 18 17 17 17 16 16 16 15 15 15 15 14 14 14 14 14 15 15 15 16 16 16 17 17 17 18 18 18 19 19 19 20 20 20 21 21 22 22 22 
23 23 23 23 23 23 23 23 23 23 23 23 23 23 23 23 23 23 22 22 22 22 22 22 22 21 22 22 22 23 22 22 21 21 20 19 19 18 18 17 17 16 16 16 15 15 15 14 14 14 14 14 14 14 15 15 16 16 17 17 17 18 18 18 19 19 19 20 20 21 21 22 22 22 23 23 23 23 23 24 
24 24 24 24 24 24 24 24 24 24 24 24 24 24 24 24 24 23 23 23 23 23 23 23 22 22 22 23 23 22 22 21 20 20 19 18 18 17 17 16 16 15 15 15 14 14 13 13 13 14 14 15 15 16 16 17 17 18 18 19 19 19 20 20 21 21 22 22 22 23 23 24 24 24 24 24 24 25 25 25 
24 24 24 24 24 24 24 24 24 24 24 24 24 24 24 24 24 24 24 24 24 21 20 21 21 21 22 21 21 21 20 20 19 19 18 18 17 17 16 16 15 15 14 14 13 13 13 13 14 15 15 16 16 17 18 19 19 20 20 20 21 21 22 22 23 23 24 24 24 24 24 24 24 25 25 25 25 25 25 25 
25 25 24 24 24 24 24 24 24 24 24 24 24 24 24 24 24 24 24 17 13 14 14 15 15 16 17 17 17 17 18 19 18 18 17 17 16 16 15 15 14 13 13 13 12 13 13 14 14 15 15 16 16 17 18 18 19 20 20 21 22 22 23 24 24 24 24 24 24 24 24 24 24 24 24 24 24 24 24 24 
24 24 24 24 24 24 24 24 24 24 24 24 23 23 23 21 103 14 14 13 13 12 11 11 11 11 11 11 11 11 11 11 11 11 11 11 11 11 11 11 11 11 11 11 11 11 11 11 11 11 11 11 11 11 11 11 11 11 11 11 11 11 11 11 11 11 11 11 11 11 11 11 11 11 11 11 11 11 11 11 
20 20 20 21 21 103 103 104 104 104 104 105 105 105 106 106 106 106 107 107 107 107 108 108 108 109 15 14 14 13 12 11 10 10 10 10 10 10 10 10 10 10 10 10 10 10 10 10 10 10 10 10 10 10 10 10 10 10 10 10 10 10 10 10 10 10 10 10 10 10 10 10 10 10 10 10 10 10 10 10 
104 104 104 104 105 105 105 106 106 106 106 107 107 107 107 108 108 108 109 109 109 110 110 110 110 111 111 111 112 112 112 112 113 113 113 55 9 10 10 10 10 10 10 10 10 10 10 10 10 10 10 10 10 10 10 10 10 10 10 10 10 10 10 10 10 10 10 10 10 10 10 10 10 10 10 10 10 10 10 10 
106 106 106 107 107 107 108 108 108 108 109 109 109 110 110 110 110 111 111 111 112 112 112 113 113 113 113 114 114 114 115 115 115 116 116 116 116 117 117 117 118 119 86 15 14 15 15 15 15 14 14 14 14 14 14 15 15 15 15 15 15 15 15 15 102 102 102 102 103 103 103 103 103 104 104 104 104 105 105 105 
106 106 106 107 107 107 107 108 108 108 109 109 109 109 110 110 110 111 111 111 111 112 112 112 113 113 113 114 114 114 115 115 115 115 116 116 116 117 117 116 114 71 18 18 19 19 19 19 19 19 19 18 18 18 18 18 17 17 17 17 17 17 17 102 102 102 102 103 103 103 103 103 104 104 104 104 104 105 105 105 
106 106 107 107 107 108 108 108 108 109 109 109 110 110 110 110 111 111 111 112 112 112 113 113 113 113 114 114 114 115 115 115 116 116 116 117 110 100 0 1 0 2 2 0 16 17 22 23 24 24 24 24 24 24 23 23 23 23 23 22 102 102 102 102 102 103 103 103 103 103 104 104 104 104 104 105 105 105 105 105 
106 106 106 107 107 107 107 108 108 108 109 109 109 109 110 110 110 111 111 111 112 112 112 112 113 113 113 114 114 114 115 115 115 115 116 107 45 0 0 0 2 2 0 0 0 0 1 1 7 18 18 18 17 21 23 23 23 23 23 64 102 102 102 102 102 103 103 103 103 103 104 104 104 104 104 105 105 105 105 105 
106 106 106 107 107 107 108 108 108 108 109 109 109 110 110 110 111 111 111 111 112 112 112 113 113 113 114 114 114 114 115 115 115 116 68 0 0 0 1 3 2 0 0 0 1 1 1 4 16 17 17 16 16 16 18 17 18 16 102 102 102 102 102 102 103 103 103 103 103 104 104 104 104 104 105 105 105 105 105 106 
106 107 107 107 107 108 108 108 109 109 109 109 110 110 110 111 111 111 112 112 112 112 113 113 113 114 114 114 113 103 45 0 0 0 1 2 2 1 1 1 1 1 1 1 0 0 5 16 17 17 17 17 17 17 62 101 102 102 102 102 102 103 103 103 103 103 104 104 104 104 104 105 105 105 105 105 106 106 106 106 
107 107 107 107 108 108 108 108 109 109 109 110 110 110 111 111 111 111 112 112 112 113 113 113 114 114 109 49 0 0 0 0 1 2 1 1 2 2 1 0 0 0 1 0 0 0 5 16 16 17 17 18 62 101 101 101 102 102 102 102 103 103 103 103 103 104 104 104 104 104 105 105 105 105 105 106 106 106 106 106 
107 108 108 108 108 108 109 109 109 110 110 110 110 111 111 111 112 112 112 113 113 113 113 108 82 1 0 0 1 1 2 1 0 2 3 2 1 0 0 0 1 0 0 0 0 0 16 16 16 17 101 101 101 101 102 102 102 102 102 103 103 103 103 104 104 104 104 104 105 105 105 105 106 106 106 106 106 107 107 107 
108 108 108 108 108 109 109 109 109 110 110 110 111 111 111 112 112 112 112 113 110 84 1 0 0 0 1 2 1 0 0 1 1 0 0 0 0 0 1 1 1 1 0 2 1 3 16 15 100 100 101 101 101 101 102 102 102 102 102 103 103 103 103 104 104 104 104 105 105 105 105 105 106 106 106 106 107 107 107 107 
108 108 108 109 109 109 109 109 110 110 110 110 111 111 111 112 112 112 99 0 0 0 0 0 1 2 0 0 0 0 0 0 0 0 0 0 1 1 3 2 1 2 0 0 0 2 100 100 100 101 101 101 101 101 102 102 102 102 103 103 103 103 103 104 104 104 104 105 105 105 105 106 106 106 106 106 107 107 107 107 
108 108 108 109 109 109 109 110 110 110 110 110 111 111 111 107 94 38 0 0 0 0 0 2 1 0 0 0 0 0 0 0 0 0 0 1 1 2 1 2 1 0 2 5 52 100 100 100 100 101 101 101 101 101 102 102 102 102 102 103 103 103 103 104 104 104 104 104 105 105 105 105 106 106 106 106 107 107 107 107 
108 108 109 109 109 109 109 110 110 110 110 111 111 106 83 0 0 0 0 0 0 1 2 2 0 0 0 0 1 0 0 0 0 1 1 1 2 0 2 1 1 6 12 100 100 100 100 100 101 101 101 101 101 101 102 102 102 102 103 103 103 103 103 104 104 104 104 105 105 105 105 106 106 106 106 106 107 107 107 107 
108 108 108 109 109 109 109 110 110 110 110 107 93 0 0 0 0 0 0 0 1 2 1 1 1 0 0 0 0 0 0 0 0 0 0 0 0 0 0 3 9 11 100 100 100 100 100 100 101 101 101 101 101 101 102 102 102 102 102 103 103 103 103 104 104 104 104 104 105 105 105 105 106 106 106 106 107 107 107 107 
108 108 108 108 109 109 109 109 109 100 44 1 0 0 0 0 0 0 0 2 2 1 1 1 1 1 0 0 0 0 0 0 0 0 0 0 0 0 3 7 53 100 100 100 100 100 100 101 101 101 101 101 101 102 102 102 102 102 102 103 103 103 103 103 104 104 104 104 105 105 105 105 105 106 106 106 106 107 107 107 
108 108 108 109 109 109 108 91 1 2 0 0 0 0 0 1 1 2 3 1 1 2 2 1 0 0 0 0 0 0 0 0 0 0 0 0 0 1 2 99 100 100 100 100 100 100 101 101 101 101 101 101 102 102 102 102 102 102 103 103 103 103 103 103 104 104 104 104 105 105 105 105 106 106 106 106 107 107 107 107 
108 108 108 107 101 46 1 1 1 0 0 0 0 0 0 1 2 1 1 1 2 1 0 0 0 0 0 1 0 0 1 0 0 1 0 0 0 50 99 100 100 100 100 100 100 100 101 101 101 101 101 101 102 102 102 102 102 102 103 103 103 103 103 103 104 104 104 104 104 105 105 105 105 106 106 106 106 107 107 107 
108 108 99 1 1 1 2 0 0 0 0 0 0 1 1 1 0 1 2 2 1 0 1 0 0 1 0 0 1 1 1 3 1 1 0 0 99 99 99 100 100 100 100 100 100 101 101 101 101 101 102 102 102 102 102 102 103 103 103 103 103 103 104 104 104 104 104 104 105 105 105 105 106 106 106 106 106 107 107 107 
95 2 2 1 1 0 0 0 0 0 0 0 1 0 0 0 1 1 0 0 0 0 0 1 1 0 0 1 1 1 2 1 1 0 1 99 99 99 99 99 100 100 100 100 100 101 101 101 101 101 101 102 102 102 102 102 103 103 103 103 103 103 104 104 104 104 104 104 105 105 105 105 105 106 106 106 106 106 107 87 
1 1 0 0 0 1 0 0 0 0 0 1 1 1 1 1 1 0 0 0 0 0 1 1 0 0 0 1 1 1 0 0 0 50 99 99 99 99 99 99 99 100 100 100 100 100 101 101 101 101 101 101 102 102 102 102 102 103 103 103 103 103 104 104 104 104 104 104 105 105 105 105 105 106 106 104 98 45 0 0 
0 0 0 1 1 1 0 0 0 1 1 1 2 1 1 0 0 0 0 0 0 0 0 0 0 0 0 0 0 0 0 1 98 99 99 99 99 99 99 99 100 100 100 100 100 100 101 101 101 101 101 102 102 102 102 102 102 103 103 103 103 103 104 104 104 104 104 105 105 105 105 105 105 101 82 0 0 0 0 0 
0 0 1 1 1 1 1 1 1 1 1 1 1 1 0 0 1 1 1 0 0 0 0 0 0 0 0 0 0 0 1 98 98 99 99 99 99 99 99 99 100 100 100 100 100 100 100 101 101 101 101 101 102 102 102 102 102 103 103 103 103 103 103 104 104 104 104 104 105 105 103 96 89 0 0 0 0 0 0 0 
0 1 1 1 1 3 2 1 1 2 1 0 0 1 0 1 2 1 0 0 0 0 0 0 0 0 0 0 0 0 49 98 98 98 99 99 99 99 99 99 99 100 100 100 100 100 100 100 101 101 101 101 101 101 102 102 102 102 102 103 103 103 103 103 104 104 104 104 104 100 48 0 0 0 0 0 0 0 0 0 
0 1 0 0 1 4 4 1 1 1 0 0 0 0 0 1 2 1 0 0 0 0 0 0 0 0 0 0 0 0 49 98 98 98 98 99 99 99 99 99 99 99 100 100 100 100 100 100 100 101 101 101 101 101 101 102 102 102 102 102 102 103 103 103 103 103 103 100 96 46 1 0 0 0 1 0 0 0 0 0 
1 1 0 0 0 2 1 1 1 1 1 0 0 0 0 0 1 1 0 0 0 0 0 0 0 1 1 0 0 0 49 98 98 98 98 98 99 99 99 99 99 99 99 100 100 100 100 100 100 100 101 101 101 101 101 101 101 102 102 102 102 102 103 103 102 100 98 47 0 0 1 1 0 0 1 0 0 0 0 1 
1 0 0 0 0 1 0 0 1 1 1 1 0 0 0 0 0 0 0 0 0 0 0 0 0 2 1 0 0 1 49 98 98 98 98 98 98 98 99 99 99 99 99 99 99 100 100 100 100 100 100 101 101 101 101 101 101 101 102 102 102 102 101 99 97 87 38 0 0 0 1 1 0 0 1 1 1 1 2 2 
2 0 0 0 0 0 0 0 1 1 1 0 0 0 0 0 0 0 0 0 0 0 0 0 1 2 1 0 0 0 41 90 98 98 98 98 98 98 98 98 99 99 99 99 99 99 100 100 100 100 100 100 100 101 101 101 101 101 101 101 102 99 95 89 41 1 0 0 0 2 3 1 0 1 3 2 2 2 3 3 
2 1 0 0 0 0 0 1 1 1 1 0 0 0 0 2 1 0 0 0 0 0 0 0 1 1 0 0 0 0 3 30 69 89 98 98 98 98 98 98 98 99 99 99 99 99 99 99 100 100 100 100 100 100 100 100 100 100 100 96 96 49 1 1 1 0 0 0 0 3 3 1 0 1 4 3 3 3 4 4 
3 1 0 0 0 0 0 1 0 0 0 0 0 0 0 3 2 0 0 0 0 0 0 0 1 0 0 0 0 0 3 2 0 28 68 89 98 98 97 97 98 98 98 98 99 99 99 99 99 99 100 100 100 99 98 98 96 91 89 45 0 0 1 1 1 0 0 0 0 1 2 0 0 0 2 2 2 2 3 2 
2 2 2 0 0 0 0 0 0 0 0 0 0 0 0 1 1 0 0 0 0 0 0 0 0 0 0 0 0 0 2 1 0 0 0 0 0 0 44 87 88 94 98 96 94 96 99 98 97 97 98 96 94 92 86 78 37 0 0 1 0 0 0 0 1 0 0 0 0 0 0 0 0 0 0 1 1 1 1 0 
0 3 4 1 0 0 0 0 0 0 0 0 0 0 0 0 0 0 0 0 1 1 0 0 0 0 0 0 0 1 1 1 0 0 0 0 0 0 0 0 1 1 0 43 81 76 38 0 0 0 0 0 0 0 0 0 1 0 0 1 1 1 0 0 1 1 0 0 0 0 0 0 0 0 0 0 1 1 0 0 
0 2 3 1 0 0 0 0 0 0 0 0 0 0 0 0 0 0 0 0 0 0 0 0 0 0 0 0 1 1 1 0 0 0 1 0 0 0 0 0 1 1 0 0 0 1 1 1 0 0 0 0 0 0 0 1 1 0 0 0 1 1 1 0 0 1 0 0 0 1 0 0 0 0 1 0 0 1 1 2 
1 1 2 1 0 0 0 0 0 0 0 0 1 0 0 0 0 0 0 0 0 0 0 1 0 0 0 0 1 0 0 0 0 1 1 0 0 0 0 0 1 1 0 0 0 1 1 1 0 0 0 0 0 0 0 1 1 0 0 0 1 2 1 0 0 1 1 0 0 1 0 0 0 0 1 0 0 0 0 3 
1 0 0 1 0 0 0 0 0 0 0 0 1 0 0 1 2 1 0 0 0 0 0 1 0 0 0 1 1 0 0 0 1 1 1 1 0 0 0 0 1 1 0 0 0 1 1 0 0 0 0 0 0 0 0 0 1 1 1 1 1 1 1 1 1 1 1 0 0 0 0 0 0 0 0 0 0 0 0 3 
1 0 0 0 0 0 0 0 0 0 0 0 1 1 1 1 4 4 1 0 0 0 0 1 0 0 1 1 1 0 0 0 1 2 2 1 0 0 0 0 0 0 0 0 0 1 1 0 0 0 0 0 0 0 0 0 0 1 1 1 0 0 0 1 1 1 1 0 0 0 0 0 0 0 0 0 0 0 0 3 
1 0 0 0 0 0 0 0 0 0 0 0 0 1 2 1 7 9 2 0 0 0 1 0 0 0 1 1 0 0 0 1 1 2 2 1 1 0 0 0 0 0 2 3 2 1 1 0 0 0 0 0 0 0 1 0 0 0 1 1 0 0 0 0 1 1 1 1 1 0 0 0 0 0 0 0 0 0 0 2 
1 0 0 0 0 0 0 1 2 1 0 0 0 0 1 1 6 7 2 0 0 1 1 0 0 0 1 1 0 0 0 1 1 1 1 1 1 1 1 1 0 0 4 8 3 1 0 0 0 0 0 0 0 0 3 1 0 0 0 1 1 0 0 0 1 2 1 1 2 0 0 0 0 0 0 0 0 0 0 0 
0 0 0 0 0 0 0 2 5 2 0 0 0 0 0 0 2 3 1 0 1 2 2 6 2 0 0 0 0 0 1 1 1 1 1 1 1 1 1 1 0 0 5 10 5 2 0 0 0 0 0 0 0 1 4 2 0 0 0 0 1 0 0 0 1 2 2 2 2 1 1 1 0 0 0 0 0 0 0 0 
0 0 0 0 0 0 0 3 7 3 0 0 0 0 0 0 0 0 0 1 2 3 15 8 0 0 0 0 0 0 0 1 1 1 1 1 2 1 1 1 1 0 3 6 3 2 1 0 0 0 0 0 1 1 2 1 0 0 0 0 1 0 0 0 1 2 2 2 2 1 4 3 0 0 0 0 0 0 0 0 
0 0 0 0 1 1 1 2 5 6 2 1 1 0 0 0 0 0 1 1 3 3 30 47 16 0 0 1 1 0 0 0 1 2 0 1 2 1 1 0 0 1 1 1 1 3 3 0 0 0 0 0 1 1 1 0 0 0 0 0 0 0 0 0 1 1 2 2 1 1 7 6 1 0 0 0 0 0 0 0 
0 0 0 1 3 2 1 3 8 4 2 2 0 0 0 0 2 3 1 5 4 1 0 0 0 1 2 3 1 0 0 1 1 0 0 1 1 0 0 0 1 1 0 0 2 2 0 0 0 0 1 2 2 0 0 0 0 0 1 1 0 0 0 1 1 1 2 1 1 6 5 1 0 0 0 0 0 0 0 0 
0 0 1 2 1 0 2 7 3 1 2 0 0 0 0 1 2 1 4 4 33 16 33 16 4 9 18 7 0 0 0 1 0 0 1 1 0 0 0 1 1 0 0 1 1 0 0 0 0 2 3 3 1 0 0 0 0 1 0 0 0 0 0 0 1 1 2 1 5 4 1 0 0 0 1 1 0 0 0 0 
0 0 1 0 0 1 4 2 1 1 0 0 0 0 1 1 0 1 2 1 0 0 34 51 22 32 47 16 0 0 0 0 0 1 1 0 0 0 1 1 0 0 0 0 1 1 0 0 2 3 3 1 0 0 0 1 2 1 0 0 0 0 0 0 1 2 2 4 3 0 0 0 0 1 1 1 0 0 0 1 
0 0 0 0 0 0 1 0 0 0 0 0 0 0 0 0 1 0 0 34 28 5 0 0 0 0 0 1 1 0 0 2 2 1 1 0 0 0 0 1 1 0 0 0 1 2 1 0 1 2 2 0 0 0 0 1 2 2 0 0 0 0 0 0 1 2 1 2 1 0 0 1 2 1 1 0 0 0 1 1 
0 0 0 0 0 0 1 0 0 0 0 0 0 0 0 2 6 3 1 1 1 0 0 0 0 0 0 2 2 0 1 159 81 49 85 74 71 83 63 22 1 1 40 51 48 41 39 54 16 37 37 0 0 0 42 44 40 47 47 40 0 0 0 0 1 2 1 1 0 0 1 2 2 1 0 0 0 0 2 2 
0 0 1 0 0 1 0 0 0 0 0 0 0 0 0 3 11 6 0 154 78 37 18 33 50 88 69 18 1 0 1 4 3 7 176 134 69 124 122 55 8 1 28 28 2 3 1 16 16 5 5 0 0 0 42 58 17 20 47 28 0 1 1 1 1 1 1 0 0 0 1 2 2 1 0 0 0 0 1 2 
0 0 1 0 0 1 0 0 0 1 1 0 0 0 0 2 9 5 0 34 51 51 187 255 119 167 125 26 1 0 0 170 142 34 5 0 0 0 1 1 1 1 0 0 1 2 0 0 0 0 1 0 0 0 42 45 34 40 42 34 0 1 1 1 1 1 1 1 0 0 0 2 1 1 1 1 1 0 0 1 
1 0 1 1 0 0 0 0 1 2 2 1 0 0 0 1 5 3 1 34 51 17 2 1 0 34 17 0 0 0 0 2 1 0 0 0 0 0 1 1 1 1 0 0 0 1 0 0 0 1 1 0 0 0 0 1 1 1 1 0 0 1 2 2 1 0 0 1 0 0 0 1 0 0 1 1 1 0 0 1 
1 0 1 1 0 0 0 0 2 3 2 1 0 0 0 0 1 0 0 1 1 0 2 1 0 0 0 0 0 0 0 16 54 38 38 47 40 74 84 78 78 84 82 41 43 83 68 42 53 37 1 42 79 78 78 37 1 1 0 51 95 95 51 1 46 46 0 1 0 0 1 1 1 0 0 1 0 0 0 1 
0 0 1 0 0 0 0 2 2 2 2 1 1 0 0 0 0 0 0 34 51 48 37 11 0 0 17 8 0 0 0 27 27 0 0 16 21 47 84 42 14 55 48 26 25 8 29 44 18 0 0 0 24 24 10 10 0 1 0 51 51 0 0 51 51 0 0 1 0 0 1 0 0 0 0 1 0 0 0 1 
0 0 0 0 0 0 1 3 1 1 1 1 0 0 0 0 0 0 17 51 48 40 21 0 0 17 32 0 0 0 1 36 60 0 0 0 0 1 0 0 0 85 0 1 3 2 0 0 0 0 0 68 74 74 47 1 1 0 0 102 0 0 0 0 0 1 1 1 1 1 0 102 102 0 1 0 0 0 1 1 
1 1 0 0 1 1 1 3 1 0 1 2 1 0 0 0 0 0 0 51 51 1 1 0 0 1 2 2 2 2 2 2 2 2 2 2 2 2 2 2 2 2 2 2 2 2 2 2 2 2 2 2 2 2 2 2 2 2 2 2 2 2 2 2 2 2 2 2 2 2 2 2 2 2 2 2 2 2 2 2 
2 2 2 2 2 2 2 2 2 2 2 2 2 2 2 2 2 2 2 2 2 2 2 2 2 2 2 2 2 2 2 2 2 2 2 2 2 2 2 2 2 2 2 2 2 2 2 2 2 2 2 2 2 2 2 2 2 2 2 2 2 2 2 2 2 2 2 2 2 2 2 2 2 2 2 2 2 2 2 2 
2 2 2 2 2 2 2 2 2 2 2 2 2 2 2 2 2 2 2 2 2 2 2 2 2 2 2 2 2 2 2 2 2 2 2 2 2 2 2 2 2 2 2 2 2 2 2 2 2 2 2 2 2 2 2 2 2 2 2 2 2 2 2 2 2 2 2 2 2 2 2 2 2 2 2 2 2 2 2 2 
2 2 2 2 2 2 2 2 2 2 2 2 2 2 2 2 2 2 2 2 2 2 2 2 2 2 2 2 2 2 2 2 2 2 2 2 2 2 2 2 2 2 2 2 2 2 2 2 2 2 2 2 2 2 2 2 2 2 2 2 2 2 2 2 2 2 2 2 2 2 2 2 2 2 2 2 2 2 2 2 
2 2 2 2 2 2 2 2 2 2 2 2 2 2 2 2 2 2 2 2 2 2 2 2 2 2 2 2 2 2 2 2 2 2 2 2 2 2 2 2 2 2 2 2 2 2 2 2 2 2 2 2 2 2 2 2 2 2 2 2 2 2 2 2 2 2 2 2 2 2 2 2 2 2 2 2 2 2 2 2 
2 2 2 2 2 2 2 2 2 2 2 2 2 2 2 2 2 2 2 2 2 2 2 2 2 2 2 2 2 2 2 2 2 2 2 2 2 2 2 2 2 2 2 2 2 2 2 2 2 2 2 2 2 2 2 2 2 2 2 2 2 2 2 2 2 2 2 2 2 2 2 2 2 2 2 2 2 2 2 2 
