24 24 24 24 24 25 25 25 25 25 25 25 25 25 26 26 26 26 26 26 26 26 25 25 25 25 25 25 25 25 25 25 25 24 24 24 24 24 24 24 24 24 24 24 23 23 23 23 23 23 23 23 23 23 22 22 22 22 22 22 22 22 22 21 21 21 21 22 22 22 22 22 23 23 23 23 23 23 23 23 
24 24 24 24 24 24 24 25 25 25 25 25 25 25 25 25 26 26 26 26 26 25 25 25 25 25 25 25 25 25 25 24 24 24 24 24 24 24 24 24 24 24 23 23 23 23 23 23 23 23 23 23 23 22 22 22 22 22 22 22 22 22 21 21 21 21 22 22 22 22 22 23 23 23 23 23 23 23 24 24 
23 24 24 24 24 24 24 24 24 24 25 25 25 25 25 25 25 25 25 25 25 25 25 25 25 25 25 25 25 25 24 24 24 24 24 24 24 24 24 24 24 23 23 23 23 23 23 23 23 23 23 22 22 22 22 22 22 22 22 22 22 21 21 21 21 21 22 22 22 22 23 23 23 23 23 23 23 24 24 24 
23 23 23 23 23 24 24 24 24 24 24 24 24 24 25 25 25 25 25 25 25 25 25 25 25 25 25 24 24 24 24 24 24 24 24 24 24 24 24 23 23 23 23 23 23 23 23 23 23 23 22 22 22 22 22 22 22 22 22 22 21 21 21 21 21 21 22 22 22 22 23 23 23 23 23 23 24 24 24 24 
22 23 23 23 23 23 23 23 23 24 24 24 24 24 24 24 24 25 25 25 25 25 25 25 25 24 24 24 24 24 24 24 24 24 24 24 24 23 23 23 23 23 23 23 23 23 23 23 22 22 22 22 22 22 22 22 22 22 21 21 21 21 21 21 21 22 22 22 22 23 23 23 23 23 23 24 24 24 24 24 
22 22 22 22 22 23 23 23 23 23 23 23 23 24 24 24 24 24 24 24 25 24 24 24 24 24 24 24 24 24 24 24 24 24 23 23 23 23 23 23 23 23 23 23 23 23 22 22 22 22 22 22 22 22 22 22 21 21 21 21 21 21 21 21 21 22 22 22 22 23 23 23 23 23 23 24 24 24 24 24 
21 21 22 22 22 22 22 22 22 23 23 23 23 23 23 23 24 24 24 24 24 24 24 24 24 24 24 24 24 24 23 23 23 23 23 23 23 23 23 23 23 23 23 22 22 22 22 22 22 22 22 22 22 22 21 21 21 21 21 21 21 21 21 21 21 22 22 22 22 23 23 23 23 23 24 24 24 24 24 24 
21 21 21 21 21 21 22 22 22 22 22 22 22 23 23 23 23 23 23 23 24 24 24 24 24 24 23 23 23 23 23 23 23 23 23 23 23 23 23 23 23 22 22 22 22 22 22 22 22 22 22 22 22 21 21 21 21 21 21 21 21 21 21 21 21 22 22 22 22 23 23 23 23 24 24 24 24 24 24 24 
20 20 20 20 21 21 21 21 21 21 22 22 22 22 22 22 22 23 23 23 23 23 23 23 23 23 23 23 23 23 23 23 23 23 23 23 23 23 23 22 22 22 22 22 22 22 22 22 22 22 22 22 22 21 21 21 21 21 21 21 21 21 21 21 22 22 22 22 23 23 23 23 23 24 24 24 24 24 24 25 
19 19 20 20 20 20 20 21 21 21 21 21 21 22 22 22 22 22 23 23 23 23 23 23 23 23 23 23 23 23 23 23 23 23 23 23 23 23 22 22 22 22 22 22 22 22 22 22 22 22 22 22 21 21 21 21 21 21 21 21 21 21 21 21 22 22 22 22 23 23 23 23 24 24 24 24 24 24 24 25 
18 19 19 19 19 20 20 20 20 20 21 21 21 21 21 22 22 22 22 22 23 23 23 23 23 23 23 23 23 23 23 23 23 23 23 23 23 23 22 22 22 22 22 22 22 22 22 22 22 22 22 21 21 21 21 21 21 21 21 21 21 21 21 22 22 22 22 23 23 23 23 24 24 24 24 24 24 24 25 19 
18 18 19 19 19 19 20 20 20 20 21 21 21 21 21 22 22 22 22 22 23 23 23 23 23 23 23 23 23 23 23 22 22 22 22 22 22 22 22 22 22 22 22 22 22 22 22 22 22 21 21 21 21 21 21 21 21 21 21 21 21 21 22 22 22 22 23 23 23 24 24 24 24 24 24 24 24 25 17 18 
18 18 19 19 19 19 19 20 20 20 20 21 21 21 21 21 22 22 22 22 22 22 22 22 22 22 22 22 22 22 22 22 22 22 22 22 22 22 22 22 22 22 22 22 21 21 21 21 21 21 21 21 21 21 21 21 21 21 21 21 22 22 22 23 23 23 23 24 24 24 24 24 24 24 24 25 19 17 18 18 
18 19 19 19 19 19 20 20 20 20 20 20 21 21 21 21 21 21 21 22 22 22 22 22 22 22 22 22 22 22 22 22 22 22 22 22 22 22 22 22 22 21 21 21 21 21 21 21 21 21 21 21 21 21 21 22 22 22 22 22 23 23 23 24 24 24 24 24 24 24 24 24 25 25 19 18 18 18 18 18 
19 19 19 19 19 19 19 20 20 20 20 20 20 20 20 21 21 21 21 21 21 21 21 21 21 21 21 21 21 21 21 21 21 21 21 21 21 21 21 21 22 22 22 22 22 22 22 22 22 22 22 22 22 22 22 22 23 23 23 23 24 24 24 24 24 24 24 24 25 25 25 25 20 18 18 18 18 18 18 18 
19 19 19 19 19 19 19 19 19 19 20 20 20 20 20 20 20 20 20 20 20 20 21 21 21 21 21 21 21 21 21 21 21 21 21 21 21 22 22 22 22 22 22 22 22 22 22 22 22 23 23 23 23 23 23 23 24 24 24 24 24 25 25 25 25 25 25 25 25 23 19 19 19 19 19 19 19 19 19 19 
19 19 19 19 19 19 19 19 19 19 19 19 19 19 19 20 20 20 20 20 20 20 20 20 21 21 21 21 21 21 21 21 21 22 22 22 22 22 22 22 22 23 23 23 23 23 23 23 23 24 24 24 24 24 25 25 25 25 25 25 25 25 25 25 25 26 20 20 20 20 20 20 20 20 20 20 19 19 19 19 
19 19 19 19 19 19 19 19 19 19 19 19 19 20 20 20 20 20 20 20 20 21 21 21 21 21 21 22 22 22 22 22 23 23 23 23 23 23 23 23 24 24 24 24 24 25 25 25 25 25 25 25 25 25 25 25 25 25 26 26 21 21 21 21 21 21 21 21 21 20 20 20 20 20 20 20 20 20 20 19 
19 19 19 19 19 19 19 19 19 19 20 20 20 20 20 20 21 21 21 21 21 21 22 22 22 22 23 23 23 23 23 23 23 23 23 24 24 24 24 25 25 25 25 25 25 25 25 25 25 25 25 25 25 26 22 22 22 22 22 22 22 22 22 22 22 21 21 21 21 21 21 20 20 20 20 20 19 19 19 19 
18 18 19 19 19 19 19 19 19 20 20 20 20 20 21 21 21 21 22 22 22 22 23 23 23 23 23 23 23 23 23 24 24 24 24 24 24 24 24 24 24 24 24 25 25 25 25 25 25 25 22 22 23 23 23 23 23 23 23 23 23 23 22 22 22 22 22 22 22 21 21 21 21 20 20 20 20 20 19 19 
19 19 19 19 19 19 19 19 20 20 20 20 21 21 21 21 22 22 22 23 23 23 23 23 23 23 23 23 23 24 24 24 24 24 24 24 24 24 24 24 24 24 25 25 25 25 25 21 21 21 22 23 23 23 23 23 23 23 23 23 23 23 23 23 23 23 23 23 23 22 22 22 21 21 21 20 20 20 19 19 
19 19 19 19 19 19 19 20 20 20 20 21 21 21 21 21 22 22 22 22 22 23 22 22 22 23 23 23 23 23 23 24 24 24 24 24 24 24 24 25 25 25 25 24 23 20 20 21 21 22 22 23 23 24 24 24 24 24 24 24 24 24 24 23 23 23 23 23 23 22 22 22 21 21 21 20 20 20 20 19 
19 19 19 19 19 19 19 20 20 20 20 20 21 21 21 21 21 21 21 21 21 21 21 22 22 22 23 23 23 23 24 24 24 24 24 24 24 24 24 24 24 22 21 20 21 21 20 21 21 22 23 24 24 24 24 24 24 24 24 24 24 24 24 24 24 24 24 23 23 22 22 21 21 20 20 20 19 19 19 19 
18 19 19 19 19 19 19 19 20 20 20 20 20 20 20 20 20 20 20 21 21 21 22 22 22 23 23 23 24 24 24 24 24 24 24 24 24 24 13 0 1 1 1 6 17 17 18 21 22 22 22 23 22 22 23 24 24 24 24 24 24 24 24 24 24 24 23 23 22 22 21 21 20 20 20 19 19 19 18 18 
18 18 18 18 19 19 19 20 20 20 20 20 20 21 21 21 21 22 22 22 23 23 23 23 23 23 23 23 23 23 24 24 24 24 0 2 2 1 1 0 0 0 0 1 79 79 79 79 79 20 21 22 22 25 25 25 25 25 25 24 24 24 24 24 23 23 23 22 21 21 20 20 20 19 19 18 18 18 18 18 
18 18 19 19 19 19 20 20 20 20 20 21 21 21 22 22 22 23 23 23 23 23 23 22 22 22 22 22 22 22 22 18 1 2 1 1 0 0 0 0 0 0 1 74 79 79 79 79 79 79 79 79 79 79 79 83 21 21 21 21 21 21 21 21 22 24 24 24 23 23 22 22 21 21 20 20 19 19 19 19 
18 18 18 19 19 19 19 20 20 21 21 21 22 22 22 22 22 22 22 22 22 22 22 22 22 22 22 22 22 13 2 4 2 0 0 0 1 1 0 0 1 30 69 79 79 79 79 79 79 79 79 79 79 79 79 79 79 74 59 23 0 6 21 23 25 25 24 24 24 24 23 23 22 22 21 21 20 20 20 19 
19 17 16 16 17 17 18 19 19 20 21 21 21 22 22 22 22 22 22 22 22 22 22 22 22 22 22 18 2 5 5 2 0 0 1 2 1 0 1 2 2 43 79 79 79 79 79 79 79 79 79 79 79 79 75 63 1 1 0 0 1 1 0 0 0 0 3 17 17 18 19 19 20 20 20 20 21 21 20 19 
19 18 18 18 19 19 20 20 21 21 22 22 22 23 24 24 24 24 23 23 23 23 23 23 23 23 13 3 4 4 1 0 0 1 1 0 0 4 5 2 1 33 66 72 77 79 79 79 79 79 76 71 34 0 0 2 1 0 0 1 0 0 0 0 0 1 1 0 0 0 0 1 6 16 15 16 17 18 17 18 
21 21 21 22 22 22 23 23 24 24 24 24 24 24 23 23 23 23 24 24 24 24 23 0 2 3 3 1 0 1 1 1 0 0 10 8 1 0 1 2 1 0 61 64 60 63 1 2 0 0 0 1 4 2 1 1 2 1 1 0 0 0 1 1 1 1 0 0 3 1 0 0 1 1 1 17 16 17 17 16 
16 23 23 23 23 22 21 21 20 20 19 19 19 19 18 18 18 18 18 17 17 0 0 1 2 1 0 1 0 0 0 0 12 9 1 0 1 3 2 0 1 0 0 0 1 2 0 0 0 1 4 3 2 1 2 1 1 0 0 0 0 2 1 1 1 0 4 1 0 0 1 1 0 0 0 1 2 1 19 18 
14 13 12 12 13 13 13 13 12 12 12 12 12 12 12 12 12 11 11 0 1 1 1 0 0 0 0 0 0 0 7 5 1 0 0 2 1 0 1 0 0 0 1 1 0 1 1 1 3 2 1 1 1 0 0 0 0 0 0 1 1 1 1 0 2 1 0 0 1 1 0 1 1 1 2 1 0 0 17 16 
17 18 17 17 17 17 16 15 14 13 12 12 12 13 13 14 13 11 11 11 11 11 11 11 11 11 11 11 11 11 11 11 11 11 11 11 11 11 11 11 11 11 11 11 11 11 11 11 11 11 11 11 11 11 11 11 11 11 11 11 11 11 11 11 11 11 11 11 11 11 11 11 11 11 11 11 11 11 11 11 
18 18 19 19 19 17 18 17 0 1 1 0 0 0 0 0 1 1 0 0 0 0 0 0 1 1 0 0 1 0 0 0 0 1 7 5 0 0 0 0 2 2 1 0 0 0 0 1 1 4 3 0 0 0 1 1 0 1 0 1 1 2 1 2 0 0 1 0 2 2 1 1 3 17 16 17 16 16 16 18 
18 19 19 19 21 0 0 0 1 0 0 0 0 1 2 0 0 0 0 0 0 2 1 0 0 1 0 0 0 0 1 9 6 0 0 0 0 2 3 1 0 0 0 0 1 1 5 3 0 0 0 1 1 0 1 0 1 1 1 2 1 0 0 1 1 2 1 0 2 3 2 1 17 16 17 17 16 16 16 17 
19 18 0 0 0 1 1 0 0 0 1 2 0 0 1 1 0 2 3 2 1 1 1 1 0 0 0 2 6 4 0 1 0 0 1 2 0 0 0 1 1 0 0 3 2 0 0 0 1 0 0 1 1 1 1 1 1 1 0 0 1 2 2 0 0 1 2 1 0 0 0 17 16 17 17 16 16 16 16 16 
0 0 0 1 0 0 0 0 1 0 0 0 1 0 2 3 3 2 1 1 1 0 0 0 2 2 1 1 1 0 0 1 1 0 0 0 1 1 0 0 0 0 0 0 0 0 0 0 0 2 1 1 1 0 0 0 0 0 2 1 0 0 0 0 0 0 0 0 0 0 7 16 17 17 17 17 16 16 16 11 
0 1 1 0 0 1 1 0 0 0 1 1 1 3 3 5 4 1 1 1 0 0 0 1 0 0 0 0 0 1 1 0 0 0 0 1 0 0 0 0 0 0 0 0 0 0 0 1 1 0 0 0 0 0 0 0 1 2 0 0 0 0 0 0 0 0 0 0 1 1 2 5 17 17 17 17 17 14 1 0 
1 2 0 0 2 2 1 0 0 1 1 0 1 2 8 10 1 2 1 1 1 0 2 1 0 0 1 0 1 1 1 0 0 0 0 0 0 0 0 0 0 0 0 0 0 0 1 2 1 0 0 0 0 0 0 1 2 2 0 0 0 0 1 0 0 0 0 1 1 1 2 0 2 17 17 17 17 2 0 0 
2 0 0 2 3 0 0 1 1 1 0 0 1 9 12 1 2 1 1 1 0 2 1 0 0 0 0 1 1 1 0 0 0 0 0 0 1 0 0 0 0 0 1 0 0 1 1 1 0 0 0 0 0 0 1 2 2 1 1 1 0 1 0 0 0 0 1 0 0 1 0 1 0 1 7 17 4 1 0 0 
1 1 0 1 2 0 0 0 0 0 0 0 1 6 7 1 1 0 1 1 0 1 1 0 0 0 0 0 1 1 0 0 0 0 0 1 4 1 0 0 0 0 0 0 0 1 2 1 0 0 0 0 0 0 1 3 2 1 1 2 1 1 0 0 0 0 1 0 0 1 0 0 0 1 4 9 5 2 0 0 
0 2 1 1 1 0 1 0 0 0 0 0 2 3 2 1 0 0 1 1 0 0 1 1 0 0 0 0 1 1 0 0 0 0 0 2 7 2 0 1 0 0 0 0 0 1 3 1 0 1 0 0 1 1 2 4 1 1 2 2 2 0 1 0 0 0 1 0 0 1 0 0 0 0 1 2 4 1 0 0 
1 2 1 1 1 0 1 0 0 0 0 0 1 1 1 1 0 0 0 0 0 1 1 1 0 0 0 0 0 1 0 0 0 0 0 2 9 3 1 1 0 0 1 1 1 1 2 1 0 0 0 0 0 1 2 3 1 1 2 2 1 0 1 0 0 1 1 0 1 1 0 1 1 0 0 0 2 1 0 0 
1 2 1 1 1 1 0 1 0 0 0 0 1 1 0 0 0 0 0 0 0 1 1 0 0 0 0 0 0 1 0 1 0 0 0 1 9 3 1 1 0 1 1 1 1 1 2 0 0 0 0 0 0 1 1 1 0 1 2 2 1 0 1 0 0 1 0 0 1 1 1 3 1 1 0 0 1 0 0 0 
1 1 1 1 2 1 0 1 0 0 0 0 0 0 0 0 0 0 0 0 0 2 1 0 0 0 0 0 1 1 0 1 0 0 0 1 9 3 1 1 0 1 2 2 2 1 1 0 0 0 0 0 0 1 1 0 0 1 1 1 0 0 1 0 1 2 0 0 1 2 1 3 2 1 1 0 1 0 0 0 
0 0 1 1 1 1 0 0 0 0 0 0 0 0 0 0 0 0 0 0 1 1 0 0 1 0 0 0 1 1 0 0 0 0 1 2 6 2 0 1 0 0 1 1 1 0 0 1 1 0 0 0 0 1 2 1 1 1 1 1 0 0 0 0 1 1 1 0 0 1 1 2 1 0 0 0 2 1 0 0 
0 0 1 1 1 2 0 0 0 0 0 0 0 0 0 0 0 0 0 0 1 0 0 1 1 0 0 0 1 1 0 0 0 0 1 3 2 1 0 0 0 0 0 0 0 0 0 1 1 1 1 0 0 1 2 1 3 2 1 1 0 0 0 0 1 0 1 0 0 0 1 0 0 0 0 0 2 1 0 0 
1 0 1 1 1 1 0 0 0 0 0 0 0 0 0 0 0 0 0 0 1 0 0 1 1 0 0 0 1 1 0 0 1 1 1 3 1 0 0 0 0 0 0 0 0 0 0 1 1 1 1 2 1 1 2 1 2 1 1 1 0 1 1 1 1 0 1 0 0 0 1 0 0 0 0 0 1 0 0 1 
1 1 1 1 0 1 1 0 0 0 0 0 0 0 0 0 0 1 1 0 0 1 0 0 0 0 0 0 1 2 1 0 1 1 1 3 1 0 0 0 1 0 0 0 0 0 1 1 1 1 1 4 2 1 2 2 1 0 1 1 0 2 2 1 0 1 0 0 0 0 0 0 0 0 0 0 1 1 1 1 
2 1 1 1 0 0 1 0 0 0 0 0 0 0 0 0 0 1 1 0 0 1 0 0 0 0 0 1 1 2 1 0 2 1 1 3 1 0 0 0 1 0 1 0 0 0 1 1 0 0 2 6 3 1 1 2 0 0 0 1 0 2 3 1 0 1 0 0 0 0 0 0 0 0 0 0 3 2 1 1 
1 1 1 1 0 0 1 0 0 0 0 0 0 0 0 0 0 1 1 1 0 0 0 0 0 0 0 1 1 1 1 1 1 1 0 1 1 0 0 1 1 0 1 0 0 1 1 1 0 0 1 3 1 1 1 1 1 0 0 0 0 1 1 1 0 1 0 0 0 0 0 2 1 0 0 0 5 3 1 0 
0 0 1 1 1 0 1 0 0 1 1 0 0 0 0 0 0 0 1 1 0 0 0 0 0 0 0 1 1 0 0 2 1 0 0 0 2 1 0 1 1 0 1 0 1 2 1 0 0 0 1 1 0 1 1 1 2 1 0 0 0 0 0 0 0 1 0 0 0 1 0 3 1 0 1 1 5 3 1 0 
0 1 1 1 1 0 1 0 0 1 1 0 0 0 0 0 0 0 1 1 0 0 0 0 0 0 0 1 1 0 0 1 0 0 0 1 2 1 0 1 2 1 1 2 2 2 2 0 0 0 1 0 0 1 1 1 1 0 0 0 0 1 0 0 0 1 0 0 0 1 1 3 1 0 0 1 5 2 0 0 
0 2 2 1 1 0 0 0 0 0 0 1 0 0 0 0 0 0 1 1 0 0 0 0 0 0 0 1 1 1 1 1 0 0 1 3 3 1 0 2 4 2 2 3 4 3 2 1 0 0 1 0 1 1 1 1 1 0 0 0 1 3 1 0 0 0 0 0 0 1 2 1 0 0 0 1 4 1 0 0 
0 2 1 1 1 0 0 0 0 0 0 1 0 0 1 0 0 0 1 1 0 0 0 0 0 0 0 1 1 1 1 0 0 0 1 4 3 1 0 2 5 3 3 4 5 4 3 1 0 0 1 0 1 1 0 1 0 0 0 0 1 4 1 0 0 0 0 0 0 1 2 0 0 0 0 1 4 1 0 0 
0 1 1 0 0 0 1 0 0 0 0 0 0 0 0 0 0 0 0 1 0 0 0 0 0 1 0 1 1 1 1 0 0 0 1 2 2 0 0 1 3 2 2 3 3 2 2 3 2 0 0 0 1 0 0 0 0 0 0 0 1 2 1 0 0 0 1 0 0 0 1 0 0 0 0 1 3 1 0 0 
0 0 0 0 0 0 2 1 0 0 1 0 0 0 0 1 0 0 0 0 0 1 1 0 1 2 0 0 0 1 2 0 0 0 1 0 0 0 0 0 1 1 2 1 1 0 0 5 4 0 0 0 0 0 0 0 0 0 0 0 0 0 0 0 0 0 2 1 0 0 0 0 0 0 1 1 2 1 0 0 
0 0 0 0 0 1 2 1 0 0 1 0 1 0 0 1 0 0 0 0 0 1 1 0 1 2 1 1 0 1 2 1 0 0 1 0 0 0 0 0 0 1 1 1 0 1 0 4 3 0 0 0 0 0 0 0 0 0 0 0 0 1 0 0 0 0 1 0 0 0 0 0 0 1 1 1 1 0 0 1 
1 0 0 0 0 1 2 1 0 0 1 1 1 1 0 0 0 0 0 0 0 2 1 0 0 1 1 1 1 0 1 1 0 0 1 1 0 0 0 1 1 0 1 1 1 3 0 2 2 1 0 0 0 0 0 0 0 1 1 0 0 1 0 0 0 0 1 0 1 1 0 0 0 1 1 0 1 0 1 1 
1 0 0 0 0 1 2 1 0 0 1 1 2 1 0 0 0 0 0 0 0 2 1 0 0 0 2 2 1 0 1 2 1 0 1 1 0 0 0 1 1 0 1 0 1 4 0 0 1 1 0 0 1 0 0 0 0 1 1 0 0 2 2 1 0 0 0 0 1 1 0 0 1 1 1 0 0 1 1 1 
1 1 0 0 0 1 1 1 0 0 1 1 1 0 0 0 0 0 0 0 0 1 1 1 1 1 1 1 1 1 1 1 1 0 0 0 0 0 0 0 0 0 0 0 1 4 0 0 0 1 0 0 0 0 0 0 0 1 1 1 1 1 6 4 0 0 0 0 1 1 0 0 2 1 1 0 0 1 2 2 
2 1 0 0 0 0 0 0 0 0 0 2 1 0 0 1 0 0 0 0 0 0 1 1 2 1 0 0 1 1 1 1 1 0 0 0 0 0 0 0 0 0 0 0 1 4 0 0 0 0 0 0 0 0 0 0 0 0 1 1 3 1 11 8 0 0 0 1 1 0 0 1 2 1 0 0 1 1 2 2 
2 1 1 0 0 1 0 0 3 4 1 2 1 0 0 1 0 0 0 1 2 0 0 1 1 1 0 0 0 1 1 2 1 1 1 0 0 0 0 0 0 0 0 0 1 3 0 0 0 0 0 0 0 2 3 0 0 0 0 1 2 1 9 6 0 0 1 1 1 0 0 1 2 1 0 0 1 1 1 1 
1 2 1 1 1 1 0 0 6 9 1 1 0 0 0 1 0 0 0 1 4 0 0 0 1 1 1 0 0 1 2 2 1 2 2 0 1 0 0 0 0 0 0 0 0 1 0 0 0 0 0 0 0 4 6 0 0 0 0 0 1 0 4 3 0 1 2 2 2 8 0 0 1 0 0 0 2 1 1 1 
1 2 1 1 1 2 0 0 8 12 2 2 0 0 0 1 0 0 0 2 5 1 0 0 0 1 1 0 0 1 2 3 2 2 3 0 2 1 0 0 0 0 0 0 0 0 0 0 0 1 0 0 0 5 8 1 0 0 0 0 0 0 0 0 1 1 3 3 21 2 0 0 0 0 0 0 1 1 1 2 
1 2 2 1 1 1 1 0 5 7 1 3 1 0 0 1 0 1 1 1 3 0 0 0 0 1 1 0 0 1 2 2 2 2 2 1 6 2 0 0 0 0 0 0 0 0 0 0 0 1 1 2 1 3 6 6 1 1 1 0 0 0 0 1 2 1 5 3 44 49 0 0 1 2 1 0 0 1 2 2 
0 2 2 1 1 0 1 1 1 1 1 5 2 0 0 1 0 1 1 1 1 0 0 0 1 0 1 0 0 1 1 2 2 2 1 1 10 4 0 0 0 0 0 0 0 0 0 1 0 1 2 4 1 1 4 10 1 3 2 0 0 0 1 3 3 1 8 3 1 0 0 0 2 3 3 0 0 1 2 1 
2 1 0 0 1 1 1 0 0 4 1 0 0 1 0 2 3 2 0 0 0 0 1 1 1 0 0 1 1 1 2 2 1 1 9 4 0 0 0 0 1 0 0 0 0 1 0 0 2 3 1 0 3 9 1 2 2 0 0 0 1 2 2 1 6 3 48 0 50 0 7 10 23 0 0 0 1 1 0 1 
1 0 0 0 2 1 0 0 2 1 0 0 0 0 3 4 3 0 0 0 0 1 2 0 0 0 0 0 1 1 2 2 1 8 3 0 0 0 1 1 1 0 0 0 1 0 0 1 1 0 0 2 5 1 1 1 0 0 0 1 1 1 0 2 2 1 0 0 51 51 8 45 48 0 0 0 0 1 0 2 
1 0 0 0 2 1 0 0 0 1 1 1 0 0 3 4 3 0 0 0 1 2 3 1 0 0 0 0 0 1 2 2 2 6 2 0 1 0 1 2 1 1 0 0 1 1 0 0 0 0 0 1 2 0 1 0 0 0 0 1 0 1 2 0 1 51 17 0 0 1 0 0 0 2 1 0 1 3 2 1 
1 0 0 0 1 1 1 0 0 0 2 3 0 0 2 2 2 0 0 0 1 2 3 2 0 0 0 0 0 1 2 2 1 3 1 0 1 2 2 1 1 0 0 0 2 1 0 0 0 0 0 1 1 0 0 0 0 0 0 0 0 3 8 1 1 1 1 0 0 0 0 0 0 3 2 0 2 238 3 92 
82 63 81 85 42 1 2 1 80 21 76 5 76 32 0 74 0 0 0 1 84 3 78 4 79 0 0 1 0 1 2 2 1 1 0 0 2 3 2 1 0 0 0 0 3 2 0 1 1 0 1 1 0 0 0 0 0 0 0 0 0 5 14 2 0 231 2 55 0 50 51 107 50 3 1 0 2 5 2 12 
255 94 37 176 106 15 2 1 56 0 3 4 0 32 0 10 0 0 0 0 84 32 2 72 38 0 1 1 1 1 1 1 1 0 0 0 2 3 2 1 0 0 0 0 2 2 0 1 1 0 1 1 0 0 1 1 1 0 0 0 0 4 12 2 0 51 51 51 255 255 51 225 75 2 1 0 1 255 86 11 
0 0 0 1 1 1 1 2 0 0 2 2 0 0 0 1 1 0 0 0 84 6 64 3 70 0 1 2 1 2 1 1 1 1 0 0 1 3 1 1 1 1 1 0 1 1 1 0 2 1 0 0 0 1 2 2 2 1 0 0 0 2 7 1 1 51 51 0 3 1 0 51 0 1 0 0 1 3 0 0 
0 0 0 1 1 1 1 2 0 0 1 1 0 0 1 1 1 0 0 0 1 2 1 2 1 0 1 2 2 2 1 0 1 1 0 0 1 2 0 1 1 1 1 0 1 1 1 0 2 1 0 0 0 1 3 3 2 1 0 1 0 1 2 0 1 1 1 0 3 1 0 1 0 1 0 0 1 31 77 0 
76 18 63 84 84 72 83 84 80 3 83 83 52 32 74 1 1 78 60 79 28 1 1 1 0 102 89 101 1 1 92 0 1 1 0 1 1 1 1 0 1 1 0 0 1 1 0 1 1 0 0 0 0 3 2 2 2 1 1 0 0 0 1 0 1 51 51 47 32 1 0 1 25 0 0 0 1 54 1 0 
0 32 10 84 84 1 27 84 11 41 8 7 52 36 0 0 0 1 44 72 62 0 1 1 0 102 0 1 0 102 1 0 1 1 0 1 2 0 1 0 1 1 0 0 1 1 0 1 0 0 0 1 0 4 2 1 1 2 1 0 0 0 0 0 1 51 51 44 32 0 0 1 49 0 0 0 1 36 60 0 
0 0 0 0 1 0 0 42 43 0 2 3 1 0 0 0 0 39 54 54 61 23 1 1 0 51 51 0 0 0 0 0 1 1 1 1 1 51 102 51 0 1 0 0 0 1 1 1 0 0 0 1 1 2 1 0 0 1 1 0 0 0 0 0 0 34 51 17 1 0 0 0 1 2 2 2 2 2 2 2 
2 2 2 2 2 2 2 2 2 2 2 2 2 2 2 2 2 2 2 2 2 2 2 2 2 2 2 2 2 2 2 2 2 2 2 2 2 2 2 2 2 2 2 2 2 2 2 2 2 2 2 2 2 2 2 2 2 2 2 2 2 2 2 2 2 2 2 2 2 2 2 2 2 2 2 2 2 2 2 2 
2 2 2 2 2 2 2 2 2 2 2 2 2 2 2 2 2 2 2 2 2 2 2 2 2 2 2 2 2 2 2 2 2 2 2 2 2 2 2 2 2 2 2 2 2 2 2 2 2 2 2 2 2 2 2 2 2 2 2 2 2 2 2 2 2 2 2 2 2 2 2 2 2 2 2 2 2 2 2 2 
