0 0 0 1 2 0 0 0 1 1 3 1 0 0 1 1 1 2 2 0 2 1 0 1 0 1 0 0 1 1 2 1 0 0 0 0 0 0 1 2 1 1 1 1 0 0 0 0 0 0 0 2 2 1 1 1 1 1 1 1 1 0 0 1 1 0 0 0 0 0 0 0 1 2 3 1 0 0 1 1 
0 0 0 1 2 0 0 0 1 1 3 2 0 0 1 2 1 0 0 0 2 1 0 1 0 1 0 0 1 1 2 1 0 0 0 0 0 0 1 2 1 2 1 0 0 0 0 0 0 0 0 2 2 1 1 1 1 1 1 2 0 0 0 1 1 0 0 0 0 0 0 0 1 3 4 0 0 0 0 1 
0 0 0 1 1 0 0 0 0 1 2 1 0 0 1 1 1 0 0 1 1 1 0 0 0 0 0 0 1 1 1 0 0 0 0 0 0 0 1 1 1 1 1 0 0 0 0 0 0 0 0 1 1 1 1 1 0 0 1 1 0 0 0 1 1 0 0 0 0 0 0 0 0 2 3 0 0 0 0 0 
0 0 0 1 1 0 0 0 0 0 0 0 0 0 1 0 0 0 0 1 0 1 0 0 0 0 0 0 1 1 0 0 0 0 0 0 0 0 0 0 1 1 1 0 0 0 1 0 0 0 0 1 1 1 1 0 0 0 0 0 0 0 0 1 2 0 1 0 0 0 0 0 0 1 2 0 0 0 0 0 
0 0 0 1 1 0 0 0 0 0 0 0 0 0 1 0 0 1 1 1 0 0 0 0 0 0 1 1 1 1 0 0 0 0 0 0 0 0 1 0 1 1 0 0 0 0 1 1 0 0 1 1 1 1 1 0 0 0 0 0 0 0 1 1 2 0 0 0 0 1 0 0 0 0 1 0 0 0 0 0 
0 0 0 1 1 0 1 1 0 0 0 0 0 0 0 0 0 2 3 0 0 0 0 0 0 0 1 1 0 0 1 0 0 0 0 0 0 1 1 1 1 1 0 0 0 0 1 1 0 0 1 1 1 1 0 0 0 0 0 0 0 1 1 1 1 0 0 0 0 1 0 0 0 0 1 1 0 0 0 1 
0 0 0 0 1 0 1 1 1 0 0 1 0 0 0 0 0 3 4 0 0 0 0 0 0 0 2 1 0 0 1 0 0 0 0 0 0 1 2 1 1 0 0 0 0 0 1 1 1 0 2 1 0 1 0 0 1 0 0 0 0 1 1 1 1 0 0 0 1 2 0 0 0 0 0 1 0 0 0 1 
0 0 0 0 0 0 1 1 0 0 0 0 0 0 0 0 0 4 5 0 0 1 1 1 1 0 1 1 0 0 0 1 1 0 0 0 0 1 1 0 0 0 0 0 0 0 1 1 0 0 1 0 0 0 0 0 0 0 0 0 0 1 1 1 1 1 1 0 0 1 0 0 0 0 0 0 0 0 0 0 
0 0 0 0 0 0 0 0 0 0 0 0 0 1 1 0 0 5 7 1 0 1 2 2 2 0 0 0 0 0 0 2 1 0 0 0 0 1 1 0 0 1 0 0 1 1 0 0 0 0 1 0 0 0 0 0 0 0 0 0 0 0 1 1 2 1 2 1 0 0 0 0 0 0 1 0 0 0 0 0 
0 0 0 0 0 0 0 0 0 0 0 0 0 1 1 0 0 4 6 1 0 2 3 3 2 0 0 0 0 0 1 2 1 0 0 0 0 1 0 0 0 1 1 1 1 1 0 0 0 0 1 0 0 1 0 0 0 0 0 0 0 0 0 1 1 1 1 1 0 0 0 0 0 0 1 0 0 0 1 2 
0 0 0 1 1 0 0 0 0 1 1 0 0 0 0 0 0 2 3 0 1 2 4 4 1 0 0 0 0 0 3 2 1 0 1 0 1 1 0 0 0 1 1 1 0 0 1 1 0 0 0 0 1 2 1 0 0 0 0 0 0 0 0 0 1 0 1 0 0 0 0 0 0 0 1 0 0 0 1 4 
1 0 0 1 1 0 0 0 0 1 1 0 0 0 0 0 0 1 1 0 1 3 5 4 1 0 0 0 0 1 4 2 0 0 1 0 1 1 0 0 0 1 1 1 0 0 1 1 1 0 0 0 1 2 1 0 0 0 0 0 0 0 0 0 0 0 0 0 0 0 0 1 0 0 1 0 1 1 2 6 
0 0 0 0 0 0 0 0 0 1 1 0 0 0 0 0 0 0 1 0 1 3 5 4 1 0 0 1 1 1 2 1 0 1 2 0 1 1 0 0 0 0 1 1 1 0 1 1 0 1 1 0 1 1 0 0 0 0 0 0 1 0 0 0 0 0 1 1 0 0 1 1 0 0 0 0 1 1 1 3 
0 0 0 0 0 0 0 0 0 1 0 1 0 0 0 1 0 0 0 0 1 4 5 3 1 0 1 2 2 2 1 1 0 1 3 0 0 1 1 0 1 0 1 1 2 0 1 1 0 1 2 1 0 0 0 0 0 0 0 0 2 1 0 1 0 0 2 1 0 0 2 1 0 0 0 0 1 1 0 1 
1 0 0 0 0 0 0 0 1 1 0 1 0 0 0 2 1 0 0 0 1 4 4 2 1 0 1 1 2 1 0 1 0 1 2 0 0 0 0 0 1 0 0 1 2 0 1 0 0 1 3 1 0 0 1 0 1 1 0 0 2 1 0 1 0 0 2 2 1 0 2 1 0 0 0 0 1 1 1 2 
2 1 1 1 0 0 0 0 1 1 1 0 0 0 0 3 2 1 0 0 0 3 3 1 0 1 0 1 1 1 1 0 0 0 1 0 0 0 0 0 0 0 0 1 1 1 0 0 1 1 4 1 0 0 1 1 3 2 0 1 2 1 0 1 1 0 1 2 1 0 2 1 0 0 0 0 1 1 2 4 
2 1 1 1 0 0 0 0 1 1 1 0 0 0 0 4 2 1 0 48 0 2 2 1 0 1 0 0 0 0 1 0 0 0 0 0 0 0 0 0 0 0 0 0 1 1 0 0 1 1 5 2 0 1 2 1 4 2 0 1 2 1 1 1 1 0 1 2 2 0 2 1 0 0 0 0 1 1 2 5 
1 1 1 1 1 0 0 0 1 1 1 1 0 0 0 4 72 0 75 46 41 41 41 41 41 41 41 41 41 41 41 41 41 41 41 41 41 41 41 41 41 41 41 41 41 41 41 41 41 41 41 41 41 41 41 41 41 41 41 41 41 41 41 41 41 41 41 41 41 41 41 41 41 41 41 41 41 41 41 41 
0 1 0 0 2 52 76 74 74 74 74 74 74 74 74 74 74 74 74 74 74 74 74 74 74 74 74 74 74 74 74 74 74 74 74 74 74 74 74 74 74 74 74 74 74 74 74 74 74 74 74 74 74 74 74 74 74 74 74 74 74 74 74 74 74 74 74 74 74 74 74 74 74 74 74 74 74 74 74 74 
10 13 0 0 0 0 0 0 0 0 0 1 0 0 1 1 0 0 0 0 1 1 0 0 0 0 0 0 0 0 0 0 0 0 0 0 1 2 2 0 1 1 1 1 0 1 0 0 1 0 0 0 1 2 2 1 1 1 0 0 0 0 1 1 1 0 0 0 0 0 0 1 1 1 1 12 82 64 24 61 
9 9 0 0 0 0 0 0 0 0 0 1 0 0 1 0 0 0 0 0 0 1 0 0 0 0 0 0 1 1 0 0 0 1 3 1 1 2 1 1 1 1 1 1 1 2 1 0 0 0 0 1 2 3 2 0 0 1 1 0 0 0 1 0 0 1 1 0 0 0 1 1 2 1 1 12 78 45 9 9 
9 9 0 0 0 0 0 0 0 0 0 1 0 0 0 0 0 0 0 0 0 0 0 0 0 0 0 1 2 1 0 0 0 3 5 1 1 1 1 1 1 0 0 0 1 3 2 0 0 0 1 2 4 3 1 0 0 1 2 0 1 1 1 0 0 0 1 0 0 0 0 1 1 1 1 13 84 71 29 9 
10 11 0 0 1 2 1 0 0 0 0 0 0 0 0 0 0 0 0 0 0 0 0 0 0 0 1 1 1 1 0 0 0 3 4 1 0 1 1 1 1 1 1 1 1 2 1 0 0 0 1 2 3 3 0 0 0 1 1 0 2 1 1 0 0 0 0 0 0 0 0 0 1 0 0 11 79 67 37 9 
10 16 0 0 2 4 3 0 0 0 0 0 0 0 0 0 0 0 0 0 0 1 0 0 0 0 1 1 1 1 0 0 1 3 2 0 0 0 0 1 1 1 3 3 1 1 0 0 0 1 1 2 2 2 0 0 0 0 0 1 2 1 1 0 0 0 0 0 0 0 0 0 0 0 0 10 79 79 79 79 
1 1 0 0 0 0 0 1 0 0 1 1 0 0 0 1 2 0 0 1 1 1 3 0 0 0 0 0 3 2 2 3 4 1 0 0 0 1 1 1 1 1 1 1 1 0 0 0 1 5 6 4 0 0 1 2 2 0 1 3 2 1 1 1 79 80 61 35 9 9 9 0 1 0 1 1 1 2 0 0 
1 2 0 0 0 0 1 2 0 0 0 0 0 1 0 0 1 1 1 2 1 1 2 0 1 0 0 0 4 3 2 2 1 0 1 1 1 1 2 1 0 0 1 3 1 1 1 1 15 4 5 4 0 0 1 2 1 0 1 6 5 1 1 1 59 79 57 35 9 9 9 1 1 0 0 0 1 3 1 0 
1 2 0 0 0 0 196 193 191 188 0 0 0 2 1 0 0 1 1 1 1 1 2 1 1 0 0 1 3 3 2 1 0 0 1 1 1 1 1 1 1 0 1 2 2 1 1 1 13 2 3 3 1 0 1 1 1 0 0 10 8 1 0 1 87 82 61 40 40 40 40 40 40 40 40 40 40 40 40 40 
1 0 2 2 0 0 0 1 0 0 0 0 1 1 0 0 0 0 1 2 0 0 0 0 1 0 0 0 2 2 1 0 0 1 1 1 1 3 10 1 1 0 0 0 0 0 0 0 4 5 2 0 0 54 80 63 36 15 9 9 2 1 0 0 1 1 2 2 1 1 1 0 0 0 0 130 193 190 188 63 
1 0 1 1 0 0 0 1 0 0 1 1 1 1 0 0 0 0 2 2 0 0 0 0 1 1 1 0 0 1 0 0 0 1 2 2 0 4 11 1 0 0 0 0 0 0 0 0 0 1 1 0 53 83 79 59 32 14 9 9 1 0 0 0 1 1 1 1 1 1 0 0 0 0 0 129 192 190 187 63 
1 0 0 0 1 1 0 0 0 0 1 0 2 1 0 0 0 0 2 3 1 0 0 0 1 1 1 0 0 0 0 0 0 0 2 3 1 5 11 1 0 0 0 0 0 0 1 0 0 0 0 0 55 85 76 54 29 13 9 9 1 0 0 2 3 1 1 1 1 1 1 0 0 0 0 129 192 190 187 63 
0 0 0 0 1 1 0 0 1 1 1 1 1 1 0 0 0 1 2 2 1 1 1 1 1 1 1 0 0 0 0 0 0 1 2 2 0 7 12 1 0 0 0 0 0 0 1 0 0 0 0 0 55 83 82 82 82 82 82 82 82 82 82 82 82 82 82 82 82 82 82 82 82 82 82 82 82 82 82 82 
1 1 0 0 0 1 1 1 0 0 2 2 1 0 0 0 0 0 0 0 0 0 1 2 1 0 2 14 0 0 1 0 0 0 0 1 1 0 0 1 0 10 72 45 42 25 10 15 9 9 8 0 3 5 2 0 0 0 0 1 1 0 0 0 65 192 190 187 124 1 0 0 0 0 0 0 1 1 1 1 
1 1 0 0 0 1 2 0 0 0 1 1 0 0 0 0 0 1 1 1 0 1 2 1 0 0 4 9 0 0 1 0 0 0 0 1 0 0 0 1 0 0 0 0 0 0 0 0 0 0 0 0 0 0 0 0 0 0 0 0 0 0 0 0 0 0 0 0 0 0 0 0 0 0 0 0 0 0 0 0 
0 0 0 0 0 0 1 1 2 2 1 2 0 1 4 6 15 15 0 1 1 0 0 2 1 0 0 0 1 0 5 45 63 35 60 11 26 9 9 8 0 1 0 0 0 0 0 1 1 0 0 0 0 64 191 189 186 124 0 0 0 0 0 0 0 1 1 0 0 0 0 0 0 0 1 2 1 0 0 0 
0 0 0 0 0 0 1 1 1 0 1 1 1 4 10 9 17 11 0 1 0 0 1 2 1 0 0 1 1 0 20 50 34 42 25 19 15 9 2 0 1 1 0 0 0 0 0 1 1 0 0 0 0 128 190 187 185 61 0 0 0 0 0 0 0 1 1 0 0 0 0 0 0 0 1 2 1 1 1 0 
1 0 0 0 0 1 0 0 1 0 1 0 1 7 15 17 21 0 0 1 1 0 1 2 0 0 0 0 0 0 0 42 12 39 9 13 9 1 1 0 1 1 0 0 0 0 0 1 1 0 0 0 0 191 189 187 185 0 0 0 0 0 0 0 1 2 1 0 0 0 0 0 0 1 3 2 1 1 2 1 
0 0 0 0 0 0 0 0 0 0 0 0 2 5 10 21 18 0 0 0 1 1 1 0 0 0 0 0 0 0 0 2 10 2 9 8 0 1 0 0 0 1 0 0 0 0 0 1 0 0 0 0 63 190 188 186 123 0 0 0 0 0 0 0 1 2 0 0 0 0 0 1 1 2 3 1 1 2 2 1 
0 0 0 0 0 0 0 0 0 0 0 0 0 1 5 21 19 0 0 1 1 1 1 0 0 0 0 0 0 0 0 1 1 1 9 0 0 0 0 0 1 1 0 0 0 0 0 0 0 0 0 0 63 190 188 186 123 1 0 0 0 1 1 1 1 1 0 0 0 0 0 0 1 2 2 1 1 2 1 0 
0 0 0 0 1 0 0 1 0 0 1 0 0 0 3 20 19 0 0 1 1 1 1 1 0 0 0 0 0 0 0 1 0 0 0 0 0 0 0 0 1 0 0 0 0 0 0 0 0 0 0 0 63 190 187 185 123 1 0 0 1 1 1 1 1 1 0 0 0 0 0 0 1 1 0 0 1 2 1 0 
0 0 0 0 0 0 0 1 1 2 1 1 0 0 7 22 13 0 0 1 1 1 1 1 0 0 0 0 0 0 0 0 0 0 0 0 0 0 0 1 1 0 0 0 0 0 0 1 0 0 0 0 126 188 186 184 62 1 0 0 1 2 2 1 1 0 0 0 0 0 0 0 1 0 0 0 1 1 0 0 
1 0 1 2 0 0 1 2 1 3 2 1 1 0 19 24 0 0 0 0 1 1 1 1 0 0 0 0 0 0 0 0 0 0 0 0 0 0 1 1 0 0 1 0 0 0 1 1 0 0 0 0 190 188 186 184 0 1 0 0 1 1 1 0 0 1 1 0 0 0 0 1 2 1 1 1 1 1 0 0 
0 0 1 1 1 0 0 1 1 2 1 0 0 0 19 25 26 0 0 0 1 1 1 2 0 0 0 0 0 0 0 0 0 0 0 0 0 0 1 0 0 1 1 0 0 0 1 1 0 0 0 0 190 188 186 184 0 0 0 0 0 0 0 0 0 1 1 1 1 0 0 1 2 1 3 2 1 1 0 0 
0 0 1 0 1 0 0 0 1 0 0 0 0 0 17 24 26 0 1 0 1 1 1 1 0 0 0 0 0 0 0 0 0 0 0 0 0 0 1 0 0 1 1 0 0 0 1 1 0 0 1 1 190 188 186 184 0 0 0 0 0 0 0 0 0 1 1 1 1 2 1 1 2 1 2 1 1 1 0 1 
1 1 1 0 1 0 0 0 1 0 0 0 0 0 14 21 26 1 1 1 1 1 0 1 1 0 0 0 0 0 0 0 0 0 0 1 1 0 0 1 0 0 0 0 0 0 1 2 1 0 1 1 189 187 186 184 0 0 1 0 0 0 0 0 1 1 1 1 1 4 2 1 2 2 1 0 1 1 0 2 
2 1 0 1 0 0 0 0 0 0 0 0 0 0 3 3 3 3 3 3 3 3 3 3 3 3 3 3 3 3 3 3 3 3 3 3 3 3 3 3 3 3 3 3 3 3 3 3 3 3 3 3 3 3 3 3 3 3 3 3 3 3 3 3 3 3 3 3 3 3 3 3 3 3 3 3 3 3 3 3 
0 0 0 1 11 11 11 11 11 11 11 11 11 11 11 11 11 11 11 11 11 11 11 11 11 11 11 11 11 11 11 11 11 11 11 11 11 11 11 11 11 11 11 11 11 11 11 11 11 11 11 11 11 11 11 11 11 11 11 11 11 11 11 11 11 11 11 11 11 11 11 11 11 11 11 11 11 11 11 11 
1 0 0 0 0 0 0 0 0 0 0 0 0 0 0 1 0 0 0 0 0 0 0 0 1 1 1 1 0 0 0 1 3 2 0 0 2 3 2 2 3 3 2 1 0 0 0 0 0 1 1 1 1 0 0 0 0 1 2 0 0 0 0 0 0 0 1 1 0 0 0 0 5 20 17 13 8 0 1 1 
1 0 0 0 0 0 0 0 0 0 0 0 0 0 0 1 0 0 0 0 0 0 0 0 1 1 1 0 0 0 0 2 3 2 0 0 3 4 3 3 4 4 3 2 0 0 0 0 0 1 0 0 0 0 0 0 0 2 3 0 0 0 0 0 0 0 1 1 0 0 0 0 5 23 20 17 10 0 1 0 
0 0 0 0 0 0 0 0 0 0 0 0 0 0 0 0 0 0 0 0 0 0 0 0 1 1 1 0 0 0 0 1 2 1 0 0 1 2 2 2 3 2 2 2 2 1 0 0 0 0 0 0 0 0 0 0 0 1 1 0 0 0 0 0 0 0 0 0 0 0 0 0 6 26 23 19 17 17 17 17 
0 1 0 0 0 0 0 1 1 0 1 2 1 1 0 1 2 1 0 0 1 0 0 0 0 0 0 1 1 1 0 1 0 4 3 0 0 0 0 0 0 0 0 0 0 0 0 1 0 0 0 0 1 0 0 0 0 0 0 1 1 1 22 22 20 15 1 0 0 0 0 1 2 1 0 0 1 1 1 1 
0 0 0 0 0 0 0 2 1 0 0 1 1 1 1 0 1 1 0 0 1 1 0 0 0 1 1 0 1 1 1 3 0 2 2 1 0 0 0 0 0 0 0 1 1 0 0 1 0 0 0 0 1 0 1 1 0 0 0 1 1 0 19 19 15 17 1 0 0 0 0 1 2 1 0 0 1 1 2 1 
0 0 0 0 0 0 0 1 0 0 0 0 2 1 0 0 1 1 0 0 1 0 0 0 0 1 0 0 0 0 2 2 0 0 1 0 0 0 0 0 0 0 0 1 0 0 0 2 1 0 0 0 0 0 1 0 0 0 1 1 0 3 19 15 17 22 18 0 0 0 0 1 1 0 0 0 1 1 0 0 
0 0 0 0 0 0 0 1 1 1 1 1 1 1 1 1 1 1 0 0 0 0 0 0 0 0 0 0 0 0 3 1 0 0 0 0 0 0 0 0 0 0 0 1 1 1 1 4 4 1 0 0 0 0 1 0 0 1 1 1 0 7 20 21 23 25 14 0 0 0 0 0 0 0 0 0 1 1 0 0 
1 0 0 0 0 0 0 1 1 2 1 0 0 1 1 1 1 1 0 0 0 0 0 0 0 0 0 0 0 1 4 0 0 0 0 0 0 0 0 0 0 0 0 1 1 3 1 11 8 0 0 0 1 1 0 0 1 2 1 0 0 19 20 21 22 23 1 1 0 0 1 0 0 3 4 1 2 1 0 0 
0 0 0 0 1 1 0 0 1 1 0 0 0 0 1 1 1 1 1 0 0 0 0 0 0 0 0 0 0 1 2 0 0 0 0 0 0 0 2 2 0 0 0 0 1 1 3 8 4 0 0 1 1 0 0 0 1 1 0 0 3 19 20 21 22 19 1 1 1 1 0 0 2 7 6 1 0 0 0 0 
0 0 0 0 3 1 0 0 0 1 1 0 0 0 1 2 1 1 2 0 0 0 0 0 0 0 0 0 0 0 0 0 0 0 0 0 0 2 5 2 0 0 0 0 0 0 2 3 1 0 1 2 1 0 0 0 0 0 0 0 6 19 20 21 22 23 14 1 1 1 0 0 5 10 5 2 0 0 0 0 
0 0 0 2 5 1 0 0 0 1 1 0 0 1 2 3 2 2 3 0 2 1 0 0 0 0 0 0 0 0 0 0 0 1 0 0 0 5 8 1 0 0 0 0 0 0 0 0 1 1 3 3 1 0 0 0 0 0 0 0 17 19 20 21 22 24 24 1 1 1 1 0 5 7 1 3 1 0 0 1 
0 1 1 1 2 0 0 0 0 1 0 0 0 1 2 2 2 2 1 2 4 1 0 0 0 0 0 0 0 0 0 0 0 1 1 1 1 4 6 4 1 1 0 0 0 0 0 1 1 2 4 2 0 0 0 0 1 1 0 2 17 19 20 22 23 24 25 20 0 0 1 1 1 1 2 4 1 0 0 0 
1 1 1 1 0 0 0 1 0 1 0 0 1 1 2 2 2 1 1 10 4 0 0 0 0 0 0 0 0 0 1 0 1 2 4 1 1 4 10 1 3 2 0 0 0 1 3 3 1 8 3 1 0 0 0 2 3 3 0 16 18 20 21 22 23 25 24 25 0 1 1 1 0 0 4 1 0 0 1 0 
2 0 0 0 0 1 1 1 0 0 1 1 1 2 2 1 1 9 4 0 0 0 0 1 0 0 0 0 1 0 0 2 3 1 0 3 9 1 2 2 0 0 0 1 2 2 1 6 3 1 0 0 0 2 3 2 0 15 17 19 21 22 23 24 24 25 25 0 2 1 0 0 2 1 0 0 0 0 3 4 
1 0 0 0 0 1 0 0 0 0 0 0 1 1 2 1 5 4 1 0 0 0 1 1 0 0 0 0 0 0 0 1 0 0 1 4 2 1 1 0 0 0 0 1 1 0 1 2 1 0 0 0 0 1 1 0 4 16 18 20 21 23 23 23 24 25 25 14 1 0 0 0 0 1 1 0 0 2 3 3 
0 0 0 1 2 2 0 0 0 0 0 0 1 2 2 3 4 1 0 0 0 1 1 1 0 0 0 1 0 0 0 0 0 0 1 1 0 0 0 0 0 0 0 0 1 1 0 1 0 0 0 0 0 0 0 1 14 16 18 20 22 22 22 23 24 25 20 1 1 0 0 0 0 2 2 0 0 2 2 1 
0 0 0 1 2 2 1 0 0 0 0 0 1 2 1 1 2 0 0 1 2 1 1 0 0 0 0 1 0 0 0 0 0 0 1 0 0 0 0 0 0 0 0 1 4 5 1 1 1 0 0 0 0 0 0 1 13 15 17 20 21 21 21 22 24 25 24 19 1 1 0 0 1 4 3 0 0 0 0 0 
0 1 1 2 3 3 1 0 0 1 0 1 2 2 1 1 0 0 2 3 2 1 0 0 0 0 3 2 0 1 1 0 1 1 0 0 0 0 0 0 0 0 0 5 14 2 0 1 1 0 0 0 0 0 0 11 13 16 19 19 20 20 21 23 25 25 23 1 2 1 0 0 3 4 0 0 0 0 0 0 
0 0 1 2 2 1 0 0 1 1 1 1 1 1 0 0 0 1 2 2 1 0 0 0 0 1 2 0 0 1 0 0 1 0 0 0 1 1 0 0 0 0 2 9 5 0 0 1 0 0 0 0 0 0 1 1 1 1 1 1 1 1 1 1 1 1 1 1 1 1 1 1 1 1 1 1 1 1 1 1 
1 0 0 1 0 0 0 1 1 0 1 1 1 0 0 1 1 0 0 1 0 0 0 0 1 3 2 1 0 0 0 0 1 1 0 1 1 0 1 2 0 0 0 0 10 10 10 10 10 10 10 10 10 10 10 10 10 10 10 10 10 10 10 10 10 10 10 10 10 10 10 10 10 10 10 10 10 10 10 10 
1 1 0 0 1 1 0 1 0 0 0 1 0 4 2 1 1 2 1 0 0 0 0 0 1 1 1 0 1 0 0 1 2 9 9 11 13 14 15 15 16 18 20 19 18 17 14 12 1 0 3 4 0 1 0 0 0 1 0 0 0 1 1 1 0 0 0 1 0 0 0 1 1 1 1 1 1 0 1 0 
0 1 0 0 0 1 1 1 0 0 0 1 1 2 1 0 0 1 1 0 0 0 0 0 0 0 1 1 1 0 0 0 1 2 2 2 2 2 2 2 2 2 2 2 2 2 2 2 2 2 2 2 2 2 2 2 2 2 2 2 2 2 2 2 2 2 2 2 2 2 2 2 2 2 2 2 2 2 2 2 
2 2 2 2 2 2 2 2 2 2 2 2 2 2 2 2 2 2 2 2 2 2 2 2 2 2 2 2 2 2 2 2 2 2 2 2 2 2 2 2 2 2 2 2 2 2 2 2 2 2 2 2 2 2 2 2 2 2 2 2 2 2 2 2 2 2 2 2 2 2 2 2 2 2 2 2 2 2 2 2 
2 2 2 2 2 2 2 2 2 2 2 2 2 2 2 2 2 2 2 2 2 2 2 2 2 2 2 2 2 2 2 2 2 2 2 2 2 2 2 2 2 2 2 2 2 2 2 2 2 2 2 2 2 2 2 2 2 2 2 2 2 2 2 2 2 2 2 2 2 2 2 2 2 2 2 2 2 2 2 2 
2 2 2 2 2 2 2 2 2 2 2 2 2 2 2 2 2 2 2 2 2 2 2 2 2 2 2 2 2 2 2 2 2 2 2 2 2 2 2 2 2 2 2 2 2 2 2 2 2 2 2 2 2 2 2 2 2 2 2 2 2 2 2 2 2 2 2 2 2 2 2 2 2 2 2 2 2 2 2 2 
2 2 2 2 2 2 2 2 2 2 2 2 2 2 2 2 2 2 2 2 2 2 2 2 2 2 2 2 2 2 2 2 2 2 2 2 2 2 2 2 2 2 2 2 2 2 2 2 2 2 2 2 2 2 2 2 2 2 2 2 2 2 2 2 2 2 2 2 2 2 2 2 2 2 2 2 2 2 2 2 
2 2 2 2 2 2 2 2 2 2 2 2 2 2 2 2 2 2 2 2 2 2 2 2 2 2 2 2 2 2 2 2 2 2 2 2 2 2 2 2 2 2 2 2 2 2 2 2 2 2 2 2 2 2 2 2 2 2 2 2 2 2 2 2 2 2 2 2 2 2 2 2 2 2 2 2 2 2 2 2 
2 2 2 2 2 2 2 2 2 2 2 2 2 2 2 2 2 2 2 2 2 2 2 2 2 2 2 2 2 2 2 2 2 2 2 2 2 2 2 2 2 2 2 2 2 2 2 2 2 2 2 2 2 2 2 2 2 2 2 2 2 2 2 2 2 2 2 2 2 2 2 2 2 2 2 2 2 2 2 2 
2 2 2 2 2 2 2 2 2 2 2 2 2 2 2 2 2 2 2 2 2 2 2 2 2 2 2 2 2 2 2 2 2 2 2 2 2 2 2 2 2 2 2 2 2 2 2 2 2 2 2 2 2 2 2 2 2 2 2 2 2 2 2 2 2 2 2 2 2 2 2 2 2 2 2 2 2 2 2 2 
2 2 2 2 2 2 2 2 2 2 2 2 2 2 2 2 2 2 2 2 2 2 2 2 2 2 2 2 2 2 2 2 2 2 2 2 2 2 2 2 2 2 2 2 2 2 2 2 2 2 2 2 2 2 2 2 2 2 2 2 2 2 2 2 2 2 2 2 2 2 2 2 2 2 2 2 2 2 2 2 
2 2 2 2 2 2 2 2 2 2 2 2 2 2 2 2 2 2 2 2 2 2 2 2 2 2 2 2 2 2 2 2 2 2 2 2 2 2 2 2 2 2 2 2 2 2 2 2 2 2 2 2 2 2 2 2 2 2 2 2 2 2 2 2 2 2 2 2 2 2 2 2 2 2 2 2 2 2 2 2 
2 2 2 2 2 2 2 2 2 2 2 2 2 2 2 2 2 2 2 2 2 2 2 2 2 2 2 2 2 2 2 2 2 2 2 2 2 2 2 2 2 2 2 2 2 2 2 2 2 2 2 2 2 2 2 2 2 2 2 2 2 2 2 2 2 2 2 2 2 2 2 2 2 2 2 2 2 2 2 2 
2 2 2 2 2 2 2 2 2 2 2 2 2 2 2 2 2 2 2 2 2 2 2 2 2 2 2 2 2 2 2 2 2 2 2 2 2 2 2 2 2 2 2 2 2 2 2 2 2 2 2 2 2 2 2 2 2 2 2 2 2 2 2 2 2 2 2 2 2 2 2 2 2 2 2 2 2 2 2 2 
2 2 2 2 2 2 2 2 2 2 2 2 2 2 2 2 2 2 2 2 2 2 2 2 2 2 2 2 2 2 2 2 2 2 2 2 2 2 2 2 2 2 2 2 2 2 2 2 2 2 2 2 2 2 2 2 2 2 2 2 2 2 2 2 2 2 2 2 2 2 2 2 2 2 2 2 2 2 2 2 
