0 0 0 1 2 0 0 0 1 1 3 1 0 0 1 1 1 2 2 0 2 1 0 1 0 1 0 0 1 1 2 1 0 0 0 0 0 0 1 2 1 1 1 1 0 0 0 0 0 0 0 2 2 1 1 1 1 1 1 1 1 0 0 1 1 0 0 0 0 0 0 0 1 2 3 1 0 0 1 1 
0 0 0 1 2 0 0 0 1 1 3 2 0 0 1 2 1 0 0 0 2 1 0 1 0 1 0 0 1 1 2 1 0 0 0 0 0 0 1 2 1 2 1 0 0 0 0 0 0 0 0 2 2 1 1 1 1 1 1 2 0 0 0 1 1 0 0 0 0 0 0 0 1 3 4 0 0 0 0 1 
0 0 0 1 1 0 0 0 0 1 2 1 0 0 1 1 1 0 0 1 1 1 0 0 0 0 0 0 1 1 1 0 0 0 0 0 0 0 1 1 1 1 1 0 0 0 0 0 0 0 0 1 1 1 1 1 0 0 1 1 0 0 0 1 1 0 0 0 0 0 0 0 0 2 3 0 0 0 0 0 
0 0 0 1 1 0 0 0 0 0 0 0 0 0 1 0 0 0 0 1 0 1 0 0 0 0 0 0 1 1 0 0 0 0 0 0 0 0 0 0 1 1 1 0 0 0 1 0 0 0 0 1 1 1 1 0 0 0 0 0 0 0 0 1 2 0 1 0 0 0 0 0 0 1 2 0 0 0 0 0 
0 0 0 1 1 0 0 0 0 0 0 0 0 0 1 0 0 1 1 1 0 0 0 0 0 0 1 1 1 1 0 0 0 0 0 0 0 0 1 0 1 1 0 0 0 0 1 1 0 0 1 1 1 1 1 0 0 0 0 0 0 0 1 1 2 0 0 0 0 1 0 0 0 0 1 0 0 0 0 0 
0 0 0 1 1 0 1 1 0 0 0 0 0 0 0 0 0 2 3 0 0 0 0 0 0 0 1 1 0 0 1 0 0 0 0 0 0 1 1 1 1 1 0 0 0 0 1 1 0 0 1 1 1 1 0 0 0 0 0 0 0 1 1 1 1 0 0 0 0 1 0 0 0 0 1 1 0 0 0 1 
0 0 0 0 1 0 1 1 1 0 0 1 0 0 0 0 0 3 4 0 0 0 0 0 0 0 2 1 0 0 1 0 0 0 0 0 0 1 2 1 1 0 0 0 0 0 1 1 1 0 2 1 0 1 0 0 1 0 0 0 0 1 1 1 1 0 0 0 1 2 0 0 0 0 0 1 0 0 0 1 
0 0 0 0 0 0 1 1 0 0 0 0 0 0 0 0 0 4 5 0 0 1 1 1 1 0 1 1 0 0 0 1 1 0 0 0 0 1 1 0 0 0 0 0 0 0 1 1 0 0 1 0 0 0 0 0 0 0 0 0 0 1 1 1 1 1 1 0 0 1 0 0 0 0 0 0 0 0 0 0 
0 0 0 0 0 0 0 0 0 0 0 0 0 1 1 0 0 5 7 1 0 1 2 2 2 0 0 0 0 0 0 2 1 0 0 0 0 1 1 0 0 1 0 0 1 1 0 0 0 0 1 0 0 0 0 0 0 0 0 0 0 0 1 1 2 1 2 1 0 0 0 0 0 0 1 0 0 0 0 0 
0 0 0 0 0 0 0 0 0 0 0 0 0 1 1 0 0 4 6 1 0 2 3 3 2 0 0 0 0 0 1 2 1 0 0 0 0 1 0 0 0 1 1 1 1 1 0 0 0 0 1 0 0 1 0 0 0 0 0 0 0 0 0 1 1 1 1 1 0 0 0 0 0 0 1 0 0 0 1 2 
0 0 0 1 1 0 0 0 0 1 1 0 0 0 0 0 0 2 3 0 1 2 4 4 1 0 0 0 0 0 3 2 1 0 1 0 1 1 0 0 0 1 1 1 0 0 1 1 0 0 0 0 1 2 1 0 0 0 0 0 0 0 0 0 1 0 1 0 0 0 0 0 0 0 1 0 0 0 1 4 
1 0 0 1 1 0 0 0 0 1 1 0 0 0 0 0 0 1 1 0 1 3 5 4 1 0 0 0 0 1 4 2 0 0 1 0 1 1 0 0 0 1 1 1 0 0 1 1 1 0 0 0 1 2 1 0 0 0 0 0 0 0 0 0 0 0 0 0 0 0 0 1 0 0 1 0 1 1 2 6 
0 0 0 0 0 0 0 0 0 1 1 0 0 0 0 0 0 0 1 0 1 3 5 4 1 0 0 1 1 1 2 1 0 1 2 0 1 1 0 0 0 0 1 1 1 0 1 1 0 1 1 0 1 1 0 0 0 0 0 0 1 0 0 0 0 0 1 1 0 0 1 1 0 0 0 0 1 1 1 3 
0 0 0 0 0 0 0 0 0 1 0 1 0 0 0 1 0 0 0 0 1 4 5 3 1 0 1 2 2 2 1 1 0 1 3 0 0 1 1 0 1 0 1 1 2 0 1 1 0 1 2 1 0 0 0 0 0 0 0 0 2 1 0 1 0 0 2 1 0 0 2 1 0 0 0 0 1 1 0 1 
1 0 0 0 0 0 0 0 1 1 0 1 0 0 0 2 1 0 0 0 1 4 4 2 1 0 1 1 2 1 0 1 0 1 2 0 0 0 0 0 1 0 0 1 2 0 1 0 0 1 3 1 0 0 1 0 1 1 0 0 2 1 0 1 0 0 2 2 1 0 2 1 0 0 0 0 1 1 1 2 
2 1 1 1 0 0 0 0 1 1 1 0 0 0 0 3 2 1 0 0 0 3 3 1 0 1 0 1 1 1 1 0 0 0 1 0 0 0 0 0 0 0 0 1 1 1 0 0 1 1 4 1 0 0 1 1 3 2 0 1 2 1 0 1 1 0 1 2 1 0 2 1 0 0 0 0 1 1 2 4 
2 1 1 1 0 0 0 0 1 1 1 0 0 0 0 4 2 1 0 0 0 0 0 0 0 0 0 0 0 0 0 0 0 0 0 0 0 0 0 0 0 0 0 0 0 0 0 0 0 0 0 0 0 0 0 0 0 0 0 0 0 0 0 0 0 0 0 0 0 0 0 0 0 0 0 0 0 0 0 0 
0 1 0 0 2 2 0 52 69 43 19 25 11 1 2 1 0 0 1 0 0 0 0 0 1 0 0 0 0 0 1 2 2 2 1 1 0 0 0 0 1 0 0 0 0 1 1 0 0 0 0 1 3 2 0 1 2 1 0 0 0 0 0 0 0 0 0 1 1 0 0 0 0 1 1 1 0 0 0 0 
0 1 0 0 2 1 0 43 56 45 71 83 28 1 1 1 0 0 1 0 0 0 0 1 1 1 0 0 0 0 1 2 2 1 1 1 0 0 0 0 0 0 0 0 0 1 1 1 1 0 0 1 2 1 0 1 2 1 0 0 0 0 0 0 1 1 1 1 0 0 0 0 0 2 2 1 0 0 0 0 
0 0 0 0 1 1 0 22 38 44 59 80 32 1 1 1 0 0 1 0 0 0 1 0 0 1 1 0 0 0 0 1 2 1 0 0 0 0 0 0 0 0 0 0 0 0 0 1 2 0 0 0 1 2 0 1 1 1 1 1 0 0 0 0 2 1 1 1 1 0 0 0 0 2 2 1 0 0 0 0 
0 0 0 0 0 0 0 27 62 55 52 69 28 0 0 0 0 0 0 0 0 0 1 0 0 1 1 0 0 0 0 1 1 0 0 0 0 0 0 0 0 0 0 0 0 0 0 1 2 1 0 1 1 1 0 1 1 0 0 1 0 0 0 1 2 2 1 1 1 0 0 0 0 1 1 1 0 0 0 0 
0 0 1 1 1 1 1 53 63 40 55 50 13 0 0 0 0 0 0 0 0 0 1 0 0 1 0 0 0 0 0 0 1 0 0 0 0 0 0 1 1 0 0 0 2 2 1 1 2 1 1 1 1 1 1 1 2 1 0 0 0 0 1 2 3 1 0 0 1 0 0 0 0 1 0 0 1 1 0 0 
0 1 1 2 1 1 1 50 72 43 43 43 43 43 43 43 43 43 43 43 43 43 43 43 43 43 43 43 43 43 43 43 43 43 43 43 43 43 43 43 43 43 43 43 43 43 43 43 43 43 43 43 43 43 43 43 43 43 43 43 43 43 43 43 43 43 43 43 43 43 43 43 43 43 43 43 43 43 43 43 
26 8 0 0 2 4 3 0 0 0 0 0 0 0 0 0 0 0 0 0 0 1 0 0 0 0 1 1 1 1 0 0 1 3 2 0 0 0 0 1 1 1 3 3 1 1 0 0 0 1 1 2 2 2 0 0 0 0 0 1 2 1 1 0 0 0 0 0 0 0 0 0 0 0 0 11 80 72 63 50 
70 8 0 0 3 5 3 0 0 0 0 0 0 0 0 0 0 0 0 0 0 1 1 0 0 0 2 2 0 0 1 1 1 2 0 0 0 0 0 1 1 2 5 5 1 0 0 0 0 1 1 1 1 1 0 0 0 0 0 1 4 3 1 0 0 1 1 0 0 0 1 0 0 0 0 12 85 71 71 71 
1 2 0 0 0 0 1 2 0 0 0 0 0 1 0 0 1 1 1 2 1 1 2 0 1 0 0 0 4 3 2 2 1 0 1 1 1 1 2 1 0 0 1 3 1 1 1 1 15 4 5 4 0 0 1 2 1 0 1 6 5 1 1 1 43 83 83 83 83 83 83 83 83 83 83 83 83 83 83 83 
0 0 2 1 0 0 0 1 1 0 0 0 1 1 0 0 0 1 1 2 1 1 0 0 1 1 1 1 1 2 1 0 0 1 1 1 1 3 9 0 1 1 0 0 0 0 0 0 8 10 3 0 0 51 76 76 76 76 76 76 76 76 76 76 76 76 76 76 76 76 76 76 76 76 76 76 76 76 76 76 
1 1 1 0 0 0 0 1 2 1 0 0 0 1 1 1 0 0 1 0 0 0 0 2 2 1 1 13 1 0 0 0 0 0 0 0 0 0 1 1 0 13 87 77 70 103 158 24 12 9 0 0 0 1 1 1 1 1 1 0 0 0 0 0 64 193 191 188 125 1 0 0 0 1 1 0 0 0 0 1 
1 1 2 0 0 0 0 1 3 2 0 0 0 1 1 1 1 0 0 0 0 0 0 1 3 2 2 14 1 0 0 0 0 0 0 1 0 0 0 0 0 13 87 77 74 99 129 24 10 9 0 0 1 3 2 1 1 1 1 1 0 0 0 0 64 193 191 188 125 0 0 0 0 1 1 0 0 1 1 1 
1 1 1 0 0 0 1 1 2 1 1 1 1 1 1 1 0 0 0 0 0 0 0 2 2 1 3 15 1 0 0 0 0 0 0 1 0 0 0 0 0 12 85 77 76 59 39 46 9 9 0 0 3 6 3 0 0 0 0 2 1 0 0 0 64 193 190 188 125 2 0 0 0 1 0 0 0 0 1 1 
1 1 0 0 0 0 1 2 1 1 2 2 1 0 0 0 1 0 0 0 0 0 2 3 1 0 8 12 0 0 0 0 0 0 0 1 0 0 0 0 0 43 73 77 67 47 31 16 9 2 0 0 6 7 2 0 0 0 1 2 1 0 0 0 128 191 189 186 64 1 0 0 0 1 0 0 0 0 1 1 
2 1 0 0 1 1 2 1 0 2 3 2 1 0 0 0 1 0 0 0 0 0 3 2 0 0 17 0 0 1 1 0 0 0 1 2 0 0 1 1 0 2 58 72 59 42 18 9 9 0 0 2 6 4 0 1 0 0 1 2 0 0 0 1 193 191 188 186 2 0 0 0 1 0 0 1 1 1 1 1 
1 1 0 0 1 2 2 0 0 1 2 1 0 0 0 0 1 1 1 2 0 2 2 1 0 0 14 0 0 1 2 0 0 0 1 2 0 0 1 2 0 3 83 59 54 37 11 10 9 0 0 3 2 1 1 2 0 1 1 1 0 0 1 1 193 190 188 186 0 0 0 0 0 0 0 1 3 1 1 1 
0 1 0 0 1 3 1 0 0 0 0 0 0 0 0 0 1 1 3 3 0 3 1 0 0 1 13 0 0 1 2 0 0 1 2 1 0 0 1 2 0 3 72 50 48 30 11 9 1 0 0 2 1 0 0 1 0 1 1 1 0 0 0 1 192 190 188 186 0 0 0 0 0 0 0 1 2 1 0 0 
0 1 0 0 1 3 1 0 0 0 0 0 0 0 0 0 1 1 2 3 0 3 1 0 3 6 14 18 0 1 2 0 0 2 2 1 0 0 1 1 0 1 63 46 39 24 11 9 1 1 0 2 1 0 0 1 0 1 1 1 0 0 0 0 192 190 187 186 0 0 0 0 0 0 0 1 2 1 0 0 
0 0 0 0 1 2 2 0 0 0 0 1 0 0 0 0 1 1 1 2 0 2 1 1 6 12 15 19 0 1 2 0 0 2 3 0 0 1 1 1 0 0 51 37 33 22 9 9 1 1 0 2 1 0 0 0 0 1 1 1 0 0 0 0 192 189 187 185 0 0 0 0 1 0 0 1 1 1 0 0 
0 0 0 0 1 2 1 1 1 0 0 0 0 0 0 0 0 0 0 0 0 0 0 3 9 13 19 17 0 0 1 0 0 1 1 0 0 0 0 0 0 0 3 22 13 9 9 0 1 0 0 1 0 0 0 0 0 0 1 0 0 0 0 63 190 188 186 123 0 0 0 0 0 0 0 1 1 0 0 0 
0 0 0 0 1 2 1 1 1 1 1 0 0 0 0 0 0 0 0 0 0 0 0 2 5 10 21 18 0 0 0 1 1 1 0 0 0 0 0 0 0 0 4 22 9 8 0 0 1 0 0 0 1 0 0 0 0 0 1 0 0 0 0 63 190 188 186 123 0 0 0 0 0 0 0 1 2 0 0 0 
0 0 1 1 2 3 1 1 2 2 1 0 0 0 0 0 0 0 0 0 0 0 0 0 1 5 21 19 0 0 1 1 1 1 0 0 0 0 0 0 0 0 1 1 11 0 0 0 0 0 0 1 1 0 0 0 0 0 0 0 0 0 0 63 190 188 186 123 1 0 0 0 1 1 1 1 1 0 0 0 
0 0 0 1 2 2 1 1 2 1 0 0 0 0 0 1 0 0 1 0 0 1 0 0 0 3 20 19 0 0 1 1 1 1 1 0 0 0 0 0 0 0 1 0 0 0 0 0 0 0 0 1 0 0 0 0 0 0 0 0 0 0 0 63 190 187 185 123 1 0 0 1 1 1 1 1 1 0 0 0 
0 0 0 1 1 0 0 1 2 1 0 0 0 0 0 0 0 0 1 1 2 1 1 0 0 7 22 13 0 0 1 1 1 1 1 0 0 0 0 0 0 0 0 0 0 0 0 0 0 0 1 1 0 0 0 0 0 0 1 0 0 0 0 126 188 186 184 62 1 0 0 1 2 2 1 1 0 0 0 0 
0 0 1 1 0 0 1 1 1 0 0 1 0 1 2 0 0 1 2 1 3 2 1 1 0 19 24 0 0 0 0 1 1 1 1 0 0 0 0 0 0 0 0 0 0 0 0 0 0 1 1 0 0 1 0 0 0 1 1 0 0 0 0 190 188 186 184 0 1 0 0 1 1 1 0 0 1 1 0 0 
0 0 1 2 1 1 1 1 1 0 0 0 0 1 1 1 0 0 1 1 2 1 0 0 0 19 25 26 0 0 0 1 1 1 2 0 0 0 0 0 0 0 0 0 0 0 0 0 0 1 0 0 1 1 0 0 0 1 1 0 0 0 0 190 188 186 184 0 0 0 0 0 0 0 0 0 1 1 1 1 
0 0 1 2 1 3 2 1 1 0 0 0 0 1 0 1 0 0 0 1 0 0 0 0 0 17 24 26 0 1 0 1 1 1 1 0 0 0 0 0 0 0 0 0 0 0 0 0 0 1 0 0 1 1 0 0 0 1 1 0 0 1 1 190 188 186 184 0 0 0 0 0 0 0 0 0 1 1 1 1 
2 1 1 2 1 2 1 1 1 0 1 1 1 1 0 1 0 0 0 1 0 0 0 0 0 14 21 26 1 1 1 1 1 0 1 1 0 0 0 0 0 0 0 0 0 0 1 1 0 0 1 0 0 0 0 0 0 1 2 1 0 1 1 189 187 186 184 0 0 1 0 0 0 0 0 1 1 1 1 1 
4 2 1 2 2 1 0 1 1 0 2 2 1 0 1 0 0 0 0 0 0 0 0 0 0 3 3 3 3 3 3 3 3 3 3 3 3 3 3 3 3 3 3 3 3 3 3 3 3 3 3 3 3 3 3 3 3 3 3 3 3 3 3 3 3 3 3 3 3 3 3 3 3 3 3 3 3 3 3 3 
1 1 0 0 0 0 0 0 0 1 1 0 0 0 1 11 11 11 11 11 11 11 11 11 11 11 11 11 11 11 11 11 11 11 11 11 11 11 11 11 11 11 11 11 11 11 11 11 11 11 11 11 11 11 11 11 11 11 11 11 11 11 11 11 11 11 11 11 11 11 11 11 11 11 11 11 11 11 11 11 
0 0 0 4 17 13 9 0 0 2 1 1 0 0 0 0 0 0 0 0 0 0 0 0 0 0 1 0 0 0 0 0 0 0 0 1 1 1 1 0 0 0 1 3 2 0 0 2 3 2 2 3 3 2 1 0 0 0 0 0 1 1 1 1 0 0 0 0 1 2 0 0 0 0 0 0 0 1 1 0 
0 0 0 9 20 16 12 6 1 1 1 1 0 0 0 0 0 0 0 0 0 0 0 0 0 0 1 0 0 0 0 0 0 0 0 1 1 1 0 0 0 0 3 3 1 0 1 4 3 3 3 4 4 3 1 0 0 0 0 0 1 0 0 0 0 0 0 0 3 2 0 0 0 0 0 0 0 1 0 0 
0 0 0 11 22 20 15 8 0 1 0 0 0 0 0 0 0 0 0 0 0 0 0 0 0 0 0 0 0 0 0 0 0 0 0 1 1 1 0 0 0 0 1 2 0 0 0 2 2 2 2 3 2 2 2 2 0 0 0 0 0 0 0 0 0 0 0 0 1 1 0 0 0 0 0 0 0 0 0 0 
0 0 0 13 25 22 17 17 17 17 17 17 17 17 17 17 17 17 17 17 17 17 17 17 17 17 17 17 17 17 17 17 17 17 17 17 17 17 17 17 17 17 17 17 17 17 17 17 17 17 17 17 17 17 17 17 17 17 17 17 17 17 17 17 17 17 17 17 17 17 17 17 17 17 17 17 17 17 17 17 
0 0 1 1 0 0 0 1 1 1 0 0 0 0 0 0 0 0 1 0 0 0 1 1 1 0 0 1 0 0 0 1 0 0 0 0 1 0 0 1 1 1 2 0 2 1 0 0 0 0 0 0 0 0 1 0 0 0 0 0 0 0 0 0 0 1 0 0 0 0 1 0 3 19 17 16 14 14 41 27 
0 0 1 1 0 0 0 1 1 1 0 0 0 0 0 0 0 1 1 0 0 0 1 2 1 0 0 1 1 0 0 1 0 0 0 0 1 0 0 0 0 3 1 0 0 1 0 0 0 0 0 0 0 0 1 0 0 1 2 1 0 0 0 0 0 1 0 0 0 1 1 0 8 18 15 19 22 39 41 13 
0 1 1 1 0 0 1 1 1 0 0 0 0 0 0 0 0 1 1 1 1 1 1 1 1 1 1 1 1 0 0 0 0 0 0 0 0 0 0 0 1 4 0 0 0 1 0 0 0 0 0 0 0 1 1 1 1 1 6 4 0 0 0 0 1 1 0 0 2 1 1 0 19 20 21 23 206 41 41 0 
0 0 0 0 0 0 0 1 0 0 0 0 0 0 0 0 0 0 1 1 1 0 0 0 1 1 1 1 0 0 0 0 0 0 0 0 0 0 0 0 2 2 0 0 0 0 0 0 0 0 0 0 0 0 1 1 2 4 10 5 0 0 0 1 0 0 0 1 1 0 0 3 19 20 21 86 151 41 27 0 
0 0 0 2 3 2 1 1 0 0 0 0 0 0 0 1 0 0 0 1 1 0 0 0 0 1 1 1 1 1 0 0 0 0 0 0 0 0 0 0 2 1 0 0 0 0 0 0 1 2 1 0 0 0 0 1 1 6 7 2 0 0 1 1 0 0 0 1 1 0 0 7 19 20 21 22 40 41 14 1 
1 0 0 6 9 1 1 0 0 0 1 0 0 0 1 4 0 0 0 1 1 1 0 0 1 2 2 1 2 2 0 1 0 0 0 0 0 0 0 0 1 0 0 0 0 0 0 0 4 6 0 0 0 0 0 1 0 4 3 0 1 2 2 1 0 0 0 1 0 0 0 18 19 20 22 206 41 41 1 1 
1 0 2 9 8 2 1 0 0 0 0 0 0 0 3 3 0 0 0 0 1 0 0 0 1 2 2 2 2 2 0 1 0 0 0 0 0 0 0 0 0 0 0 0 0 0 0 1 6 5 0 0 0 0 0 0 0 0 0 1 1 3 2 0 0 0 0 0 0 0 2 18 19 21 86 151 41 27 1 1 
1 0 3 6 3 2 1 0 0 0 0 0 1 1 2 1 0 0 0 0 1 0 0 0 1 2 2 2 2 1 4 3 0 0 0 0 0 0 0 0 0 0 0 0 1 1 1 2 5 6 2 1 1 0 0 0 0 0 1 1 3 3 1 0 0 0 0 1 1 0 5 18 19 21 22 23 25 25 14 0 
1 1 1 1 2 4 1 0 0 0 0 1 1 1 0 0 0 0 0 0 0 0 0 1 1 2 2 1 1 4 8 2 0 0 0 0 0 0 0 0 0 0 0 1 2 3 1 2 6 7 1 2 1 0 0 0 1 3 2 3 6 2 0 0 0 0 2 3 2 2 16 19 20 21 23 24 24 24 19 0 
0 0 1 3 0 0 0 0 0 2 2 1 0 0 0 0 1 1 0 0 0 1 1 1 2 1 1 3 7 2 0 0 0 0 0 0 0 0 0 0 0 0 2 2 0 1 5 6 1 2 1 0 0 0 1 2 1 2 5 2 0 0 0 0 2 2 1 2 15 18 20 21 23 23 24 24 25 19 0 1 
0 0 2 1 0 0 0 0 3 4 3 0 0 0 0 1 2 0 0 0 0 0 1 1 2 2 1 8 3 0 0 0 1 1 1 0 0 0 1 0 0 1 1 0 0 2 5 1 1 1 0 0 0 1 1 1 0 2 2 1 0 0 0 1 1 1 0 14 17 19 20 22 23 23 23 24 25 25 2 1 
0 0 0 1 1 0 0 2 3 3 1 0 0 0 1 2 1 0 0 0 0 0 0 1 2 2 4 3 0 0 0 0 1 1 1 0 0 0 1 0 0 0 0 0 0 1 0 0 0 0 0 0 0 0 0 1 0 0 1 0 0 0 0 0 0 0 3 15 17 19 21 22 22 23 24 25 25 14 1 1 
0 0 0 1 2 1 0 1 2 2 0 0 0 0 1 2 2 0 0 0 0 0 0 1 2 1 2 1 0 0 1 2 1 1 0 0 0 1 1 0 0 0 0 0 0 1 0 0 0 0 0 0 0 0 2 6 3 1 1 1 0 0 0 0 0 0 2 14 16 18 20 21 21 22 23 24 25 24 13 1 
0 0 1 4 3 0 0 0 0 0 0 0 1 1 2 3 2 0 0 0 0 0 1 2 1 1 0 0 0 2 2 1 0 0 0 0 1 2 1 0 1 0 0 1 0 0 0 0 0 0 0 0 0 1 8 10 1 0 1 0 0 0 0 0 0 1 12 14 17 19 19 20 20 22 23 25 24 18 1 1 
0 0 3 4 0 0 0 0 0 0 0 0 1 2 2 3 1 0 1 1 1 1 1 1 1 0 0 0 2 3 2 1 0 0 0 0 2 2 0 1 1 0 1 1 0 0 1 1 1 0 0 0 0 4 12 2 0 1 1 0 1 0 0 0 0 1 1 1 1 1 1 1 1 1 1 1 1 1 1 1 
0 0 1 1 1 1 0 0 1 2 2 1 0 0 1 0 0 0 1 0 0 1 1 1 0 0 1 1 0 1 1 0 0 0 0 2 3 2 1 0 0 0 0 1 0 0 1 1 0 2 1 0 0 0 1 10 10 10 10 10 10 10 10 10 10 10 10 10 10 10 10 10 10 10 10 10 10 10 10 10 
0 0 0 1 0 0 1 1 0 0 0 1 0 0 0 1 0 0 0 0 0 0 0 1 3 1 1 1 1 0 0 0 0 0 0 1 1 0 0 0 0 0 1 1 9 10 11 13 14 15 15 17 19 20 19 18 16 13 11 0 1 3 2 0 0 0 0 0 0 0 0 0 1 1 0 0 0 0 0 0 
0 0 1 1 1 1 1 1 0 1 0 1 1 0 0 1 1 1 1 0 0 1 1 1 3 1 0 1 2 1 0 0 0 0 0 0 1 1 1 1 0 0 1 2 2 2 2 2 2 2 2 2 2 2 2 2 2 2 2 2 2 2 2 2 2 2 2 2 2 2 2 2 2 2 2 2 2 2 2 2 
2 2 2 2 2 2 2 2 2 2 2 2 2 2 2 2 2 2 2 2 2 2 2 2 2 2 2 2 2 2 2 2 2 2 2 2 2 2 2 2 2 2 2 2 2 2 2 2 2 2 2 2 2 2 2 2 2 2 2 2 2 2 2 2 2 2 2 2 2 2 2 2 2 2 2 2 2 2 2 2 
2 2 2 2 2 2 2 2 2 2 2 2 2 2 2 2 2 2 2 2 2 2 2 2 2 2 2 2 2 2 2 2 2 2 2 2 2 2 2 2 2 2 2 2 2 2 2 2 2 2 2 2 2 2 2 2 2 2 2 2 2 2 2 2 2 2 2 2 2 2 2 2 2 2 2 2 2 2 2 2 
2 2 2 2 2 2 2 2 2 2 2 2 2 2 2 2 2 2 2 2 2 2 2 2 2 2 2 2 2 2 2 2 2 2 2 2 2 2 2 2 2 2 2 2 2 2 2 2 2 2 2 2 2 2 2 2 2 2 2 2 2 2 2 2 2 2 2 2 2 2 2 2 2 2 2 2 2 2 2 2 
2 2 2 2 2 2 2 2 2 2 2 2 2 2 2 2 2 2 2 2 2 2 2 2 2 2 2 2 2 2 2 2 2 2 2 2 2 2 2 2 2 2 2 2 2 2 2 2 2 2 2 2 2 2 2 2 2 2 2 2 2 2 2 2 2 2 2 2 2 2 2 2 2 2 2 2 2 2 2 2 
2 2 2 2 2 2 2 2 2 2 2 2 2 2 2 2 2 2 2 2 2 2 2 2 2 2 2 2 2 2 2 2 2 2 2 2 2 2 2 2 2 2 2 2 2 2 2 2 2 2 2 2 2 2 2 2 2 2 2 2 2 2 2 2 2 2 2 2 2 2 2 2 2 2 2 2 2 2 2 2 
2 2 2 2 2 2 2 2 2 2 2 2 2 2 2 2 2 2 2 2 2 2 2 2 2 2 2 2 2 2 2 2 2 2 2 2 2 2 2 2 2 2 2 2 2 2 2 2 2 2 2 2 2 2 2 2 2 2 2 2 2 2 2 2 2 2 2 2 2 2 2 2 2 2 2 2 2 2 2 2 
2 2 2 2 2 2 2 2 2 2 2 2 2 2 2 2 2 2 2 2 2 2 2 2 2 2 2 2 2 2 2 2 2 2 2 2 2 2 2 2 2 2 2 2 2 2 2 2 2 2 2 2 2 2 2 2 2 2 2 2 2 2 2 2 2 2 2 2 2 2 2 2 2 2 2 2 2 2 2 2 
2 2 2 2 2 2 2 2 2 2 2 2 2 2 2 2 2 2 2 2 2 2 2 2 2 2 2 2 2 2 2 2 2 2 2 2 2 2 2 2 2 2 2 2 2 2 2 2 2 2 2 2 2 2 2 2 2 2 2 2 2 2 2 2 2 2 2 2 2 2 2 2 2 2 2 2 2 2 2 2 
2 2 2 2 2 2 2 2 2 2 2 2 2 2 2 2 2 2 2 2 2 2 2 2 2 2 2 2 2 2 2 2 2 2 2 2 2 2 2 2 2 2 2 2 2 2 2 2 2 2 2 2 2 2 2 2 2 2 2 2 2 2 2 2 2 2 2 2 2 2 2 2 2 2 2 2 2 2 2 2 
2 2 2 2 2 2 2 2 2 2 2 2 2 2 2 2 2 2 2 2 2 2 2 2 2 2 2 2 2 2 2 2 2 2 2 2 2 2 2 2 2 2 2 2 2 2 2 2 2 2 2 2 2 2 2 2 2 2 2 2 2 2 2 2 2 2 2 2 2 2 2 2 2 2 2 2 2 2 2 2 
2 2 2 2 2 2 2 2 2 2 2 2 2 2 2 2 2 2 2 2 2 2 2 2 2 2 2 2 2 2 2 2 2 2 2 2 2 2 2 2 2 2 2 2 2 2 2 2 2 2 2 2 2 2 2 2 2 2 2 2 2 2 2 2 2 2 2 2 2 2 2 2 2 2 2 2 2 2 2 2 
