w1 = [[ -8.55159812e-05   1.00238366e-03   1.78651360e-03 ...,  -4.20304287e-04
    3.86128943e-05  -4.10760643e-04]
 [  8.53818152e-04   5.67883511e-04  -6.88970243e-04 ...,  -1.20061169e-03
    6.38063022e-05   8.08203253e-04]
 [ -2.98030810e-04   7.94292974e-04  -1.64444558e-04 ...,   1.77129238e-03
   -4.01075754e-04  -1.93091079e-05]
 ..., 
 [ -1.66550186e-03   3.76834960e-04   9.55716290e-04 ...,  -4.66159071e-04
    1.62326330e-04  -6.72152016e-04]
 [  1.75656104e-03   1.81853871e-05  -2.23978938e-03 ...,   1.60522005e-04
   -1.02470318e-03  -1.44308080e-04]
 [  6.54986094e-04   9.03506186e-04  -1.82754731e-05 ...,   6.01624081e-04
    1.58101188e-04   9.54519446e-05]]

w2 = [[  7.35823868e-04  -1.70581238e-03   1.21924986e-03 ...,   1.58492002e-04
   -2.60389930e-03   1.65122460e-03]
 [  1.84630748e-04   1.23402111e-03   3.14724374e-04 ...,   6.96303034e-04
   -9.57740877e-04  -6.71918657e-04]
 [  1.84521619e-04   4.47589860e-04   1.06825293e-03 ...,   5.84753680e-04
    1.20211911e-03  -1.29311714e-03]
 ..., 
 [ -1.21768899e-03  -3.17907441e-04   9.80499608e-04 ...,   1.64586399e-03
   -1.66984912e-03  -6.42010729e-04]
 [ -1.48728295e-04  -2.28914625e-03  -2.46455920e-03 ...,   5.94804817e-04
   -5.34518892e-04   2.91541115e-05]
 [ -1.70469641e-04   9.99533601e-04  -1.09985290e-03 ...,  -5.36072649e-04
    9.44823537e-05   2.99257608e-04]]

w1 type = <type 'numpy.ndarray'>
w2 type = <type 'numpy.ndarray'>

x = [[ 59 154 255 ...,  28 134 125]
 [ 43 126 253 ...,  30 131 110]
 [ 50 105 253 ...,  33 128 102]
 ..., 
 [140 139  83 ..., 100 136  82]
 [ 84 142  83 ...,  99 137  84]
 [ 72 144  84 ...,  96 138  86]]

len x = 3072

len x[i] = 10

y = [[  9.00407215e-01   8.75621802e-01   1.10797308e-03 ...,   4.16380842e-01
    9.93428784e-01   3.38250075e-04]
 [  6.38959156e-04   3.21096992e-04   1.44410906e-05 ...,   1.27264100e-02
    3.42545014e-08   1.11976383e-05]
 [  9.99404014e-01   9.76763406e-01   8.62603237e-02 ...,   9.84158254e-01
    9.24812508e-01   1.65187606e-02]
 ..., 
 [  9.50400801e-01   9.88604917e-02   1.43583247e-02 ...,   6.86420928e-02
    1.67452400e-04   4.73015480e-03]
 [  9.95602895e-01   9.77596498e-01   1.75454039e-01 ...,   1.38120327e-01
    8.86053483e-01   5.84671144e-01]
 [  9.64360069e-05   1.48587752e-05   2.20889301e-06 ...,   4.02262355e-05
    6.31764650e-07   5.43327171e-04]]

len y = 1541

len y[i] = 10

z = [[-0.01461202 -0.013381   -0.01618939 -0.02062466 -0.00901556 -0.02972765
  -0.01959746 -0.00191606 -0.00609372 -0.01273466]
 [ 0.04155833  0.04319934  0.03847881  0.0471625   0.05015199  0.03753152
   0.03583118  0.05958441  0.05553816  0.04390565]
 [-0.02070933 -0.02974301 -0.04153796 -0.03770598 -0.02400237 -0.03226745
  -0.03234654 -0.02798848 -0.02562548 -0.04333499]
 [-0.00513859 -0.02310416 -0.00394831 -0.01401463 -0.01505329 -0.00835485
  -0.02610211 -0.00737108 -0.02627999 -0.01705015]
 [ 0.02091855  0.02148287  0.01919977  0.02032998  0.00828326  0.02110626
   0.00544497  0.02825696  0.00243075  0.02852906]
 [-0.02140048 -0.01535878  0.01100813 -0.01552035  0.0117457  -0.01487527
  -0.02036558  0.00535776  0.00774816  0.00128148]
 [-0.00122079  0.00318912  0.00277657  0.00618276  0.0033519  -0.01606436
  -0.00717828  0.00277589 -0.0131299  -0.00856883]
 [ 0.03837675  0.04591058  0.03992299  0.03320465  0.03892419  0.03460611
   0.0448814   0.03670596  0.05576837  0.03838874]
 [ 0.02245656  0.0145844   0.00755697  0.02356492  0.01478821  0.01560929
   0.01480858  0.0098994   0.00307043  0.00192237]
 [ 0.00807678  0.01044189  0.00130859 -0.00045063  0.0105964   0.02276312
   0.01360772  0.01837484  0.01023099  0.02601509]]

len z = 10

len z[i] = 10

p = [[ 0.0978547   0.09807699  0.09779362  0.09751541  0.09819389  0.09674708
   0.09794032  0.09855467  0.09872436  0.09812603]
 [ 0.10350854  0.10378621  0.10328865  0.1043549   0.10417911  0.10347803
   0.10352229  0.10480609  0.10500034  0.10384433]
 [ 0.09725987  0.09648531  0.09534585  0.09586387  0.09673325  0.09650168
   0.09669959  0.09601832  0.0968148   0.09516881]
 [ 0.09878613  0.09712799  0.09899808  0.09816213  0.09760281  0.0988371
   0.09730532  0.09801851  0.09675146  0.09770348]
 [ 0.10139404  0.10155664  0.10131642  0.10159203  0.09990731  0.10179226
   0.10042395  0.10157368  0.09956953  0.10225977]
 [ 0.09719267  0.09788321  0.10048986  0.09801443  0.10025383  0.09819473
   0.09786512  0.09927415  0.10010039  0.09951106]
 [ 0.09917391  0.09971568  0.09966607  0.1001649   0.09941584  0.09807804
   0.09916424  0.09901817  0.09803215  0.09853565]
 [ 0.10317974  0.10406798  0.10343793  0.10290845  0.10301595  0.10317576
   0.10446344  0.10243551  0.10502451  0.10327301]
 [ 0.10155011  0.10085846  0.10014365  0.10192121  0.10055932  0.10123425
   0.1013687   0.09972604  0.09963324  0.09957485]
 [ 0.10010029  0.10044152  0.09951987  0.09950267  0.10013868  0.10196106
   0.10124704  0.10057486  0.10034923  0.10200302]]

len p = 10

len p[i] = 10

initial loss = [ 0.  0.  0.  0.  0.  0.  0.  0.  0.  0.]

len loss = 10

(a,b) = (array([ 0.0978547 ,  0.10350854,  0.09725987,  0.09878613,  0.10139404,
        0.09719267,  0.09917391,  0.10317974,  0.10155011,  0.10010029]), array([ 0.,  0.,  0.,  0.,  0.,  0.,  1.,  0.,  0.,  0.]))

loss[j] = 2.31088028776

(a,b) = (array([ 0.09807699,  0.10378621,  0.09648531,  0.09712799,  0.10155664,
        0.09788321,  0.09971568,  0.10406798,  0.10085846,  0.10044152]), array([ 0.,  0.,  0.,  0.,  0.,  0.,  0.,  0.,  0.,  1.]))

loss[j] = 2.2981796022

(a,b) = (array([ 0.09779362,  0.10328865,  0.09534585,  0.09899808,  0.10131642,
        0.10048986,  0.09966607,  0.10343793,  0.10014365,  0.09951987]), array([ 0.,  0.,  0.,  0.,  0.,  0.,  0.,  0.,  0.,  1.]))

loss[j] = 2.30739796391

(a,b) = (array([ 0.09751541,  0.1043549 ,  0.09586387,  0.09816213,  0.10159203,
        0.09801443,  0.1001649 ,  0.10290845,  0.10192121,  0.09950267]), array([ 0.,  0.,  0.,  0.,  1.,  0.,  0.,  0.,  0.,  0.]))

loss[j] = 2.28679019627

(a,b) = (array([ 0.09819389,  0.10417911,  0.09673325,  0.09760281,  0.09990731,
        0.10025383,  0.09941584,  0.10301595,  0.10055932,  0.10013868]), array([ 0.,  1.,  0.,  0.,  0.,  0.,  0.,  0.,  0.,  0.]))

loss[j] = 2.26164369213

(a,b) = (array([ 0.09674708,  0.10347803,  0.09650168,  0.0988371 ,  0.10179226,
        0.09819473,  0.09807804,  0.10317576,  0.10123425,  0.10196106]), array([ 0.,  1.,  0.,  0.,  0.,  0.,  0.,  0.,  0.,  0.]))

loss[j] = 2.26839591422

(a,b) = (array([ 0.09794032,  0.10352229,  0.09669959,  0.09730532,  0.10042395,
        0.09786512,  0.09916424,  0.10446344,  0.1013687 ,  0.10124704]), array([ 0.,  0.,  1.,  0.,  0.,  0.,  0.,  0.,  0.,  0.]))

loss[j] = 2.33614606948

(a,b) = (array([ 0.09855467,  0.10480609,  0.09601832,  0.09801851,  0.10157368,
        0.09927415,  0.09901817,  0.10243551,  0.09972604,  0.10057486]), array([ 0.,  0.,  0.,  0.,  0.,  0.,  0.,  1.,  0.,  0.]))

loss[j] = 2.27852185505

(a,b) = (array([ 0.09872436,  0.10500034,  0.0968148 ,  0.09675146,  0.09956953,
        0.10010039,  0.09803215,  0.10502451,  0.09963324,  0.10034923]), array([ 0.,  0.,  0.,  0.,  0.,  0.,  0.,  0.,  1.,  0.]))

loss[j] = 2.30625945099

(a,b) = (array([ 0.09812603,  0.10384433,  0.09516881,  0.09770348,  0.10225977,
        0.09951106,  0.09853565,  0.10327301,  0.09957485,  0.10200302]), array([ 0.,  0.,  0.,  1.,  0.,  0.,  0.,  0.,  0.,  0.]))

loss[j] = 2.32581814548

batch_loss = 2.29800331775

tenth_epoch_loss = 2.29800331775

dloss_dz = [[ 0.0978547   0.09807699  0.09779362  0.09751541  0.09819389  0.09674708
   0.09794032  0.09855467  0.09872436  0.09812603]
 [ 0.10350854  0.10378621  0.10328865  0.1043549  -0.89582089 -0.89652197
   0.10352229  0.10480609  0.10500034  0.10384433]
 [ 0.09725987  0.09648531  0.09534585  0.09586387  0.09673325  0.09650168
  -0.90330041  0.09601832  0.0968148   0.09516881]
 [ 0.09878613  0.09712799  0.09899808  0.09816213  0.09760281  0.0988371
   0.09730532  0.09801851  0.09675146 -0.90229652]
 [ 0.10139404  0.10155664  0.10131642 -0.89840797  0.09990731  0.10179226
   0.10042395  0.10157368  0.09956953  0.10225977]
 [ 0.09719267  0.09788321  0.10048986  0.09801443  0.10025383  0.09819473
   0.09786512  0.09927415  0.10010039  0.09951106]
 [-0.90082609  0.09971568  0.09966607  0.1001649   0.09941584  0.09807804
   0.09916424  0.09901817  0.09803215  0.09853565]
 [ 0.10317974  0.10406798  0.10343793  0.10290845  0.10301595  0.10317576
   0.10446344 -0.89756449  0.10502451  0.10327301]
 [ 0.10155011  0.10085846  0.10014365  0.10192121  0.10055932  0.10123425
   0.1013687   0.09972604 -0.90036676  0.09957485]
 [ 0.10010029 -0.89955848 -0.90048013  0.09950267  0.10013868  0.10196106
   0.10124704  0.10057486  0.10034923  0.10200302]]

dloss_dw2 = [[  4.48507254e-01   3.60825215e-03   7.06130194e-01 ...,   2.68439029e-01
    6.46524324e-01   1.59890886e-04]
 [  1.71397637e-01  -3.77412505e-03  -7.63272925e-01 ...,   1.35197601e-01
   -5.48326309e-01   1.00320033e-04]
 [  2.00951270e-01   3.48994472e-03  -3.48550924e-02 ...,  -4.78660727e-01
   -1.63760428e-01   6.87957466e-05]
 ..., 
 [  5.77049730e-02  -8.93022237e-03  -2.38507749e-01 ...,   2.15480679e-01
    5.46817385e-01   1.28418158e-04]
 [ -5.32403229e-01   3.72918380e-03  -1.98596196e-01 ...,   2.78533853e-01
   -2.19578983e-01   1.64486979e-04]
 [ -4.18433188e-01   3.37138854e-03  -3.39667524e-01 ...,   1.62403214e-01
   -4.87826820e-01   1.47379416e-04]]

dloss_dy = [[ -3.39072234e-05  -1.29114783e-04  -1.30407354e-04 ...,   9.19818115e-04
   -1.48395589e-04   5.31614092e-04]
 [  4.95503354e-04  -1.29576691e-03  -1.29824500e-03 ...,   2.43880737e-05
    1.99523059e-03   4.71314737e-04]
 [  9.31157797e-04   1.01016011e-03   1.00872060e-03 ...,  -1.06897157e-03
    2.37888019e-03  -2.57502721e-04]
 ..., 
 [ -1.45797031e-03   1.04582655e-03   1.04232987e-03 ...,  -1.14110068e-03
   -8.84554319e-05   3.34342156e-04]
 [  9.45435782e-04  -9.28733058e-04  -9.30927352e-04 ...,   8.35555377e-04
   -3.00887394e-04  -1.23606910e-04]
 [ -5.01386675e-04  -1.43306280e-04  -1.39463811e-04 ...,   8.00490877e-04
    1.24170942e-04  -9.33902612e-04]]

dy_da = [[ 0.205465    0.20759937  0.24999992 ...,  0.23946977  0.19720821
   0.24999999]
 [ 0.24999997  0.24999999  0.25       ...,  0.24998988  0.25        0.25      ]
 [ 0.19666608  0.19871336  0.24953552 ...,  0.19804676  0.20333464
   0.24998295]
 ..., 
 [ 0.20107243  0.24939016  0.24998712 ...,  0.24970575  0.25        0.2499986 ]
 [ 0.1970111   0.19863837  0.24808582 ...,  0.24881145  0.20670476
   0.22979579]
 [ 0.25        0.25        0.25       ...,  0.25        0.25        0.24999998]]

dloss_da = [[ -6.96674758e-06  -2.68041477e-05  -3.26018284e-05 ...,   2.20268635e-04
   -2.92648286e-05   1.32903519e-04]
 [  1.23875826e-04  -3.23941720e-04  -3.24561249e-04 ...,   6.09677156e-06
    4.98807647e-04   1.17828684e-04]
 [  1.83127151e-04   2.00732312e-04   2.51711624e-04 ...,  -2.11706360e-04
    4.83708741e-04  -6.43712888e-05]
 ..., 
 [ -2.93157632e-04   2.60818847e-04   2.60569038e-04 ...,  -2.84939398e-04
   -2.21138578e-05   8.35850716e-05]
 [  1.86261344e-04  -1.84482019e-04  -2.30949876e-04 ...,   2.07895749e-04
   -6.21948571e-05  -2.84043471e-05]
 [ -1.25346669e-04  -3.58265701e-05  -3.48659528e-05 ...,   2.00122719e-04
    3.10427355e-05  -2.33475636e-04]]

dloss_dw1 = [[-0.0476808  -0.03815644 -0.04074748 ...,  0.01196302  0.01445946
   0.01311104]
 [-0.20632345 -0.18870532 -0.19069585 ..., -0.02504376 -0.03333416
  -0.04201171]
 [ 0.08158636  0.08616657  0.07718116 ...,  0.09384867  0.08406615
   0.07708647]
 ..., 
 [ 0.07138084  0.06830616  0.05856686 ..., -0.01189185  0.00614611
   0.01126843]
 [-0.14670218 -0.11836935 -0.1175393  ..., -0.02074065 -0.03151325
  -0.04353352]
 [ 0.08507093  0.06793925  0.07733793 ...,  0.00885556  0.01345628
   0.02078095]]

learning_rate = 0.1

self.b1 = [[ -7.34724616e-04]
 [  5.06257054e-04]
 [ -7.33540288e-05]
 ..., 
 [  2.20566558e-04]
 [ -6.93141506e-04]
 [  2.57547209e-03]]

self.b2 = [[-0.09674808]
 [ 0.0962432 ]
 [ 0.00421019]
 [ 0.00193697]
 [-0.0014008 ]
 [-0.10042706]
 [ 0.0006636 ]
 [-0.00292242]
 [-0.00213367]
 [ 0.09960701]]







x = [[ 53 142 164 ..., 110 197  23]
 [ 54 172 162 ..., 142 198  47]
 [ 56 176 162 ..., 151 201  52]
 ..., 
 [ 39 105 108 ...,  60  61 184]
 [ 46 106 107 ...,  60  63 183]
 [ 41 111 100 ...,  62  57 186]]

len x = 3072

len x[i] = 10

y = [[  3.71840819e-013   8.38414248e-001   1.00000000e+000 ...,
    6.96512507e-033   9.99998115e-001   3.30069376e-034]
 [  1.00000000e+000   1.00000000e+000   1.00000000e+000 ...,
    1.00000000e+000   1.00000000e+000   1.00000000e+000]
 [  0.00000000e+000   0.00000000e+000   0.00000000e+000 ...,
    0.00000000e+000   0.00000000e+000   0.00000000e+000]
 ..., 
 [  1.00000000e+000   9.38718003e-098   8.89404566e-142 ...,
    1.00000000e+000   4.47804276e-049   1.00000000e+000]
 [  1.00000000e+000   1.00000000e+000   1.00000000e+000 ...,
    1.00000000e+000   1.00000000e+000   1.00000000e+000]
 [  0.00000000e+000   0.00000000e+000   0.00000000e+000 ...,
    0.00000000e+000   0.00000000e+000   0.00000000e+000]]

len y = 1541

len y[i] = 10

z = [[ -3.76221318e+01  -3.75149010e+01  -3.75032401e+01  -3.76884509e+01
   -3.74639289e+01  -3.76082949e+01  -3.76858238e+01  -3.79174567e+01
   -3.78962769e+01  -3.77412064e+01]
 [  3.72546132e+01   3.74619097e+01   3.74502390e+01   3.73555058e+01
    3.73408127e+01   3.75241213e+01   3.76715265e+01   3.74925304e+01
    3.77422714e+01   3.74986083e+01]
 [  1.76895161e+00   1.79880054e+00   1.79336703e+00   1.87564924e+00
    1.79062182e+00   1.66508178e+00   1.78742793e+00   2.06160996e+00
    1.78823854e+00   1.91703325e+00]
 [  1.13838247e+00   1.36433648e+00   1.33318121e+00   1.02261792e+00
    1.30773326e+00   1.29851382e+00   1.37823972e+00   1.02529764e+00
    1.30110557e+00   1.10857352e+00]
 [ -8.58701016e-01  -1.22782294e+00  -1.15297133e+00  -7.92968847e-01
   -1.02427509e+00  -9.87908967e-01  -1.25318538e+00  -7.67897552e-01
   -1.05104990e+00  -8.88431058e-01]
 [ -3.79186394e+01  -3.78246863e+01  -3.78104481e+01  -3.79909584e+01
   -3.77772354e+01  -3.79185121e+01  -3.79986840e+01  -3.82098628e+01
   -3.82105503e+01  -3.80305596e+01]
 [ -2.16627218e-02  -2.55036090e-01  -1.36702730e-01   6.79392744e-02
   -1.48276625e-01  -1.62150344e-01  -1.33447830e-01   2.49630229e-02
   -8.64355121e-02   1.15894986e-02]
 [ -1.32706586e+00  -1.35498732e+00  -1.39751996e+00  -1.33716185e+00
   -1.21512790e+00  -1.25372306e+00  -1.49454529e+00  -1.57708407e+00
   -1.29887329e+00  -1.16850891e+00]
 [ -3.95812858e-01  -4.62195346e-01  -5.03410873e-01  -4.43770558e-01
   -6.16458317e-01  -5.72513670e-01  -5.53578291e-01  -4.15363147e-01
   -5.11799582e-01  -6.70907697e-01]
 [  3.80838029e+01   3.81165392e+01   3.80144650e+01   3.80593887e+01
    3.79030214e+01   3.81150489e+01   3.83817198e+01   3.83594158e+01
    3.83324333e+01   3.80651808e+01]]

len z = 10

len z[i] = 10

p = [[  9.20564204e-34   9.37440478e-34   1.01744221e-33   8.48376438e-34
    1.18212631e-33   8.36316750e-34   6.17515683e-34   5.26026705e-34
    5.04399209e-34   7.62967276e-34]
 [  3.03816437e-01   3.41947053e-01   3.62570216e-01   3.30951919e-01
    3.63036561e-01   3.56422047e-01   3.29556145e-01   2.95902810e-01
    3.56597701e-01   3.62028086e-01]
 [  1.17864834e-16   1.11088047e-16   1.18524845e-16   1.29139461e-16
    1.32037913e-16   9.51878598e-17   8.58347997e-17   1.21253935e-16
    8.66045013e-17   1.27602902e-16]
 [  6.27381269e-17   7.19419142e-17   7.48088939e-17   5.50290701e-17
    8.14672044e-17   6.59755650e-17   5.70105484e-17   4.30161084e-17
    5.32085355e-17   5.68526811e-17]
 [  8.51548154e-18   5.38544327e-18   6.22631236e-18   8.95556227e-18
    7.91050951e-18   6.70505462e-18   4.10338075e-18   7.15906557e-18
    5.06352736e-18   7.71725558e-18]
 [  6.84356612e-34   6.87710487e-34   7.48326334e-34   6.26918751e-34
    8.64164880e-34   6.13260733e-34   4.51621416e-34   3.92660714e-34
    3.68372483e-34   5.71269974e-34]
 [  1.96666471e-17   1.42461469e-17   1.72024676e-17   2.11826604e-17
    1.89952825e-17   1.53117466e-17   1.25729635e-17   1.58194475e-17
    1.32855601e-17   1.89817760e-17]
 [  5.33090500e-18   4.74236164e-18   4.87556312e-18   5.19700149e-18
    6.53609164e-18   5.13997169e-18   3.22344706e-18   3.18735986e-18
    3.95207185e-18   5.83212225e-18]
 [  1.35281679e-17   1.15805529e-17   1.19215144e-17   1.26983633e-17
    1.18937014e-17   1.01579531e-17   8.25994804e-18   1.01849778e-17
    8.68253615e-18   9.59250598e-18]
 [  6.96183563e-01   6.58052947e-01   6.37429784e-01   6.69048081e-01
    6.36963439e-01   6.43577953e-01   6.70443855e-01   7.04097190e-01
    6.43402299e-01   6.37971914e-01]]

len p = 10

len p[i] = 10

initial loss = [ 0.  0.  0.  0.  0.  0.  0.  0.  0.  0.]

len loss = 10

(a,b) = (array([  9.20564204e-34,   3.03816437e-01,   1.17864834e-16,
         6.27381269e-17,   8.51548154e-18,   6.84356612e-34,
         1.96666471e-17,   5.33090500e-18,   1.35281679e-17,
         6.96183563e-01]), array([ 0.,  0.,  0.,  0.,  1.,  0.,  0.,  0.,  0.,  0.]))

loss[j] = 39.3046458089

(a,b) = (array([  9.37440478e-34,   3.41947053e-01,   1.11088047e-16,
         7.19419142e-17,   5.38544327e-18,   6.87710487e-34,
         1.42461469e-17,   4.74236164e-18,   1.15805529e-17,
         6.58052947e-01]), array([ 0.,  0.,  0.,  0.,  0.,  0.,  0.,  1.,  0.,  0.]))

loss[j] = 39.8899964262

(a,b) = (array([  1.01744221e-33,   3.62570216e-01,   1.18524845e-16,
         7.48088939e-17,   6.22631236e-18,   7.48326334e-34,
         1.72024676e-17,   4.87556312e-18,   1.19215144e-17,
         6.37429784e-01]), array([ 0.,  0.,  0.,  0.,  0.,  0.,  0.,  1.,  0.,  0.]))

loss[j] = 39.8622960647

(a,b) = (array([  8.48376438e-34,   3.30951919e-01,   1.29139461e-16,
         5.50290701e-17,   8.95556227e-18,   6.26918751e-34,
         2.11826604e-17,   5.19700149e-18,   1.26983633e-17,
         6.69048081e-01]), array([ 0.,  0.,  1.,  0.,  0.,  0.,  0.,  0.,  0.,  0.]))

loss[j] = 36.5856387618

(a,b) = (array([  1.18212631e-33,   3.63036561e-01,   1.32037913e-16,
         8.14672044e-17,   7.91050951e-18,   8.64164880e-34,
         1.89952825e-17,   6.53609164e-18,   1.18937014e-17,
         6.36963439e-01]), array([ 0.,  0.,  0.,  0.,  0.,  0.,  0.,  0.,  0.,  1.]))

loss[j] = 0.451043021372

(a,b) = (array([  8.36316750e-34,   3.56422047e-01,   9.51878598e-17,
         6.59755650e-17,   6.70505462e-18,   6.13260733e-34,
         1.53117466e-17,   5.13997169e-18,   1.01579531e-17,
         6.43577953e-01]), array([ 0.,  0.,  0.,  0.,  0.,  0.,  0.,  0.,  0.,  1.]))

loss[j] = 0.440712119519

(a,b) = (array([  6.17515683e-34,   3.29556145e-01,   8.58347997e-17,
         5.70105484e-17,   4.10338075e-18,   4.51621416e-34,
         1.25729635e-17,   3.22344706e-18,   8.25994804e-18,
         6.70443855e-01]), array([ 0.,  0.,  0.,  0.,  0.,  0.,  0.,  0.,  0.,  1.]))

loss[j] = 0.399815315378

(a,b) = (array([  5.26026705e-34,   2.95902810e-01,   1.21253935e-16,
         4.30161084e-17,   7.15906557e-18,   3.92660714e-34,
         1.58194475e-17,   3.18735986e-18,   1.01849778e-17,
         7.04097190e-01]), array([ 0.,  0.,  0.,  1.,  0.,  0.,  0.,  0.,  0.,  0.]))

loss[j] = 37.6849570149

(a,b) = (array([  5.04399209e-34,   3.56597701e-01,   8.66045013e-17,
         5.32085355e-17,   5.06352736e-18,   3.68372483e-34,
         1.32855601e-17,   3.95207185e-18,   8.68253615e-18,
         6.43402299e-01]), array([ 0.,  0.,  1.,  0.,  0.,  0.,  0.,  0.,  0.,  0.]))

loss[j] = 36.9851798821

(a,b) = (array([  7.62967276e-34,   3.62028086e-01,   1.27602902e-16,
         5.68526811e-17,   7.71725558e-18,   5.71269974e-34,
         1.89817760e-17,   5.83212225e-18,   9.59250598e-18,
         6.37971914e-01]), array([ 0.,  0.,  0.,  0.,  0.,  0.,  1.,  0.,  0.,  0.]))

loss[j] = 38.5030523114

batch_loss = 27.0107336726

tenth_epoch_loss = 27.0107336726

dloss_dz = [[  9.20564204e-34   9.37440478e-34   1.01744221e-33   8.48376438e-34
    1.18212631e-33   8.36316750e-34   6.17515683e-34   5.26026705e-34
    5.04399209e-34   7.62967276e-34]
 [  3.03816437e-01   3.41947053e-01   3.62570216e-01   3.30951919e-01
    3.63036561e-01   3.56422047e-01   3.29556145e-01   2.95902810e-01
    3.56597701e-01   3.62028086e-01]
 [  1.17864834e-16   1.11088047e-16   1.18524845e-16  -1.00000000e+00
    1.32037913e-16   9.51878598e-17   8.58347997e-17   1.21253935e-16
   -1.00000000e+00   1.27602902e-16]
 [  6.27381269e-17   7.19419142e-17   7.48088939e-17   5.50290701e-17
    8.14672044e-17   6.59755650e-17   5.70105484e-17  -1.00000000e+00
    5.32085355e-17   5.68526811e-17]
 [ -1.00000000e+00   5.38544327e-18   6.22631236e-18   8.95556227e-18
    7.91050951e-18   6.70505462e-18   4.10338075e-18   7.15906557e-18
    5.06352736e-18   7.71725558e-18]
 [  6.84356612e-34   6.87710487e-34   7.48326334e-34   6.26918751e-34
    8.64164880e-34   6.13260733e-34   4.51621416e-34   3.92660714e-34
    3.68372483e-34   5.71269974e-34]
 [  1.96666471e-17   1.42461469e-17   1.72024676e-17   2.11826604e-17
    1.89952825e-17   1.53117466e-17   1.25729635e-17   1.58194475e-17
    1.32855601e-17  -1.00000000e+00]
 [  5.33090500e-18  -1.00000000e+00  -1.00000000e+00   5.19700149e-18
    6.53609164e-18   5.13997169e-18   3.22344706e-18   3.18735986e-18
    3.95207185e-18   5.83212225e-18]
 [  1.35281679e-17   1.15805529e-17   1.19215144e-17   1.26983633e-17
    1.18937014e-17   1.01579531e-17   8.25994804e-18   1.01849778e-17
    8.68253615e-18   9.59250598e-18]
 [  6.96183563e-01   6.58052947e-01   6.37429784e-01   6.69048081e-01
   -3.63036561e-01  -3.56422047e-01  -3.29556145e-01   7.04097190e-01
    6.43402299e-01   6.37971914e-01]]

dloss_dw2 = [[  3.76230352e-33   8.15317526e-33   0.00000000e+00 ...,   3.05793462e-33
    8.15317526e-33   0.00000000e+00]
 [  1.69204361e+00   3.40282898e+00   0.00000000e+00 ...,   1.29269925e+00
    3.40282898e+00   0.00000000e+00]
 [ -9.99998115e-01  -2.00000000e+00   0.00000000e+00 ...,  -1.00000000e+00
   -2.00000000e+00   0.00000000e+00]
 ..., 
 [ -1.83841425e+00  -2.00000000e+00   0.00000000e+00 ...,   1.95473886e-17
   -2.00000000e+00   0.00000000e+00]
 [  4.87379484e-17   1.08500221e-16   0.00000000e+00 ...,   4.60040150e-17
    1.08500221e-16   0.00000000e+00]
 [  1.14636876e+00   3.59717102e+00   0.00000000e+00 ...,   2.70730075e+00
    3.59717102e+00   0.00000000e+00]]

dloss_dy = [[-0.01270267  0.02861337  0.02740428 ...,  0.06979188  0.04067685
  -0.02397383]
 [-0.00084074  0.0004118   0.00043137 ...,  0.00206809  0.00090222
   0.00210238]
 [ 0.02092817  0.0230044   0.02390718 ...,  0.11445312  0.04392324
   0.02123648]
 ..., 
 [-0.05963605  0.0044775   0.00455903 ...,  0.01070025 -0.06381761
  -0.0850602 ]
 [ 0.03635998  0.10693771  0.10704078 ...,  0.05725673  0.03308118
   0.01832348]
 [-0.00039747  0.00060889  0.00058896 ..., -0.00113268  0.00123988
  -0.00071668]]
dy_da = [[ 0.25        0.21074405  0.19661193 ...,  0.25        0.1966121   0.25      ]
 [ 0.19661193  0.19661193  0.19661193 ...,  0.19661193  0.19661193
   0.19661193]
 [ 0.25        0.25        0.25       ...,  0.25        0.25        0.25      ]
 ..., 
 [ 0.19661193  0.25        0.25       ...,  0.19661193  0.25        0.19661193]
 [ 0.19661193  0.19661193  0.19661193 ...,  0.19661193  0.19661193
   0.19661193]
 [ 0.25        0.25        0.25       ...,  0.25        0.25        0.25      ]]
dloss_da = [[ -3.17566663e-03   6.03009755e-03   5.38800755e-03 ...,   1.74479698e-02
    7.99756126e-03  -5.99345733e-03]
 [ -1.65300387e-04   8.09649896e-05   8.48131146e-05 ...,   4.06610377e-04
    1.77388091e-04   4.13352283e-04]
 [  5.23204294e-03   5.75109934e-03   5.97679470e-03 ...,   2.86132798e-02
    1.09808109e-02   5.30912117e-03]
 ..., 
 [ -1.17251593e-02   1.11937625e-03   1.13975677e-03 ...,   2.10379739e-03
   -1.59544030e-02  -1.67238500e-02]
 [  7.14880692e-03   2.10252298e-02   2.10454944e-02 ...,   1.12573569e-02
    6.50415473e-03   3.60261440e-03]
 [ -9.93679532e-05   1.52222633e-04   1.47239714e-04 ...,  -2.83170093e-04
    3.09968822e-04  -1.79170668e-04]]
dloss_dw1 = [[  3.27214796   3.87223088   4.02403001 ...,   0.20574654   0.123875
    0.05744009]
 [  0.13663473   0.16170265   0.16821156 ...,   0.14812318   0.14751205
    0.14923264]
 [  9.32374977  10.5356399   10.90120271 ...,   6.33194118   6.41952128
    6.39190797]
 ..., 
 [ -3.6378193   -3.9689655   -4.09912425 ...,  -4.27469299  -4.3417895
   -4.20832201]
 [  9.67535459  10.72365817  10.96225305 ...,   6.7408365    6.79232741
    6.69804372]
 [  0.03556983   0.02686652   0.02442911 ...,  -0.02544041  -0.02719904
   -0.03113649]]
learning_rate = 0.1
self.b1 = [[-0.00323586]
 [ 0.00036964]
 [-0.0084777 ]
 ..., 
 [ 0.00537767]
 [-0.00850248]
 [ 0.00256443]]
self.b2 = [[-0.09674808]
 [-0.2440397 ]
 [ 0.20421019]
 [ 0.10193697]
 [ 0.0985992 ]
 [-0.10042706]
 [ 0.1006636 ]
 [ 0.19707758]
 [-0.00213367]
 [-0.26011009]]
0.2%
x = [[153 252  86 ...,  45 128 202]
 [174 249  96 ...,  42 121 202]
 [155 250 115 ...,  35 138 204]
 ..., 
 [217 113  30 ...,  53 145 243]
 [217 109  32 ...,  29 142 243]
 [219  88  32 ...,  31 146 243]]
len x = 3072
len x[i] = 10
y = [[ 0.  0.  0. ...,  0.  0.  0.]
 [ 0.  0.  0. ...,  0.  0.  0.]
 [ 0.  0.  0. ...,  0.  0.  0.]
 ..., 
 [ 1.  1.  1. ...,  1.  1.  1.]
 [ 0.  0.  0. ...,  0.  0.  0.]
 [ 0.  0.  0. ...,  0.  0.  0.]]
len y = 1541
len y[i] = 10
z = [[ -4.34707691e+00  -4.32913480e+00  -4.17369912e+00  -4.34621656e+00
   -4.34906614e+00  -4.31314050e+00  -4.23127961e+00  -4.28336534e+00
   -4.35925090e+00  -4.36079072e+00]
 [ -5.15606843e+01  -5.05030901e+01  -5.17119651e+01  -5.12209058e+01
   -5.19012424e+01  -5.18424816e+01  -5.23350920e+01  -5.19515765e+01
   -5.12036973e+01  -5.21785430e+01]
 [  3.15089553e+01   3.10271195e+01   3.13828870e+01   3.13099242e+01
    3.17095144e+01   3.15504552e+01   3.18216696e+01   3.16396945e+01
    3.12987752e+01   3.17954890e+01]
 [  1.72723647e+01   1.70245809e+01   1.74752561e+01   1.71711970e+01
    1.73735793e+01   1.73610510e+01   1.75818347e+01   1.74618210e+01
    1.71589703e+01   1.73401773e+01]
 [  1.72957534e+01   1.69844222e+01   1.71632596e+01   1.71917399e+01
    1.73946821e+01   1.73383553e+01   1.74030599e+01   1.73441430e+01
    1.72111897e+01   1.74086276e+01]
 [ -4.36913863e+00  -4.35198443e+00  -4.19309150e+00  -4.36852004e+00
   -4.36981048e+00  -4.33520302e+00  -4.26049432e+00  -4.30563977e+00
   -4.38339897e+00  -4.39259789e+00]
 [  1.71278232e+01   1.67486667e+01   1.70904530e+01   1.70283880e+01
    1.72282434e+01   1.71705601e+01   1.72542982e+01   1.72617982e+01
    1.70883441e+01   1.73188549e+01]
 [  3.21323297e+01   3.14362166e+01   3.19782992e+01   3.19328192e+01
    3.23319613e+01   3.24019568e+01   3.25204352e+01   3.21992973e+01
    3.19187216e+01   3.26461297e+01]
 [ -4.80375588e-02  -5.63368262e-02  -2.07012609e-02  -4.82220679e-02
   -4.73331903e-02  -1.09459711e-01  -6.11550573e-02   6.23906318e-02
   -6.12876819e-02  -6.53128621e-02]
 [ -5.49587609e+01  -5.39375360e+01  -5.49379639e+01  -5.45992324e+01
   -5.53173146e+01  -5.51628056e+01  -5.56477064e+01  -5.53796370e+01
   -5.46135970e+01  -5.54780461e+01]]
len z = 10
len z[i] = 10
p = [[  9.34902024e-17   1.76232646e-16   1.28434177e-16   1.14212429e-16
    7.63946062e-17   7.95207585e-17   7.30555782e-17   9.10927749e-17
    1.14216176e-16   5.93788152e-17]
 [  2.92520927e-37   1.55952514e-36   2.90451750e-37   5.01527211e-37
    1.70378563e-37   1.81447070e-37   9.38497423e-38   1.80901795e-37
    5.16943460e-37   1.01541967e-37]
 [  3.49014148e-01   3.99128291e-01   3.55393723e-01   3.49123071e-01
    3.49224938e-01   2.99117784e-01   3.32085787e-01   3.63639111e-01
    3.49793394e-01   2.99298324e-01]
 [  2.29071092e-07   3.31045161e-07   3.24117452e-07   2.52701211e-07
    2.07533271e-07   2.05808017e-07   2.17254398e-07   2.53103624e-07
    2.52913696e-07   1.57849134e-07]
 [  2.34491918e-07   3.18014221e-07   2.37248800e-07   2.57946113e-07
    2.11959343e-07   2.01189672e-07   1.81688583e-07   2.25004635e-07
    2.66471619e-07   1.69032335e-07]
 [  9.14502332e-17   1.72251454e-16   1.25967527e-16   1.11693292e-16
    7.48261748e-17   7.77855421e-17   7.09521558e-17   8.90861668e-17
    1.11491110e-16   5.75198637e-17]
 [  1.98242469e-07   2.51222904e-07   2.20589342e-07   2.19071662e-07
    1.79460629e-07   1.70111292e-07   1.56574578e-07   2.07218989e-07
    2.35667534e-07   1.54519039e-07]
 [  6.50985190e-01   6.00870808e-01   6.44605495e-01   6.50876200e-01
    6.50774463e-01   7.00881638e-01   6.67913657e-01   6.36360204e-01
    6.50205851e-01   7.00701195e-01]
 [  6.88359274e-15   1.26397634e-14   8.17155409e-15   8.40056815e-15
    5.64003215e-15   5.32250263e-15   4.72841369e-15   7.02783847e-15
    8.40058100e-15   4.35646128e-15]
 [  9.78117496e-39   5.02841928e-38   1.15356094e-38   1.71043230e-38
    5.59543245e-39   6.55770039e-39   3.41808560e-39   5.87022981e-39
    1.70821453e-38   3.74705085e-39]]
len p = 10
len p[i] = 10
initial loss = [ 0.  0.  0.  0.  0.  0.  0.  0.  0.  0.]
len loss = 10
(a,b) = (array([  9.34902024e-17,   2.92520927e-37,   3.49014148e-01,
         2.29071092e-07,   2.34491918e-07,   9.14502332e-17,
         1.98242469e-07,   6.50985190e-01,   6.88359274e-15,
         9.78117496e-39]), array([ 0.,  0.,  0.,  0.,  1.,  0.,  0.,  0.,  0.,  0.]))
loss[j] = 15.2658447144
(a,b) = (array([  1.76232646e-16,   1.55952514e-36,   3.99128291e-01,
         3.31045161e-07,   3.18014221e-07,   1.72251454e-16,
         2.51222904e-07,   6.00870808e-01,   1.26397634e-14,
         5.02841928e-38]), array([ 0.,  0.,  0.,  1.,  0.,  0.,  0.,  0.,  0.,  0.]))
loss[j] = 14.921011032
(a,b) = (array([  1.28434177e-16,   2.90451750e-37,   3.55393723e-01,
         3.24117452e-07,   2.37248800e-07,   1.25967527e-16,
         2.20589342e-07,   6.44605495e-01,   8.17155409e-15,
         1.15356094e-38]), array([ 0.,  0.,  0.,  0.,  0.,  0.,  1.,  0.,  0.,  0.]))
loss[j] = 15.3269630455
(a,b) = (array([  1.14212429e-16,   5.01527211e-37,   3.49123071e-01,
         2.52701211e-07,   2.57946113e-07,   1.11693292e-16,
         2.19071662e-07,   6.50876200e-01,   8.40056815e-15,
         1.71043230e-38]), array([ 0.,  0.,  0.,  0.,  0.,  0.,  1.,  0.,  0.,  0.]))
loss[j] = 15.3338669372
(a,b) = (array([  7.63946062e-17,   1.70378563e-37,   3.49224938e-01,
         2.07533271e-07,   2.11959343e-07,   7.48261748e-17,
         1.79460629e-07,   6.50774463e-01,   5.64003215e-15,
         5.59543245e-39]), array([ 0.,  0.,  1.,  0.,  0.,  0.,  0.,  0.,  0.,  0.]))
loss[j] = 1.05203904244
(a,b) = (array([  7.95207585e-17,   1.81447070e-37,   2.99117784e-01,
         2.05808017e-07,   2.01189672e-07,   7.77855421e-17,
         1.70111292e-07,   7.00881638e-01,   5.32250263e-15,
         6.55770039e-39]), array([ 0.,  0.,  0.,  0.,  0.,  0.,  1.,  0.,  0.,  0.]))
loss[j] = 15.5868129549
(a,b) = (array([  7.30555782e-17,   9.38497423e-38,   3.32085787e-01,
         2.17254398e-07,   1.81688583e-07,   7.09521558e-17,
         1.56574578e-07,   6.67913657e-01,   4.72841369e-15,
         3.41808560e-39]), array([ 0.,  0.,  0.,  1.,  0.,  0.,  0.,  0.,  0.,  0.]))
loss[j] = 15.3421968309
(a,b) = (array([  9.10927749e-17,   1.80901795e-37,   3.63639111e-01,
         2.53103624e-07,   2.25004635e-07,   8.90861668e-17,
         2.07218989e-07,   6.36360204e-01,   7.02783847e-15,
         5.87022981e-39]), array([ 0.,  0.,  0.,  0.,  0.,  1.,  0.,  0.,  0.,  0.]))
loss[j] = 36.9569276059
(a,b) = (array([  1.14216176e-16,   5.16943460e-37,   3.49793394e-01,
         2.52913696e-07,   2.66471619e-07,   1.11491110e-16,
         2.35667534e-07,   6.50205851e-01,   8.40058100e-15,
         1.70821453e-38]), array([ 0.,  0.,  0.,  0.,  1.,  0.,  0.,  0.,  0.,  0.]))
loss[j] = 15.1379980947
(a,b) = (array([  5.93788152e-17,   1.01541967e-37,   2.99298324e-01,
         1.57849134e-07,   1.69032335e-07,   5.75198637e-17,
         1.54519039e-07,   7.00701195e-01,   4.35646128e-15,
         3.74705085e-39]), array([ 1.,  0.,  0.,  0.,  0.,  0.,  0.,  0.,  0.,  0.]))
loss[j] = 37.3625941579
batch_loss = 18.2286254416
tenth_epoch_loss = 45.2393591142
dloss_dz = [[  9.34902024e-17   1.76232646e-16   1.28434177e-16   1.14212429e-16
    7.63946062e-17   7.95207585e-17   7.30555782e-17   9.10927749e-17
    1.14216176e-16  -1.00000000e+00]
 [  2.92520927e-37   1.55952514e-36   2.90451750e-37   5.01527211e-37
    1.70378563e-37   1.81447070e-37   9.38497423e-38   1.80901795e-37
    5.16943460e-37   1.01541967e-37]
 [  3.49014148e-01   3.99128291e-01   3.55393723e-01   3.49123071e-01
   -6.50775062e-01   2.99117784e-01   3.32085787e-01   3.63639111e-01
    3.49793394e-01   2.99298324e-01]
 [  2.29071092e-07  -9.99999669e-01   3.24117452e-07   2.52701211e-07
    2.07533271e-07   2.05808017e-07  -9.99999783e-01   2.53103624e-07
    2.52913696e-07   1.57849134e-07]
 [ -9.99999766e-01   3.18014221e-07   2.37248800e-07   2.57946113e-07
    2.11959343e-07   2.01189672e-07   1.81688583e-07   2.25004635e-07
   -9.99999734e-01   1.69032335e-07]
 [  9.14502332e-17   1.72251454e-16   1.25967527e-16   1.11693292e-16
    7.48261748e-17   7.77855421e-17   7.09521558e-17  -1.00000000e+00
    1.11491110e-16   5.75198637e-17]
 [  1.98242469e-07   2.51222904e-07  -9.99999779e-01  -9.99999781e-01
    1.79460629e-07  -9.99999830e-01   1.56574578e-07   2.07218989e-07
    2.35667534e-07   1.54519039e-07]
 [  6.50985190e-01   6.00870808e-01   6.44605495e-01   6.50876200e-01
    6.50774463e-01   7.00881638e-01   6.67913657e-01   6.36360204e-01
    6.50205851e-01   7.00701195e-01]
 [  6.88359274e-15   1.26397634e-14   8.17155409e-15   8.40056815e-15
    5.64003215e-15   5.32250263e-15   4.72841369e-15   7.02783847e-15
    8.40058100e-15   4.35646128e-15]
 [  9.78117496e-39   5.02841928e-38   1.15356094e-38   1.71043230e-38
    5.59543245e-39   6.55770039e-39   3.41808560e-39   5.87022981e-39
    1.70821453e-38   3.74705085e-39]]
dloss_dw2 = [[  0.00000000e+00   0.00000000e+00   0.00000000e+00 ...,  -1.00000000e+00
    0.00000000e+00   0.00000000e+00]
 [  0.00000000e+00   0.00000000e+00   0.00000000e+00 ...,   3.88908763e-36
    0.00000000e+00   0.00000000e+00]
 [  0.00000000e+00   0.00000000e+00   0.00000000e+00 ...,   2.44581857e+00
    0.00000000e+00   0.00000000e+00]
 ..., 
 [  0.00000000e+00   0.00000000e+00   0.00000000e+00 ...,   6.55417470e+00
    0.00000000e+00   0.00000000e+00]
 [  0.00000000e+00   0.00000000e+00   0.00000000e+00 ...,   7.15713076e-14
    0.00000000e+00   0.00000000e+00]
 [  0.00000000e+00   0.00000000e+00   0.00000000e+00 ...,   1.30975945e-37
    0.00000000e+00   0.00000000e+00]]
dloss_dy = [[ 0.10651774  0.18369904  0.09804207 ...,  0.18692058  0.10644232
   0.19200675]
 [ 0.09861726  0.1015097   0.10150209 ...,  0.20123238  0.09861688
   0.20249908]
 [-0.00748421  0.08537096 -0.00985349 ...,  0.08932441 -0.00750002
   0.088156  ]
 ..., 
 [-0.10520514 -0.02640065 -0.12978536 ...,  0.06877396 -0.10507394
   0.05717106]
 [ 0.05541535  0.08005657  0.03755955 ...,  0.23645428  0.05547296
   0.23303178]
 [-0.00126838 -0.00204357 -0.00153544 ..., -0.00105062 -0.00126888
  -0.00248318]]
dy_da = [[ 0.25        0.25        0.25       ...,  0.25        0.25        0.25      ]
 [ 0.25        0.25        0.25       ...,  0.25        0.25        0.25      ]
 [ 0.25        0.25        0.25       ...,  0.25        0.25        0.25      ]
 ..., 
 [ 0.19661193  0.19661193  0.19661193 ...,  0.19661193  0.19661193
   0.19661193]
 [ 0.25        0.25        0.25       ...,  0.25        0.25        0.25      ]
 [ 0.25        0.25        0.25       ...,  0.25        0.25        0.25      ]]
dloss_da = [[ 0.02662944  0.04592476  0.02451052 ...,  0.04673014  0.02661058
   0.04800169]
 [ 0.02465432  0.02537742  0.02537552 ...,  0.0503081   0.02465422
   0.05062477]
 [-0.00187105  0.02134274 -0.00246337 ...,  0.0223311  -0.001875    0.022039  ]
 ..., 
 [-0.02068459 -0.00519068 -0.02551735 ...,  0.01352178 -0.02065879
   0.01124051]
 [ 0.01385384  0.02001414  0.00938989 ...,  0.05911357  0.01386824
   0.05825794]
 [-0.00031709 -0.00051089 -0.00038386 ..., -0.00026266 -0.00031722
  -0.00062079]]
dloss_dw1 = [[ 47.63712073  47.07274396  47.51305873 ...,  41.51292912  41.41017978
   40.36235704]
 [ 38.63580434  38.2715451   38.78377698 ...,  36.94246326  37.05553184
   36.56745178]
 [ 12.51904652  12.23284972  11.8977927  ...,   9.18729001   8.46920453
    8.04469557]
 ..., 
 [-16.65262536 -16.56496901 -17.67809342 ..., -15.14761568 -16.47226595
  -16.06386646]
 [ 28.27675933  28.01388232  27.84605336 ...,  28.12034859  27.36706499
   27.18038665]
 [ -0.55489859  -0.54912556  -0.55868703 ...,  -0.49174437  -0.50726464
   -0.49683002]]
learning_rate = 0.1
self.b1 = [[-0.03645893]
 [-0.02735194]
 [-0.01646524]
 ..., 
 [ 0.01831214]
 [-0.02838933]
 [ 0.00292096]]
self.b2 = [[  3.25191627e-03]
 [ -2.44039698e-01]
 [ -4.03716650e-02]
 [  3.01936728e-01]
 [  2.98598974e-01]
 [ -4.27062682e-04]
 [  4.00663401e-01]
 [ -4.58339894e-01]
 [ -2.13366990e-03]
 [ -2.60110092e-01]]
0.3%
x = [[126 236  50 ...,  95 110  98]
 [122 233  51 ...,  88 223 119]
 [126 234  42 ...,  86 243 109]
 ..., 
 [109  20 166 ...,  78   5  75]
 [107  12 166 ...,  80   5  58]
 [102   8 162 ...,  83   4  72]]
len x = 3072
len x[i] = 10
y = [[ 0.  0.  0. ...,  0.  0.  0.]
 [ 0.  0.  0. ...,  0.  0.  0.]
 [ 0.  0.  0. ...,  0.  0.  0.]
 ..., 
 [ 1.  1.  1. ...,  1.  1.  1.]
 [ 0.  0.  0. ...,  0.  0.  0.]
 [ 1.  1.  1. ...,  1.  1.  1.]]
len y = 1541
len y[i] = 10
z = [[  6.84511176   6.70499984   7.11877566   6.95589666   6.94461624
    6.83856298   6.94376325   6.96280523   6.93519441   7.04491745]
 [ -1.96093599  -2.07357594  -1.90743947  -2.01033857  -1.95649773
   -1.96832693  -1.95263422  -1.93541326  -2.03171197  -1.95399325]
 [-21.35197087 -20.92637097 -21.75839559 -21.63855532 -21.40484729
  -21.40965627 -21.40485038 -21.38594565 -21.57451173 -21.7312197 ]
 [ 21.12771936  20.6744106   21.4969049   21.68974691  21.01171153
   21.1510824   21.01372791  21.00326856  21.16994131  21.5213248 ]
 [ 21.74758895  21.324202    22.13110712  22.26343485  21.66964323
   21.66629578  21.66823033  21.68550761  21.95148437  22.15013919]
 [  7.20243618   7.06750971   7.48346613   7.31773452   7.30620128
    7.19680126   7.30447831   7.32518729   7.29782345   7.40687881]
 [ 31.26672037  30.6455551   31.7869236   31.86003784  31.26823044
   31.27298385  31.27124467  31.23442767  31.59713205  31.81316906]
 [-61.78688775 -60.43064257 -63.0613083  -63.14892913 -61.66941867
  -61.73671959 -61.66964551 -61.65071539 -62.30869086 -63.09365498]
 [ -0.11828325  -0.06483691  -0.14289906  -0.07625337  -0.11192151
   -0.08902247  -0.1121631   -0.11138077  -0.06948721  -0.11848283]
 [ -2.90416343  -2.85463682  -3.09117984  -3.15305945  -2.98691312
   -2.84540074  -2.98805713  -3.05360275  -2.90482474  -2.98541724]]
len z = 10
len z[i] = 10
p = [[  2.47617362e-11   4.00580496e-11   1.93516012e-11   1.52834981e-11
    2.73113938e-11   2.44466401e-11   2.72059876e-11   2.87687974e-11
    1.94722262e-11   1.75082468e-11]
 [  3.70990806e-15   6.16882966e-15   2.32638442e-15   1.95090573e-15
    3.72082447e-15   3.65961576e-15   3.72398707e-15   3.93074182e-15
    2.48392024e-15   2.16304423e-15]
 [  1.40586527e-23   4.00440443e-23   5.56571262e-24   5.83189992e-24
    1.33146049e-23   1.31878330e-23   1.32744956e-23   1.40351038e-23
    8.08737442e-24   5.57089645e-24]
 [  3.95037898e-05   4.67226867e-05   3.39671489e-05   3.82871140e-05
    3.51241419e-05   4.01853160e-05   3.50891227e-05   3.60261168e-05
    2.96133565e-05   3.39052140e-05]
 [  7.34251264e-05   8.94805471e-05   6.40456468e-05   6.79519831e-05
    6.78175082e-05   6.72700441e-05   6.75179581e-05   7.12705497e-05
    6.47004760e-05   6.35853565e-05]
 [  3.53968910e-11   5.75606698e-11   2.78676252e-11   2.19465851e-11
    3.92083213e-11   3.49784121e-11   3.90230361e-11   4.13335052e-11
    2.79835880e-11   2.51443538e-11]
 [  9.99887071e-01   9.99863797e-01   9.99901987e-01   9.99893761e-01
    9.99897058e-01   9.99892545e-01   9.99897393e-01   9.99892703e-01
    9.99905686e-01   9.99902509e-01]
 [  3.86618316e-41   2.79287027e-40   6.42530430e-42   5.47121490e-42
    4.34157312e-41   4.03973023e-41   4.32752600e-41   4.57560279e-41
    1.64883930e-41   6.05965198e-42]
 [  2.34216272e-14   4.59819152e-14   1.35834986e-14   1.34958056e-14
    2.35357724e-14   2.39666342e-14   2.34592766e-14   2.43580077e-14
    1.76734377e-14   1.35586810e-14]
 [  1.44452371e-15   2.82483022e-15   7.12179663e-16   6.22241416e-16
    1.32780856e-15   1.52239439e-15   1.32229912e-15   1.28484575e-15
    1.03740798e-15   7.71122988e-16]]
len p = 10
len p[i] = 10
initial loss = [ 0.  0.  0.  0.  0.  0.  0.  0.  0.  0.]
len loss = 10
(a,b) = (array([  2.47617362e-11,   3.70990806e-15,   1.40586527e-23,
         3.95037898e-05,   7.34251264e-05,   3.53968910e-11,
         9.99887071e-01,   3.86618316e-41,   2.34216272e-14,
         1.44452371e-15]), array([ 1.,  0.,  0.,  0.,  0.,  0.,  0.,  0.,  0.,  0.]))
loss[j] = 24.4217215509
(a,b) = (array([  4.00580496e-11,   6.16882966e-15,   4.00440443e-23,
         4.67226867e-05,   8.94805471e-05,   5.75606698e-11,
         9.99863797e-01,   2.79287027e-40,   4.59819152e-14,
         2.82483022e-15]), array([ 0.,  0.,  0.,  0.,  0.,  0.,  0.,  0.,  0.,  1.]))
loss[j] = 33.5003281299
(a,b) = (array([  1.93516012e-11,   2.32638442e-15,   5.56571262e-24,
         3.39671489e-05,   6.40456468e-05,   2.78676252e-11,
         9.99901987e-01,   6.42530430e-42,   1.35834986e-14,
         7.12179663e-16]), array([ 0.,  1.,  0.,  0.,  0.,  0.,  0.,  0.,  0.,  0.]))
loss[j] = 33.6944610856
(a,b) = (array([  1.52834981e-11,   1.95090573e-15,   5.83189992e-24,
         3.82871140e-05,   6.79519831e-05,   2.19465851e-11,
         9.99893761e-01,   5.47121490e-42,   1.34958056e-14,
         6.22241416e-16]), array([ 0.,  0.,  0.,  1.,  0.,  0.,  0.,  0.,  0.,  0.]))
loss[j] = 10.1703971676
(a,b) = (array([  2.73113938e-11,   3.72082447e-15,   1.33146049e-23,
         3.51241419e-05,   6.78175082e-05,   3.92083213e-11,
         9.99897058e-01,   4.34157312e-41,   2.35357724e-14,
         1.32780856e-15]), array([ 0.,  0.,  0.,  0.,  1.,  0.,  0.,  0.,  0.,  0.]))
loss[j] = 9.59869016374
(a,b) = (array([  2.44466401e-11,   3.65961576e-15,   1.31878330e-23,
         4.01853160e-05,   6.72700441e-05,   3.49784121e-11,
         9.99892545e-01,   4.03973023e-41,   2.39666342e-14,
         1.52239439e-15]), array([ 1.,  0.,  0.,  0.,  0.,  0.,  0.,  0.,  0.,  0.]))
loss[j] = 24.4345283293
(a,b) = (array([  2.72059876e-11,   3.72398707e-15,   1.32744956e-23,
         3.50891227e-05,   6.75179581e-05,   3.90230361e-11,
         9.99897393e-01,   4.32752600e-41,   2.34592766e-14,
         1.32229912e-15]), array([ 0.,  0.,  0.,  1.,  0.,  0.,  0.,  0.,  0.,  0.]))
loss[j] = 10.2576193703
(a,b) = (array([  2.87687974e-11,   3.93074182e-15,   1.40351038e-23,
         3.60261168e-05,   7.12705497e-05,   4.13335052e-11,
         9.99892703e-01,   4.57560279e-41,   2.43580077e-14,
         1.28484575e-15]), array([ 0.,  0.,  0.,  0.,  0.,  0.,  0.,  1.,  0.,  0.]))
loss[j] = 92.8852503653
(a,b) = (array([  1.94722262e-11,   2.48392024e-15,   8.08737442e-24,
         2.96133565e-05,   6.47004760e-05,   2.79835880e-11,
         9.99905686e-01,   1.64883930e-41,   1.76734377e-14,
         1.03740798e-15]), array([ 0.,  0.,  0.,  1.,  0.,  0.,  0.,  0.,  0.,  0.]))
loss[j] = 10.4272850666
(a,b) = (array([  1.75082468e-11,   2.16304423e-15,   5.57089645e-24,
         3.39052140e-05,   6.35853565e-05,   2.51443538e-11,
         9.99902509e-01,   6.05965198e-42,   1.35586810e-14,
         7.71122988e-16]), array([ 0.,  0.,  0.,  1.,  0.,  0.,  0.,  0.,  0.,  0.]))
loss[j] = 10.2919417487
batch_loss = 25.9682222978
tenth_epoch_loss = 71.207581412
dloss_dz = [[ -1.00000000e+00   4.00580496e-11   1.93516012e-11   1.52834981e-11
    2.73113938e-11  -1.00000000e+00   2.72059876e-11   2.87687974e-11
    1.94722262e-11   1.75082468e-11]
 [  3.70990806e-15   6.16882966e-15  -1.00000000e+00   1.95090573e-15
    3.72082447e-15   3.65961576e-15   3.72398707e-15   3.93074182e-15
    2.48392024e-15   2.16304423e-15]
 [  1.40586527e-23   4.00440443e-23   5.56571262e-24   5.83189992e-24
    1.33146049e-23   1.31878330e-23   1.32744956e-23   1.40351038e-23
    8.08737442e-24   5.57089645e-24]
 [  3.95037898e-05   4.67226867e-05   3.39671489e-05  -9.99961713e-01
    3.51241419e-05   4.01853160e-05  -9.99964911e-01   3.60261168e-05
   -9.99970387e-01  -9.99966095e-01]
 [  7.34251264e-05   8.94805471e-05   6.40456468e-05   6.79519831e-05
   -9.99932182e-01   6.72700441e-05   6.75179581e-05   7.12705497e-05
    6.47004760e-05   6.35853565e-05]
 [  3.53968910e-11   5.75606698e-11   2.78676252e-11   2.19465851e-11
    3.92083213e-11   3.49784121e-11   3.90230361e-11   4.13335052e-11
    2.79835880e-11   2.51443538e-11]
 [  9.99887071e-01   9.99863797e-01   9.99901987e-01   9.99893761e-01
    9.99897058e-01   9.99892545e-01   9.99897393e-01   9.99892703e-01
    9.99905686e-01   9.99902509e-01]
 [  3.86618316e-41   2.79287027e-40   6.42530430e-42   5.47121490e-42
    4.34157312e-41   4.03973023e-41   4.32752600e-41  -1.00000000e+00
    1.64883930e-41   6.05965198e-42]
 [  2.34216272e-14   4.59819152e-14   1.35834986e-14   1.34958056e-14
    2.35357724e-14   2.39666342e-14   2.34592766e-14   2.43580077e-14
    1.76734377e-14   1.35586810e-14]
 [  1.44452371e-15  -1.00000000e+00   7.12179663e-16   6.22241416e-16
    1.32780856e-15   1.52239439e-15   1.32229912e-15   1.28484575e-15
    1.03740798e-15   7.71122988e-16]]
dloss_dw2 = [[  0.00000000e+00   0.00000000e+00   0.00000000e+00 ...,  -2.00000000e+00
    0.00000000e+00  -2.00000000e+00]
 [  0.00000000e+00   0.00000000e+00   0.00000000e+00 ...,  -1.00000000e+00
    0.00000000e+00  -1.00000000e+00]
 [  0.00000000e+00   0.00000000e+00   0.00000000e+00 ...,   1.32970618e-22
    0.00000000e+00   1.32970618e-22]
 ..., 
 [  0.00000000e+00   0.00000000e+00   0.00000000e+00 ...,  -1.00000000e+00
    0.00000000e+00  -1.00000000e+00]
 [  0.00000000e+00   0.00000000e+00   0.00000000e+00 ...,   2.23034656e-13
    0.00000000e+00   2.23034656e-13]
 [  0.00000000e+00   0.00000000e+00   0.00000000e+00 ...,  -1.00000000e+00
    0.00000000e+00  -1.00000000e+00]]
dloss_dy = [[  8.85324759e-02   1.17380826e-01   2.30577639e-01 ...,  -1.32435335e-01
    8.98857466e-02   8.98853696e-02]
 [  1.00970446e-01   4.57958562e-01   4.37575245e-01 ...,  -1.01671313e-01
    2.86510367e-05   2.86476946e-05]
 [  9.68680451e-02  -5.39335376e-03  -4.91671881e-02 ...,   2.64334012e-03
    9.61082853e-02   9.61078753e-02]
 ..., 
 [  3.96383120e-01   7.57200745e-01   6.11793355e-01 ...,   1.14501834e+00
    1.96007949e-01   1.96007248e-01]
 [  1.99616438e-01   4.43199467e-01   4.18768504e-01 ...,  -1.12881296e-02
    3.92613822e-02   3.92612341e-02]
 [ -9.83922926e-04   3.66792163e-04   1.33326306e-03 ...,   1.30616403e-03
   -4.79908621e-04  -4.79906268e-04]]
dy_da = [[ 0.25        0.25        0.25       ...,  0.25        0.25        0.25      ]
 [ 0.25        0.25        0.25       ...,  0.25        0.25        0.25      ]
 [ 0.25        0.25        0.25       ...,  0.25        0.25        0.25      ]
 ..., 
 [ 0.19661193  0.19661193  0.19661193 ...,  0.19661193  0.19661193
   0.19661193]
 [ 0.25        0.25        0.25       ...,  0.25        0.25        0.25      ]
 [ 0.19661193  0.19661193  0.19661193 ...,  0.19661193  0.19661193
   0.19661193]]
dloss_da = [[  2.21331190e-02   2.93452065e-02   5.76444098e-02 ...,  -3.31088337e-02
    2.24714367e-02   2.24713424e-02]
 [  2.52426114e-02   1.14489640e-01   1.09393811e-01 ...,  -2.54178282e-02
    7.16275917e-06   7.16192366e-06]
 [  2.42170113e-02  -1.34833844e-03  -1.22917970e-02 ...,   6.60835029e-04
    2.40270713e-02   2.40269688e-02]
 ..., 
 [  7.79336515e-02   1.48874702e-01   1.20285874e-01 ...,   2.25124269e-01
    3.85375018e-02   3.85373639e-02]
 [  4.99041096e-02   1.10799867e-01   1.04692126e-01 ...,  -2.82203239e-03
    9.81534554e-03   9.81530852e-03]
 [ -1.93450989e-04   7.21157163e-05   2.62135427e-04 ...,   2.56807435e-04
   -9.43557617e-05  -9.43552991e-05]]
dloss_dw1 = [[  2.39732839e+01   2.61528868e+01   2.73852854e+01 ...,   1.94460544e+01
    1.87301614e+01   1.91447693e+01]
 [  3.94695959e+01   3.92129142e+01   3.84973329e+01 ...,   2.20421409e+01
    2.09786489e+01   1.97028647e+01]
 [  1.75823174e+01   1.96817514e+01   2.15667865e+01 ...,   1.06256781e+01
    1.02011858e+01   1.11695873e+01]
 ..., 
 [  1.10963646e+02   1.12112874e+02   1.13664165e+02 ...,   6.84570819e+01
    6.67168612e+01   6.73566489e+01]
 [  5.44861805e+01   5.48166880e+01   5.48638462e+01 ...,   3.06749384e+01
    2.94183771e+01   2.84490190e+01]
 [ -4.57483916e-02  -5.50625057e-02  -6.53970112e-02 ...,   5.81630346e-03
    7.53757639e-03   4.67804428e-03]]
learning_rate = 0.1
self.b1 = [[-0.05545853]
 [-0.0521777 ]
 [-0.0296774 ]
 ..., 
 [-0.06458821]
 [-0.06402139]
 [ 0.00293311]]
self.b2 = [[  2.03251916e-01]
 [ -1.44039698e-01]
 [ -4.03716650e-02]
 [  7.01899885e-01]
 [  3.98529268e-01]
 [ -4.27062717e-04]
 [ -5.99230050e-01]
 [ -3.58339894e-01]
 [ -2.13366990e-03]
 [ -1.60110092e-01]]
0.4%
x = [[101 145 127 ...,  77 191 255]
 [ 94 145 148 ...,  76 190 255]
 [ 98 148 192 ...,  78 190 255]
 ..., 
 [ 98 160 103 ..., 127 197 255]
 [ 79 150 107 ..., 134 196 255]
 [ 91 167 117 ..., 135 195 255]]
len x = 3072
len x[i] = 10
y = [[ 0.  0.  0. ...,  0.  0.  0.]
 [ 0.  0.  0. ...,  0.  0.  0.]
 [ 0.  0.  0. ...,  0.  0.  0.]
 ..., 
 [ 0.  0.  0. ...,  0.  0.  0.]
 [ 0.  0.  0. ...,  0.  0.  0.]
 [ 1.  1.  1. ...,  1.  1.  1.]]
len y = 1541
len y[i] = 10
z = [[  6.48780024   6.56512043   6.56846563   6.64289349   6.12239895
    6.77893567   5.94739311   6.30683292   6.56512043   6.41687958]
 [  4.82947284   4.61682891   4.58731839   4.41627235   4.62319276
    4.59537098   4.88852479   4.48226763   4.61682891   4.35958039]
 [ -0.43067703  -0.40698568  -0.40363917  -0.41149335  -0.3966996
   -0.39472849  -0.38357692  -0.36620893  -0.40698568  -0.35740454]
 [ 18.73423255  18.23321462  18.22549421  18.20030817  17.95695471
   18.56158447  18.1104027   17.86628488  18.23321462  17.77658621]
 [  4.16872169   4.06896801   4.07248779   4.06994562   3.90764326
    4.26967767   3.84334669   3.94104362   4.06896801   4.01211901]
 [ -1.72708361  -1.44881122  -1.44407701  -1.37067049  -1.6914628
   -1.43687023  -1.86613508  -1.5067392   -1.44881122  -1.39651521]
 [-40.24767057 -39.03519358 -39.0320509  -38.96397093 -38.248645
  -39.99183791 -38.35010152 -38.08888021 -39.03519358 -37.98966965]
 [  2.26787873   2.20620394   2.21150401   2.29124348   2.07894703
    2.3473919    1.99711547   2.14797847   2.20620394   2.16376027]
 [  0.52116563   0.35134808   0.35678987   0.33308649   0.46522687
    0.36555232   0.39421252   0.39328159   0.35134808   0.31505535]
 [  5.36422811   4.82105338   4.82724227   4.76340617   5.15090911
    4.8758273    5.37937497   4.79853743   4.82105338   4.66869718]]
len z = 10
len z[i] = 10
p = [[  4.80218201e-06   8.56260308e-06   8.65787885e-06   9.56473537e-06
    7.24957049e-06   7.63582810e-06   5.21996243e-06   9.54525630e-06
    8.56260308e-06   1.16556086e-05]
 [  9.14610489e-07   1.22031952e-06   1.19401612e-06   1.03196195e-06
    1.61888241e-06   8.60094251e-07   1.81053411e-06   1.53953284e-06
    1.22031952e-06   1.48957120e-06]
 [  4.75096812e-09   8.02894720e-09   8.11829570e-09   8.26022127e-09
    1.06931030e-08   5.85293071e-09   9.29313041e-09   1.20704189e-08
    8.02894720e-09   1.33198932e-08]
 [  9.99992161e-01   9.99987877e-01   9.99987777e-01   9.99987061e-01
    9.99987430e-01   9.99989633e-01   9.99989243e-01   9.99985716e-01
    9.99987877e-01   9.99983563e-01]
 [  4.72362705e-07   7.05570790e-07   7.13546205e-07   7.29887451e-07
    7.91509444e-07   6.21010923e-07   6.36636642e-07   8.96062615e-07
    7.05570790e-07   1.05235122e-06]
 [  1.29945096e-09   2.83269307e-09   2.86819352e-09   3.16538356e-09
    2.92951172e-09   2.06431978e-09   2.11006193e-09   3.85830307e-09
    2.83269307e-09   4.71216741e-09]
 [  2.42371491e-26   1.34474849e-25   1.35943612e-25   1.49232497e-25
    3.89235763e-25   3.72020835e-26   3.01654563e-25   5.00005019e-25
    1.34474849e-25   6.03970411e-25]
 [  7.05911070e-08   1.09534880e-07   1.10970391e-07   1.23246721e-07
    1.27134500e-07   9.08366559e-08   1.00480919e-07   1.49148901e-07
    1.09534880e-07   1.65740524e-07]
 [  1.23072814e-08   1.71395246e-08   1.73666079e-08   1.73923633e-08
    2.53182488e-08   1.25186974e-08   2.02279417e-08   2.57967434e-08
    1.71395246e-08   2.60943426e-08]
 [  1.56126795e-06   1.49681153e-06   1.51777645e-06   1.46023243e-06
    2.74409790e-06   1.13853576e-06   2.95787784e-06   2.11223963e-06
    1.49681153e-06   2.02912586e-06]]
len p = 10
len p[i] = 10
initial loss = [ 0.  0.  0.  0.  0.  0.  0.  0.  0.  0.]
len loss = 10
(a,b) = (array([  4.80218201e-06,   9.14610489e-07,   4.75096812e-09,
         9.99992161e-01,   4.72362705e-07,   1.29945096e-09,
         2.42371491e-26,   7.05911070e-08,   1.23072814e-08,
         1.56126795e-06]), array([ 0.,  0.,  0.,  0.,  0.,  1.,  0.,  0.,  0.,  0.]))
loss[j] = 20.4613240031
(a,b) = (array([  8.56260308e-06,   1.22031952e-06,   8.02894720e-09,
         9.99987877e-01,   7.05570790e-07,   2.83269307e-09,
         1.34474849e-25,   1.09534880e-07,   1.71395246e-08,
         1.49681153e-06]), array([ 0.,  0.,  1.,  0.,  0.,  0.,  0.,  0.,  0.,  0.]))
loss[j] = 18.6402124257
