0 0 0 1 2 0 0 0 1 1 3 1 0 0 1 1 1 2 2 0 2 1 0 1 0 1 0 0 1 1 2 1 0 0 0 0 0 0 1 2 1 1 1 1 0 0 0 0 0 0 0 2 2 1 1 1 1 1 1 1 1 0 0 1 1 0 0 0 0 0 0 0 1 2 3 1 0 0 1 1 
0 0 0 1 43 42 42 42 42 42 43 43 42 42 42 43 42 42 42 42 43 42 42 42 42 42 42 42 42 42 43 42 42 42 42 42 42 42 42 43 42 43 42 42 42 42 42 42 42 42 42 43 43 42 42 42 42 42 42 43 42 42 42 42 42 42 42 42 42 42 42 42 42 43 44 42 0 0 0 1 
0 0 0 1 42 127 215 250 243 196 70 42 42 42 42 159 231 253 225 130 42 42 42 42 72 226 255 210 42 42 42 42 112 212 251 246 201 81 42 42 42 42 237 255 70 42 42 107 255 200 42 42 255 255 255 255 255 255 255 42 42 255 255 51 42 42 126 255 181 42 42 42 149 245 255 88 0 0 8 168 
0 0 0 1 42 255 255 255 255 255 255 44 42 42 211 255 255 255 255 255 131 42 42 42 254 255 255 255 42 42 42 201 255 255 255 255 255 255 130 42 42 42 237 255 70 42 42 107 255 200 42 42 255 255 255 255 255 255 255 42 42 255 255 51 43 42 126 255 181 42 42 70 255 255 255 116 0 1 255 255 
0 0 0 1 42 156 102 51 57 193 255 183 42 61 255 255 106 44 86 132 42 42 42 42 255 255 56 60 42 42 132 255 251 121 51 62 161 255 255 89 42 42 237 255 70 42 42 107 255 200 42 42 255 255 42 42 42 42 42 42 42 255 255 51 43 42 126 255 181 42 42 179 255 194 43 59 0 147 255 223 
0 0 0 1 42 42 42 42 42 92 255 230 42 174 255 99 42 43 43 42 42 42 42 42 255 255 42 42 42 42 255 255 59 42 42 42 42 151 255 214 42 42 237 255 70 42 42 107 255 200 42 42 255 255 42 42 42 42 42 42 42 255 255 51 42 42 126 255 181 42 42 208 255 105 42 42 0 220 255 27 
0 0 0 0 42 42 42 46 141 255 255 109 42 237 255 255 255 255 255 255 255 69 42 42 255 255 43 42 42 96 255 227 42 42 42 42 42 44 255 255 45 42 237 255 70 42 42 107 255 200 43 42 255 255 42 42 42 42 42 42 42 255 255 51 42 42 126 255 181 43 42 208 255 98 42 42 0 247 255 255 
0 0 0 0 42 42 189 253 255 255 157 42 42 245 255 255 255 255 255 255 255 68 42 42 255 255 42 42 42 163 255 146 42 42 42 42 42 42 255 255 49 42 237 255 70 42 42 107 255 200 42 42 255 255 42 42 42 42 42 42 42 255 255 51 42 42 126 255 181 42 42 208 255 98 42 42 0 251 255 255 
0 0 0 0 42 236 255 249 166 53 42 42 42 201 255 68 42 44 45 240 255 217 217 217 217 217 217 217 217 217 217 217 217 217 217 217 217 217 217 217 217 217 217 217 217 217 217 217 217 217 217 217 217 217 217 217 217 217 217 217 217 217 217 217 217 217 217 217 217 217 217 217 217 217 217 217 217 217 217 217 
112 42 44 166 251 222 158 193 246 227 109 47 47 47 47 47 47 47 47 47 47 47 47 47 47 47 47 47 47 47 47 47 47 47 47 47 47 47 47 47 47 47 47 47 47 47 47 47 47 47 47 47 47 47 47 47 47 47 47 47 47 47 47 47 47 47 47 47 47 47 47 47 47 47 47 47 47 47 47 47 
50 98 196 255 240 173 122 42 81 238 243 168 45 43 44 86 235 234 129 42 68 172 156 67 113 166 118 43 42 42 85 255 212 42 42 42 42 42 42 70 181 154 59 117 166 115 43 42 64 168 242 244 197 158 21 1 1 9 18 0 0 0 42 42 42 42 42 42 42 42 42 42 42 42 42 42 42 42 42 43 
44 44 85 255 212 42 43 43 47 100 255 253 240 222 229 253 254 212 44 42 42 42 42 43 42 42 42 42 42 43 85 255 247 217 217 217 217 182 42 43 42 42 42 42 42 43 42 42 42 76 217 223 87 42 0 1 0 0 1 0 0 0 42 42 42 42 42 42 42 42 42 42 42 42 43 42 42 42 42 43 
44 44 77 219 212 42 42 43 42 49 107 238 255 255 255 245 172 42 42 42 42 42 42 43 42 42 42 42 43 43 85 255 255 255 255 255 255 212 42 43 42 42 42 42 42 43 43 42 42 58 141 211 87 42 0 1 1 1 2 1 1 1 43 42 42 42 42 42 42 42 42 42 42 43 43 43 42 42 42 43 
43 43 42 48 66 42 42 42 42 42 42 49 73 86 78 56 42 42 42 42 42 42 42 42 42 42 42 42 43 44 52 89 89 89 89 90 90 80 42 43 42 42 42 42 42 42 43 42 42 43 43 46 50 42 0 1 1 2 3 1 1 1 43 42 42 42 42 42 42 42 42 42 42 43 44 43 42 42 42 42 
43 43 42 42 42 42 42 42 42 42 42 42 42 42 42 42 42 42 42 42 42 42 42 42 42 42 42 42 43 44 43 42 42 43 43 44 43 42 42 43 42 42 42 42 42 42 43 43 42 43 42 42 42 42 0 1 1 3 3 1 1 1 43 42 42 42 42 42 42 42 42 42 42 43 44 43 42 42 42 42 
42 42 42 42 42 42 42 42 42 42 42 42 42 42 42 42 42 42 42 42 42 42 42 42 42 42 42 42 43 43 42 42 42 42 42 43 42 42 42 42 42 42 43 42 42 42 43 43 42 42 42 42 42 42 0 0 1 2 2 0 0 0 43 43 42 42 42 42 42 42 42 42 42 43 44 43 42 42 42 42 
42 42 42 43 43 42 42 42 42 42 42 42 42 42 42 42 42 42 42 42 43 43 43 43 42 42 42 42 42 42 42 42 42 42 42 42 42 42 42 42 42 43 44 42 42 43 43 42 42 42 42 42 42 42 0 0 1 1 0 0 0 0 43 43 42 42 42 42 42 42 42 42 42 43 43 42 42 42 42 42 
42 42 42 42 42 42 42 42 42 42 42 42 42 42 42 42 42 42 42 42 43 43 43 42 42 42 42 42 42 42 42 42 42 42 42 42 42 42 42 42 42 43 43 42 42 43 43 42 42 42 42 42 42 42 1 1 1 0 0 0 0 0 43 43 43 42 42 42 42 42 42 42 42 42 43 42 42 42 42 42 
42 42 42 42 42 42 42 42 42 42 42 42 42 42 42 42 42 42 42 42 42 43 43 42 42 42 42 42 42 42 42 42 42 42 42 42 42 43 43 42 42 42 43 43 42 43 42 42 42 42 42 42 42 43 1 1 1 1 0 0 0 0 43 43 43 42 42 42 42 42 42 42 42 42 42 42 42 42 42 42 
42 42 42 42 42 42 42 42 42 42 42 42 42 42 42 43 42 42 42 42 42 42 42 42 42 42 42 42 42 42 42 42 42 42 42 42 42 43 43 42 42 42 42 43 42 43 42 42 42 42 42 42 42 43 1 1 1 1 2 0 0 0 43 43 42 42 42 42 42 42 42 42 42 42 42 42 42 42 42 43 
43 43 42 42 42 42 42 42 42 42 42 42 42 42 42 42 42 42 42 42 42 42 42 42 42 42 42 42 42 42 42 42 42 43 44 42 42 43 43 42 42 42 42 42 42 43 43 42 42 42 42 42 43 43 1 0 0 12 24 0 0 0 43 42 42 42 42 42 42 42 42 42 43 43 42 43 42 42 42 43 
45 44 42 42 42 42 42 42 42 42 42 42 42 42 42 42 42 42 42 42 42 42 42 42 42 42 42 43 43 43 42 42 42 43 44 43 42 42 42 42 42 42 42 42 43 43 43 42 42 42 42 43 44 44 0 0 0 1 2 0 1 1 43 42 42 42 42 42 42 42 42 42 42 42 42 42 42 42 42 43 
44 44 42 42 42 43 43 42 42 42 42 42 42 42 42 42 42 42 42 42 42 42 42 42 42 42 42 42 43 42 42 42 42 44 44 43 42 42 42 42 42 42 42 43 42 43 43 42 42 42 42 43 43 44 0 0 0 1 1 0 2 1 43 42 44 79 198 243 233 163 49 44 93 255 212 42 42 43 42 51 
206 246 243 187 52 44 42 42 65 215 252 213 82 255 246 42 42 42 127 241 255 135 42 42 42 171 236 251 217 109 42 42 43 43 42 42 161 255 145 42 42 43 44 42 255 255 42 42 42 42 255 255 43 42 0 2 177 248 0 3 2 1 42 51 251 255 255 255 255 251 42 52 255 255 42 42 43 42 91 255 
255 255 255 255 236 44 42 43 255 255 255 255 255 255 246 42 42 59 255 255 255 177 42 43 238 255 255 255 255 255 87 42 43 42 42 42 161 255 145 42 43 44 45 43 255 255 42 42 42 43 255 255 43 42 0 213 255 255 0 4 4 2 42 188 255 215 62 57 165 48 42 52 255 255 42 42 42 42 235 255 
182 59 54 168 49 43 42 133 255 240 69 61 200 255 246 42 42 126 255 219 44 62 42 112 255 241 91 45 98 111 42 42 43 42 42 42 161 255 145 43 43 43 44 42 255 255 42 42 42 42 255 255 42 42 37 255 247 40 1 5 6 4 42 255 255 43 43 42 42 43 43 52 255 255 42 42 42 42 255 255 
42 42 42 42 42 42 42 186 255 121 42 43 61 255 246 42 42 144 255 166 42 42 42 199 255 82 42 42 42 43 42 42 43 42 42 42 161 255 146 43 43 43 42 42 255 255 42 42 43 42 255 255 42 43 154 255 133 1 1 4 5 4 42 255 255 43 42 42 42 45 44 52 255 255 42 42 42 42 255 255 
255 255 255 255 255 255 42 166 255 183 141 141 169 255 250 139 139 194 255 204 137 137 137 248 255 255 255 255 255 255 255 42 43 42 42 42 161 255 145 43 43 42 42 42 255 255 42 42 42 42 255 255 42 43 227 255 29 1 0 2 3 3 42 255 255 42 42 42 42 47 46 52 255 255 43 42 42 42 255 255 
255 255 255 255 255 251 42 67 255 255 251 250 255 255 250 139 139 194 255 204 137 137 136 251 255 255 255 255 255 255 255 42 42 42 42 42 161 255 145 43 43 42 42 42 255 255 42 42 42 43 255 255 42 42 252 255 3 1 0 0 1 2 42 255 255 42 42 42 42 48 46 52 255 255 43 43 42 42 255 255 
42 42 43 62 255 226 42 44 154 255 255 255 234 255 250 139 138 194 255 204 137 137 136 234 255 145 42 42 42 255 255 42 42 43 42 42 161 255 145 43 43 42 42 42 255 255 42 42 42 43 255 255 42 42 210 255 49 1 0 1 1 1 42 255 255 89 42 42 42 45 44 52 255 255 43 42 42 42 255 255 
52 42 42 189 255 158 42 43 43 50 150 148 180 255 235 139 138 193 255 204 137 136 136 192 255 212 42 42 50 255 255 42 42 43 42 42 161 255 145 43 43 42 42 42 255 255 42 42 42 42 255 255 42 42 95 255 204 0 0 2 1 0 42 112 255 253 156 141 231 54 42 52 255 255 179 151 42 42 150 255 
246 140 174 255 254 68 42 42 46 236 194 197 255 255 168 138 170 217 255 224 183 154 135 145 253 255 181 136 245 255 176 43 42 43 42 42 161 255 145 44 43 42 42 42 255 255 189 148 42 42 255 255 42 42 13 250 255 172 0 1 1 0 42 43 185 255 255 255 255 191 42 52 255 255 255 255 92 42 44 230 
255 255 255 255 145 43 42 42 81 255 255 255 255 232 139 138 218 255 255 255 255 182 135 135 168 255 255 255 255 237 46 43 42 43 42 42 161 255 145 43 43 42 43 42 255 255 255 255 104 42 255 255 42 42 2 77 255 255 0 1 1 0 42 42 42 71 161 165 79 42 42 49 181 181 82 176 89 42 42 42 
92 167 159 140 140 140 140 140 140 140 140 140 140 140 140 140 140 140 140 140 140 140 140 140 140 140 140 140 140 140 140 140 140 140 140 140 140 140 140 140 140 140 140 140 140 140 140 140 140 140 140 140 140 140 140 140 140 140 140 140 140 140 140 140 140 140 140 140 140 140 140 140 140 140 140 140 140 140 140 140 
140 139 139 139 138 137 151 206 221 167 136 135 135 135 135 73 42 42 42 42 42 42 170 255 255 255 255 255 255 255 255 128 43 42 42 42 42 42 42 157 246 127 43 1 1 0 0 0 0 0 0 43 43 42 42 42 43 43 42 42 43 43 43 44 44 43 43 42 42 42 42 42 43 43 43 42 43 43 42 107 
139 139 139 138 137 137 137 137 143 141 135 135 135 135 135 73 42 43 43 42 42 42 70 89 89 89 90 89 89 89 89 61 42 42 42 42 42 42 42 138 234 127 43 1 0 0 0 1 0 0 0 43 43 42 42 43 43 42 42 42 43 43 43 43 44 45 43 42 42 42 42 42 43 43 42 42 42 42 42 107 
139 139 139 138 137 137 137 137 136 136 135 135 135 135 135 73 42 43 43 42 42 42 42 42 42 42 43 43 42 42 42 42 42 42 42 42 42 42 42 43 43 43 43 1 0 2 5 3 0 0 0 1 0 0 1 2 1 0 0 0 1 0 0 1 6 9 4 1 1 1 1 0 1 1 0 0 0 0 0 129 
192 192 191 190 189 189 188 188 187 187 186 185 185 184 61 0 1 1 0 0 0 0 0 0 0 1 2 0 0 0 0 0 0 0 0 0 0 1 1 1 0 1 1 1 4 10 5 0 0 0 1 0 0 1 2 1 0 0 1 1 0 0 0 6 11 4 1 1 1 1 0 1 1 0 0 0 0 0 129 193 
192 191 191 190 189 188 188 187 187 186 186 185 185 184 61 0 1 1 0 0 0 0 0 0 0 1 2 1 1 1 0 0 0 0 0 0 0 0 0 0 0 0 0 0 5 12 7 2 0 0 0 1 0 0 1 0 0 0 0 0 0 0 0 4 6 3 1 0 0 1 0 0 1 0 0 0 0 0 128 192 
192 191 190 189 189 188 188 187 187 186 186 185 185 184 61 0 1 1 0 0 0 0 0 0 0 2 2 1 1 1 1 1 0 0 0 0 0 0 0 0 0 0 0 0 3 7 6 3 0 0 0 1 1 1 1 0 0 0 0 0 0 0 1 2 2 1 0 0 0 1 0 0 0 1 0 0 0 0 128 192 
191 191 190 189 189 188 188 187 186 186 185 185 184 184 61 0 2 1 0 0 0 0 0 1 1 3 2 1 1 2 2 0 0 0 0 0 0 0 0 0 0 0 0 0 0 1 3 2 0 0 0 1 1 1 1 0 0 0 0 0 0 0 0 1 1 1 0 0 0 0 0 0 1 1 0 0 0 0 128 192 
191 190 190 189 188 188 187 187 186 186 185 185 184 184 62 1 1 1 0 0 0 0 0 0 1 2 1 1 1 2 1 0 0 0 0 0 1 0 0 1 0 0 1 0 0 0 1 1 0 0 0 1 1 1 1 1 0 0 0 0 0 0 0 1 0 0 0 0 0 0 0 0 1 0 0 0 0 0 128 191 
191 190 189 189 188 188 187 187 186 186 185 184 184 183 61 1 1 0 0 0 0 0 0 0 1 1 0 0 1 2 1 0 0 0 0 0 0 0 0 1 1 2 1 1 0 0 0 0 0 0 0 1 1 1 1 1 0 0 0 0 0 0 0 0 0 0 0 0 0 0 0 1 1 0 0 0 0 0 128 191 
190 190 189 189 188 188 187 186 186 185 185 184 184 183 62 1 1 0 0 0 0 0 0 0 1 0 0 0 1 1 0 0 0 0 0 1 0 0 0 1 1 2 2 1 1 0 0 0 0 0 0 0 0 1 1 1 0 0 0 0 0 0 0 0 0 0 0 0 0 0 0 1 0 0 0 0 0 0 127 191 
190 189 189 188 188 187 187 186 186 185 185 184 184 183 61 0 0 0 1 0 0 0 0 0 1 1 1 1 1 1 0 0 0 0 0 1 1 0 0 0 1 1 1 0 0 0 1 1 0 0 0 0 0 1 1 1 0 0 0 0 0 0 0 0 0 0 0 0 0 0 0 0 0 0 1 0 0 0 127 190 
190 189 189 188 188 187 187 186 186 185 184 184 183 183 61 0 0 0 1 1 1 0 0 0 1 1 2 2 1 1 0 0 0 0 0 0 0 0 0 0 0 0 0 0 0 0 1 1 0 0 0 0 0 1 1 1 0 0 0 0 0 0 0 0 0 0 0 0 0 0 0 0 0 0 1 0 0 0 127 190 
190 189 189 188 187 187 186 186 185 185 184 184 183 183 61 0 0 0 1 1 1 1 1 1 1 1 1 1 1 1 0 0 1 1 1 0 0 0 0 0 0 0 0 0 0 0 0 0 0 0 1 1 1 1 0 0 1 0 0 0 0 0 0 0 0 0 0 0 1 0 0 0 0 0 0 0 0 0 127 190 
189 189 188 188 187 187 186 186 185 185 184 184 183 182 60 0 0 1 1 1 1 3 2 1 1 2 1 0 0 1 0 1 2 1 0 0 0 0 0 0 0 0 0 0 0 0 0 1 1 1 1 1 1 1 0 0 0 0 0 0 0 0 0 0 0 0 0 0 1 0 0 0 0 0 0 0 0 0 1 1 
1 0 1 1 1 2 1 0 0 0 0 0 0 0 0 0 0 1 0 0 1 4 4 1 1 1 0 0 0 0 0 1 2 1 0 0 0 0 0 0 0 0 0 0 0 0 2 2 1 1 43 42 42 42 42 42 42 42 42 42 42 42 42 42 42 42 42 42 42 42 42 42 42 42 42 42 42 42 42 42 
42 42 42 42 42 42 42 42 42 42 42 42 42 42 42 42 42 42 42 42 42 43 43 42 42 42 42 42 42 42 42 42 42 42 42 42 42 42 42 42 42 43 1 0 0 0 3 3 1 0 42 42 42 42 42 42 42 42 42 42 42 42 42 42 42 42 42 42 42 42 42 42 42 42 42 42 42 42 42 42 
42 43 43 42 42 42 43 43 42 42 42 42 42 42 42 43 43 42 42 42 42 42 42 42 42 42 43 43 42 42 42 42 42 42 42 42 42 42 42 42 42 43 1 0 0 1 3 3 1 0 42 42 42 42 42 42 42 42 42 42 42 42 42 42 42 42 42 42 42 42 42 42 42 42 42 42 42 42 42 42 
42 42 42 42 42 42 43 43 42 42 43 43 42 43 43 43 43 43 42 42 42 42 42 42 42 42 42 42 42 42 42 42 42 42 42 42 42 42 42 42 42 43 1 0 0 0 3 3 0 0 42 43 43 43 42 42 42 42 42 42 42 42 42 42 42 42 42 42 42 42 42 42 42 42 42 42 42 42 42 42 
42 42 42 42 42 43 43 43 42 43 44 43 43 43 44 44 43 43 42 42 42 42 42 42 42 42 42 42 42 42 42 43 43 42 42 42 42 42 42 42 43 43 0 0 0 0 3 2 0 0 42 43 43 42 42 42 42 42 42 42 42 42 42 42 42 42 42 42 42 42 42 42 42 42 42 42 42 42 42 42 
42 42 42 42 42 43 44 43 42 43 44 44 43 44 44 44 44 43 42 42 42 42 42 42 42 42 42 42 42 42 42 43 43 42 42 42 42 42 42 42 43 43 0 0 0 0 3 2 0 0 42 42 42 42 42 42 42 42 42 42 42 42 42 42 42 42 42 42 42 42 42 42 42 42 42 42 42 42 42 42 
42 42 42 42 42 43 43 43 42 42 43 43 43 43 43 43 43 43 43 43 42 42 42 42 42 42 42 42 42 42 42 43 43 42 42 42 42 42 42 42 42 42 0 0 0 0 2 1 0 0 42 42 42 42 42 42 43 43 42 42 42 42 42 42 42 42 42 42 42 42 42 42 42 42 42 43 43 42 42 42 
43 43 42 42 42 42 42 42 42 42 42 42 43 43 42 42 42 44 44 43 42 42 42 42 42 42 42 42 42 42 42 42 42 42 42 42 43 43 42 42 42 42 0 0 0 1 1 1 0 0 42 42 42 42 42 42 43 43 42 42 42 42 42 42 42 42 42 42 42 42 42 42 42 42 42 43 43 42 42 42 
43 43 42 42 42 42 42 42 42 42 42 42 42 42 42 42 42 43 44 43 42 42 42 42 42 42 42 42 42 42 42 42 42 42 42 42 42 42 42 42 42 42 0 0 1 1 1 0 0 0 43 42 42 42 42 42 43 43 42 42 42 42 42 42 42 42 42 42 42 42 42 43 43 42 42 42 42 42 42 42 
42 42 42 42 42 42 42 42 42 42 42 42 42 42 42 43 43 43 43 43 42 42 42 42 42 42 42 42 42 42 42 42 42 42 42 42 42 42 42 42 42 42 0 0 1 0 0 0 0 1 43 170 255 255 255 255 255 255 245 121 42 50 150 236 234 145 191 255 127 42 42 86 185 241 213 194 232 172 72 42 
42 43 43 42 42 42 42 42 42 42 42 42 42 42 42 43 43 42 42 42 42 42 42 43 112 205 244 226 136 60 42 170 255 127 42 42 42 42 50 134 220 246 213 94 15 0 0 0 1 1 43 170 255 255 255 255 255 255 245 121 43 170 255 255 255 255 255 255 127 42 66 186 255 255 255 255 255 172 72 42 
42 42 42 42 42 42 42 42 42 42 42 42 42 42 42 43 43 42 42 42 42 42 42 163 250 255 255 255 254 138 49 170 255 128 43 42 42 43 170 255 255 255 255 254 85 0 0 0 1 2 43 170 255 127 42 42 42 42 42 42 85 198 254 151 65 136 229 255 127 42 136 232 225 114 69 174 247 172 72 42 
42 42 42 42 42 42 42 42 42 42 42 42 42 42 48 82 66 42 42 42 42 42 89 201 247 144 61 106 104 57 43 170 255 130 44 42 42 128 227 235 134 58 66 61 14 0 0 1 1 2 43 170 255 127 42 42 42 42 43 44 107 212 209 97 42 42 170 255 127 42 167 253 131 45 42 131 229 172 72 42 
42 43 43 42 42 42 42 42 42 42 42 42 42 42 42 170 164 67 42 42 42 42 142 236 165 68 42 42 42 42 43 170 255 129 43 42 42 159 247 136 48 42 1 1 0 0 0 1 1 1 43 170 255 127 42 42 42 42 44 46 110 214 194 87 42 42 170 255 127 42 155 245 173 73 42 138 234 172 72 42 
43 43 43 43 43 43 42 42 42 42 42 42 42 42 42 170 255 187 82 42 42 42 163 250 137 48 42 42 42 42 42 170 255 128 43 42 43 168 253 255 255 255 255 255 255 85 1 1 1 1 43 170 255 127 42 43 43 42 45 47 111 214 194 87 42 42 170 255 127 43 96 205 254 250 248 252 255 172 72 42 
43 43 43 43 43 43 43 43 42 42 42 164 246 246 246 251 255 255 200 91 42 42 169 254 131 44 42 42 42 42 42 170 255 127 42 42 43 169 254 255 255 255 255 255 254 84 0 1 1 1 43 170 255 127 42 42 42 42 44 45 109 214 194 87 42 42 170 255 127 42 44 139 234 255 255 247 250 172 72 42 
43 43 43 43 43 43 44 44 43 42 42 170 255 255 255 255 255 255 255 215 102 43 158 247 146 56 43 42 42 42 42 170 255 128 43 43 44 163 250 131 45 42 4 172 251 83 0 0 1 2 43 170 255 127 42 42 42 42 42 42 108 214 194 87 42 42 170 255 127 42 42 42 49 58 56 147 236 166 68 42 
42 43 43 43 43 42 45 45 43 42 42 170 255 255 255 255 255 255 255 255 162 66 129 227 201 95 44 43 43 43 42 170 255 135 48 43 45 149 240 164 67 42 33 186 241 78 0 0 1 1 43 170 255 127 42 42 42 42 42 42 108 214 194 87 42 42 170 255 128 43 43 51 165 175 154 220 254 138 50 42 
42 42 43 43 43 42 45 45 43 42 42 170 255 255 255 255 255 255 255 162 66 43 56 179 255 211 152 198 152 62 42 170 255 233 168 90 51 68 186 255 198 152 212 255 155 35 0 0 0 1 43 170 255 127 42 42 42 43 43 42 108 214 194 87 42 42 170 255 128 44 43 125 225 255 255 255 197 89 42 42 
42 42 42 43 43 43 45 44 43 42 42 59 70 70 70 181 255 254 146 55 42 42 42 75 192 255 255 255 240 118 43 170 255 250 251 193 87 43 106 212 255 255 255 213 65 0 0 0 0 0 42 170 255 127 42 42 42 43 43 42 85 154 141 71 42 42 125 181 99 44 43 42 63 129 164 110 55 42 42 42 
42 42 42 43 43 43 44 44 43 42 42 42 43 43 42 170 250 137 51 42 42 42 42 42 49 112 164 134 69 42 42 125 181 103 120 145 78 42 42 57 122 164 91 20 0 0 1 1 0 0 0 255 255 85 127 42 42 42 42 42 42 42 42 43 43 43 42 43 43 43 43 42 42 42 43 43 43 43 42 42 
42 42 42 43 43 43 43 43 42 42 43 43 43 42 42 163 131 48 43 42 42 42 42 42 42 42 42 42 42 42 42 42 42 42 43 45 44 42 42 42 42 42 0 0 0 0 2 2 0 1 0 255 255 85 127 42 42 42 42 43 43 42 42 43 44 43 42 42 42 42 42 42 42 42 43 43 43 43 42 42 
42 42 42 43 43 43 42 42 42 43 43 43 43 42 50 50 44 43 43 43 42 42 42 42 42 42 42 42 42 42 42 42 42 42 44 47 45 43 42 42 42 42 0 0 0 0 2 1 0 1 0 122 122 85 127 42 42 42 42 43 43 42 42 43 44 43 42 42 42 42 42 42 42 42 43 43 43 43 42 42 
42 42 42 42 42 42 42 42 42 43 43 43 43 42 42 42 42 43 43 43 42 42 42 42 42 42 42 42 42 42 42 42 42 42 43 47 45 43 42 42 42 42 0 0 0 0 1 1 0 0 0 85 85 85 127 42 42 42 42 42 43 43 42 43 43 43 42 42 42 42 42 42 42 42 43 43 43 43 42 42 
43 43 43 43 42 42 42 42 42 42 43 43 42 42 42 42 42 42 42 42 42 43 43 42 42 42 42 43 43 43 43 42 42 42 43 45 43 42 42 42 42 43 1 0 0 0 0 0 0 0 2 1 0 0 0 0 0 1 1 1 1 0 0 0 1 0 0 0 1 1 0 0 0 0 1 1 1 1 0 0 
1 2 2 1 0 0 1 0 0 0 1 0 0 1 1 1 0 0 1 1 0 1 1 0 0 0 0 2 3 2 1 0 0 0 0 1 0 0 1 1 0 2 1 0 0 0 0 0 0 0 1 1 0 0 0 0 0 0 0 1 1 0 0 1 2 1 0 0 0 1 0 0 0 0 0 1 1 0 0 0 
1 1 1 0 0 0 1 0 0 1 1 1 0 0 1 0 0 0 1 0 0 1 0 0 0 0 2 2 2 2 1 1 0 0 0 0 0 0 1 1 0 1 1 0 0 1 0 0 0 0 1 1 0 0 0 0 0 0 0 1 0 0 0 2 4 1 0 0 0 0 0 0 0 0 0 0 1 0 0 0 
0 0 0 0 0 0 1 0 0 1 0 0 0 0 1 0 0 0 1 0 0 0 0 0 0 0 2 2 1 1 1 1 0 0 0 0 0 0 1 1 0 0 0 0 0 1 0 0 0 0 1 1 0 0 0 0 0 1 0 0 0 0 0 2 3 1 0 0 0 0 0 0 0 0 0 1 1 0 0 0 
0 0 0 0 0 1 1 1 1 1 0 0 0 0 1 0 0 0 1 1 1 0 0 0 1 1 1 2 0 0 1 1 0 0 0 0 0 0 0 1 1 1 0 0 0 1 2 2 2 2 2 2 2 2 2 2 2 2 2 2 2 2 2 2 2 2 2 2 2 2 2 2 2 2 2 2 2 2 2 2 
2 2 2 2 2 2 2 2 2 2 2 2 2 2 2 2 2 2 2 2 2 2 2 2 2 2 2 2 2 2 2 2 2 2 2 2 2 2 2 2 2 2 2 2 2 2 2 2 2 2 2 2 2 2 2 2 2 2 2 2 2 2 2 2 2 2 2 2 2 2 2 2 2 2 2 2 2 2 2 2 
2 2 2 2 2 2 2 2 2 2 2 2 2 2 2 2 2 2 2 2 2 2 2 2 2 2 2 2 2 2 2 2 2 2 2 2 2 2 2 2 2 2 2 2 2 2 2 2 2 2 2 2 2 2 2 2 2 2 2 2 2 2 2 2 2 2 2 2 2 2 2 2 2 2 2 2 2 2 2 2 
2 2 2 2 2 2 2 2 2 2 2 2 2 2 2 2 2 2 2 2 2 2 2 2 2 2 2 2 2 2 2 2 2 2 2 2 2 2 2 2 2 2 2 2 2 2 2 2 2 2 2 2 2 2 2 2 2 2 2 2 2 2 2 2 2 2 2 2 2 2 2 2 2 2 2 2 2 2 2 2 
