116 124 126 126 124 130 129 118 116 124 126 126 124 130 129 118 116 124 126 126 124 130 129 118 116 124 126 126 124 130 129 118 116 124 126 126 124 130 129 118 116 124 126 126 124 130 129 118 116 124 126 126 124 130 129 118 116 124 126 126 124 130 129 118 116 124 126 126 124 130 129 118 116 124 126 126 124 130 129 118 
131 105 110 128 131 142 142 120 131 105 110 128 131 142 142 120 131 105 110 128 131 142 142 120 131 105 110 128 131 142 142 120 131 105 110 128 131 142 142 120 131 105 110 128 131 142 142 120 131 105 110 128 131 142 142 120 131 105 110 128 131 142 142 120 131 105 110 128 131 142 142 120 131 105 110 128 131 142 142 120 
126 120 120 132 127 134 128 141 126 120 120 132 127 134 128 141 126 120 120 132 127 134 128 141 126 120 120 132 127 134 128 141 126 120 120 132 127 134 128 141 126 120 120 132 127 134 128 141 126 120 120 132 127 134 128 141 126 120 120 132 127 134 128 141 126 120 120 132 127 134 128 141 126 120 120 132 127 134 128 141 
109 109 102 121 114 114 124 117 109 109 102 121 114 114 124 117 109 109 102 121 114 114 124 117 109 109 102 121 114 114 124 117 109 109 102 121 114 114 124 117 109 109 102 121 114 114 124 117 109 109 102 121 114 114 124 117 109 109 102 121 114 114 124 117 109 109 102 121 114 114 124 117 109 109 102 121 114 114 124 117 
118 119 129 127 132 117 120 123 118 119 129 127 132 117 120 123 118 119 129 127 132 117 120 123 118 119 129 127 132 117 120 123 118 119 129 127 132 117 120 123 118 119 129 127 132 117 120 123 118 119 129 127 132 117 120 123 118 119 129 127 132 117 120 123 118 119 129 127 132 117 120 123 118 119 129 127 132 117 120 123 
133 141 141 145 133 112 133 115 133 141 141 145 133 112 133 115 133 141 141 145 133 112 133 115 133 141 141 145 133 112 133 115 133 141 141 145 133 112 133 115 133 141 141 145 133 112 133 115 133 141 141 145 133 112 133 115 133 141 141 145 133 112 133 115 133 141 141 145 133 112 133 115 133 141 141 145 133 112 133 115 
151 143 124 144 130 128 125 122 151 143 124 144 130 128 125 122 151 143 124 144 130 128 125 122 151 143 124 144 130 128 125 122 151 143 124 144 130 128 125 122 151 143 124 144 130 128 125 122 151 143 124 144 130 128 125 122 151 143 124 144 130 128 125 122 151 143 124 144 130 128 125 122 151 143 124 144 130 128 125 122 
142 121 157 172 141 140 145 147 142 121 157 172 141 140 145 147 142 121 157 172 141 140 145 147 142 121 157 172 141 140 145 147 142 121 157 172 141 140 145 147 142 121 157 172 141 140 145 147 142 121 157 172 141 140 145 147 142 121 157 172 141 140 145 147 142 121 157 172 141 140 145 147 142 121 157 172 141 140 145 147 
116 124 126 126 124 130 129 118 116 124 126 126 124 130 129 118 116 124 126 126 124 130 129 118 116 124 126 126 124 130 129 118 116 124 126 126 124 130 129 118 116 124 126 126 124 130 129 118 116 124 126 126 124 130 129 118 116 124 126 126 124 130 129 118 116 124 126 126 124 130 129 118 116 124 126 126 124 130 129 118 
131 105 110 128 131 142 142 120 131 105 110 128 131 142 142 120 131 105 110 128 131 142 142 120 131 105 110 128 131 142 142 120 131 105 110 128 131 142 142 120 131 105 110 128 131 142 142 120 131 105 110 128 131 142 142 120 131 105 110 128 131 142 142 120 131 105 110 128 131 142 142 120 131 105 110 128 131 142 142 120 
126 120 120 132 127 134 128 141 126 120 120 132 127 134 128 141 126 120 120 132 127 134 128 141 126 120 120 132 127 134 128 141 126 120 120 132 127 134 128 141 126 120 120 132 127 134 128 141 126 120 120 132 127 134 128 141 126 120 120 132 127 134 128 141 126 120 120 132 127 134 128 141 126 120 120 132 127 134 128 141 
109 109 102 121 114 114 124 117 109 109 102 121 114 114 124 117 109 109 102 121 114 114 124 117 109 109 102 121 114 114 124 117 109 109 102 121 114 114 124 117 109 109 102 121 114 114 124 117 109 109 102 121 114 114 124 117 109 109 102 121 114 114 124 117 109 109 102 121 114 114 124 117 109 109 102 121 114 114 124 117 
118 119 129 127 132 117 120 123 118 119 129 127 132 117 120 123 118 119 129 127 132 117 120 123 118 119 129 127 132 117 120 123 118 119 129 127 132 117 120 123 118 119 129 127 132 117 120 123 118 119 129 127 132 117 120 123 118 119 129 127 132 117 120 123 118 119 129 127 132 117 120 123 118 119 129 127 132 117 120 123 
133 141 141 145 133 112 133 115 133 141 141 145 133 112 133 115 133 141 141 145 133 112 133 115 133 141 141 145 133 112 133 115 133 141 141 145 133 112 133 115 133 141 141 145 133 112 133 115 133 141 141 145 133 112 133 115 133 141 141 145 133 112 133 115 133 141 141 145 133 112 133 115 133 141 141 145 133 112 133 115 
151 143 124 144 130 128 125 122 151 143 124 144 130 128 125 122 151 143 124 144 130 128 125 122 151 143 124 144 130 128 125 122 151 143 124 144 130 128 125 122 151 143 124 144 130 128 125 122 151 143 124 144 130 128 125 122 151 143 124 144 130 128 125 122 151 143 124 144 130 128 125 122 151 143 124 144 130 128 125 122 
142 121 157 172 141 140 145 147 142 121 157 172 141 140 145 147 142 121 157 172 141 140 145 147 142 121 157 172 141 140 145 147 142 121 157 172 141 140 145 147 142 121 157 172 141 140 145 147 142 121 157 172 141 140 145 147 142 121 157 172 141 140 145 147 142 121 157 172 141 140 145 147 142 121 157 172 141 140 145 147 
116 124 126 126 124 130 129 118 116 124 126 126 124 130 129 118 116 124 126 126 124 130 129 118 116 124 126 126 124 130 129 118 116 124 126 126 124 130 129 118 116 124 126 126 124 130 129 118 116 124 126 126 124 130 129 118 116 124 126 126 124 130 129 118 116 124 126 126 124 130 129 118 116 124 126 126 124 130 129 118 
131 105 110 128 131 142 142 120 131 105 110 128 131 142 142 120 131 105 110 128 131 142 142 120 131 105 110 128 131 142 142 120 131 105 110 128 131 142 142 120 131 105 110 128 131 142 142 120 131 105 110 128 131 142 142 120 131 105 110 128 131 142 142 120 131 105 110 128 131 142 142 120 131 105 110 128 131 142 142 120 
126 120 120 132 127 134 128 141 126 120 120 132 127 134 128 141 126 120 120 132 127 134 128 141 126 120 120 132 127 134 128 141 126 120 120 132 127 134 128 141 126 120 120 132 127 134 128 141 126 120 120 132 127 134 128 141 126 120 120 132 127 134 128 141 126 120 120 132 127 134 128 141 126 120 120 132 127 134 128 141 
109 109 102 121 114 114 124 117 109 109 102 121 114 114 124 117 109 109 102 121 114 114 124 117 109 109 102 121 114 114 124 117 109 109 102 121 114 114 124 117 109 109 102 121 114 114 124 117 109 109 102 121 114 114 124 117 109 109 102 121 114 114 124 117 109 109 102 121 114 114 124 117 109 109 102 121 114 114 124 117 
118 119 129 127 132 117 120 123 118 119 129 127 132 117 120 123 118 119 129 127 132 117 120 123 118 119 129 127 132 117 120 123 118 119 129 127 132 117 120 123 118 119 129 127 132 117 120 123 118 119 129 127 132 117 120 123 118 119 129 127 132 117 120 123 118 119 129 127 132 117 120 123 118 119 129 127 132 117 120 123 
133 141 141 145 133 112 133 115 133 141 141 145 133 112 133 115 133 141 141 145 133 112 133 115 133 141 141 145 133 112 133 115 133 141 141 145 133 112 133 115 133 141 141 145 133 112 133 115 133 141 141 145 133 112 133 115 133 141 141 145 133 112 133 115 133 141 141 145 133 112 133 115 133 141 141 145 133 112 133 115 
151 143 124 144 130 128 125 122 151 143 124 144 130 128 125 122 151 143 124 144 130 128 125 122 151 143 124 144 130 128 125 122 151 143 124 144 130 128 125 122 151 143 124 144 130 128 125 122 151 143 124 144 130 128 125 122 151 143 124 144 130 128 125 122 151 143 124 144 130 128 125 122 151 143 124 144 130 128 125 122 
142 121 157 172 141 140 145 147 142 121 157 172 141 140 145 147 142 121 157 172 141 140 145 147 142 121 157 172 141 140 145 147 142 121 157 172 141 140 145 147 142 121 157 172 141 140 145 147 142 121 157 172 141 140 145 147 142 121 157 172 141 140 145 147 142 121 157 172 141 140 145 147 142 121 157 172 141 140 145 147 
116 124 126 126 124 130 129 118 116 124 126 126 124 130 129 118 116 124 126 126 124 130 129 118 116 124 126 126 124 130 129 118 116 124 126 126 124 130 129 118 116 124 126 126 124 130 129 118 116 124 126 126 124 130 129 118 116 124 126 126 124 130 129 118 116 124 126 126 124 130 129 118 116 124 126 126 124 130 129 118 
131 105 110 128 131 142 142 120 131 105 110 128 131 142 142 120 131 105 110 128 131 142 142 120 131 105 110 128 131 142 142 120 131 105 110 128 131 142 142 120 131 105 110 128 131 142 142 120 131 105 110 128 131 142 142 120 131 105 110 128 131 142 142 120 131 105 110 128 131 142 142 120 131 105 110 128 131 142 142 120 
126 120 120 132 127 134 128 141 126 120 120 132 127 134 128 141 126 120 120 132 127 134 128 141 126 120 120 132 127 134 128 141 126 120 120 132 127 134 128 141 126 120 120 132 127 134 128 141 126 120 120 132 127 134 128 141 126 120 120 132 127 134 128 141 126 120 120 132 127 134 128 141 126 120 120 132 127 134 128 141 
109 109 102 121 114 114 124 117 109 109 102 121 114 114 124 117 109 109 102 121 114 114 124 117 109 109 102 121 114 114 124 117 109 109 102 121 114 114 124 117 109 109 102 121 114 114 124 117 109 109 102 121 114 114 124 117 109 109 102 121 114 114 124 117 109 109 102 121 114 114 124 117 109 109 102 121 114 114 124 117 
118 119 129 127 132 117 120 123 118 119 129 127 132 117 120 123 118 119 129 127 132 117 120 123 118 119 129 127 132 117 120 123 118 119 129 127 132 117 120 123 118 119 129 127 132 117 120 123 118 119 129 127 132 117 120 123 118 119 129 127 132 117 120 123 118 119 129 127 132 117 120 123 118 119 129 127 132 117 120 123 
133 141 141 145 133 112 133 115 133 141 141 145 133 112 133 115 133 141 141 145 133 112 133 115 133 141 141 145 133 112 133 115 133 141 141 145 133 112 133 115 133 141 141 145 133 112 133 115 133 141 141 145 133 112 133 115 133 141 141 145 133 112 133 115 133 141 141 145 133 112 133 115 133 141 141 145 133 112 133 115 
151 143 124 144 130 128 125 122 151 143 124 144 130 128 125 122 151 143 124 144 130 128 125 122 151 143 124 144 130 128 125 122 151 143 124 144 130 128 125 122 151 143 124 144 130 128 125 122 151 143 124 144 130 128 125 122 151 143 124 144 130 128 125 122 151 143 124 144 130 128 125 122 151 143 124 144 130 128 125 122 
142 121 157 172 141 140 145 147 142 121 157 172 141 140 145 147 142 121 157 172 141 140 145 147 142 121 157 172 141 140 145 147 142 121 157 172 141 140 145 147 142 121 157 172 141 140 145 147 142 121 157 172 141 140 145 147 142 121 157 172 141 140 145 147 142 121 157 172 141 140 145 147 142 121 157 172 141 140 145 147 
116 124 126 126 124 130 129 118 116 124 126 126 124 130 129 118 116 124 126 126 124 130 129 118 116 124 126 126 124 130 129 118 116 124 126 126 124 130 129 118 116 124 126 126 124 130 129 118 116 124 126 126 124 130 129 118 116 124 126 126 124 130 129 118 116 124 126 126 124 130 129 118 116 124 126 126 124 130 129 118 
131 105 110 128 131 142 142 120 131 105 110 128 131 142 142 120 131 105 110 128 131 142 142 120 131 105 110 128 131 142 142 120 131 105 110 128 131 142 142 120 131 105 110 128 131 142 142 120 131 105 110 128 131 142 142 120 131 105 110 128 131 142 142 120 131 105 110 128 131 142 142 120 131 105 110 128 131 142 142 120 
126 120 120 132 127 134 128 141 126 120 120 132 127 134 128 141 126 120 120 132 127 134 128 141 126 120 120 132 127 134 128 141 126 120 120 132 127 134 128 141 126 120 120 132 127 134 128 141 126 120 120 132 127 134 128 141 126 120 120 132 127 134 128 141 126 120 120 132 127 134 128 141 126 120 120 132 127 134 128 141 
109 109 102 121 114 114 124 117 109 109 102 121 114 114 124 117 109 109 102 121 114 114 124 117 109 109 102 121 114 114 124 117 109 109 102 121 114 114 124 117 109 109 102 121 114 114 124 117 109 109 102 121 114 114 124 117 109 109 102 121 114 114 124 117 109 109 102 121 114 114 124 117 109 109 102 121 114 114 124 117 
118 119 129 127 132 117 120 123 118 119 129 127 132 117 120 123 118 119 129 127 132 117 120 123 118 119 129 127 132 117 120 123 118 119 129 127 132 117 120 123 118 119 129 127 132 117 120 123 118 119 129 127 132 117 120 123 118 119 129 127 132 117 120 123 118 119 129 127 132 117 120 123 118 119 129 127 132 117 120 123 
133 141 141 145 133 112 133 115 133 141 141 145 133 112 133 115 133 141 141 145 133 112 133 115 133 141 141 145 133 112 133 115 133 141 141 145 133 112 133 115 133 141 141 145 133 112 133 115 133 141 141 145 133 112 133 115 133 141 141 145 133 112 133 115 133 141 141 145 133 112 133 115 133 141 141 145 133 112 133 115 
151 143 124 144 130 128 125 122 151 143 124 144 130 128 125 122 151 143 124 144 130 128 125 122 151 143 124 144 130 128 125 122 151 143 124 144 130 128 125 122 151 143 124 144 130 128 125 122 151 143 124 144 130 128 125 122 151 143 124 144 130 128 125 122 151 143 124 144 130 128 125 122 151 143 124 144 130 128 125 122 
142 121 157 172 141 140 145 147 142 121 157 172 141 140 145 147 142 121 157 172 141 140 145 147 142 121 157 172 141 140 145 147 142 121 157 172 141 140 145 147 142 121 157 172 141 140 145 147 142 121 157 172 141 140 145 147 142 121 157 172 141 140 145 147 142 121 157 172 141 140 145 147 142 121 157 172 141 140 145 147 
116 124 126 126 124 130 129 118 116 124 126 126 124 130 129 118 116 124 126 126 124 130 129 118 116 124 126 126 124 130 129 118 116 124 126 126 124 130 129 118 116 124 126 126 124 130 129 118 116 124 126 126 124 130 129 118 116 124 126 126 124 130 129 118 116 124 126 126 124 130 129 118 116 124 126 126 124 130 129 118 
131 105 110 128 131 142 142 120 131 105 110 128 131 142 142 120 131 105 110 128 131 142 142 120 131 105 110 128 131 142 142 120 131 105 110 128 131 142 142 120 131 105 110 128 131 142 142 120 131 105 110 128 131 142 142 120 131 105 110 128 131 142 142 120 131 105 110 128 131 142 142 120 131 105 110 128 131 142 142 120 
126 120 120 132 127 134 128 141 126 120 120 132 127 134 128 141 126 120 120 132 127 134 128 141 126 120 120 132 127 134 128 141 126 120 120 132 127 134 128 141 126 120 120 132 127 134 128 141 126 120 120 132 127 134 128 141 126 120 120 132 127 134 128 141 126 120 120 132 127 134 128 141 126 120 120 132 127 134 128 141 
109 109 102 121 114 114 124 117 109 109 102 121 114 114 124 117 109 109 102 121 114 114 124 117 109 109 102 121 114 114 124 117 109 109 102 121 114 114 124 117 109 109 102 121 114 114 124 117 109 109 102 121 114 114 124 117 109 109 102 121 114 114 124 117 109 109 102 121 114 114 124 117 109 109 102 121 114 114 124 117 
118 119 129 127 132 117 120 123 118 119 129 127 132 117 120 123 118 119 129 127 132 117 120 123 118 119 129 127 132 117 120 123 118 119 129 127 132 117 120 123 118 119 129 127 132 117 120 123 118 119 129 127 132 117 120 123 118 119 129 127 132 117 120 123 118 119 129 127 132 117 120 123 118 119 129 127 132 117 120 123 
133 141 141 145 133 112 133 115 133 141 141 145 133 112 133 115 133 141 141 145 133 112 133 115 133 141 141 145 133 112 133 115 133 141 141 145 133 112 133 115 133 141 141 145 133 112 133 115 133 141 141 145 133 112 133 115 133 141 141 145 133 112 133 115 133 141 141 145 133 112 133 115 133 141 141 145 133 112 133 115 
151 143 124 144 130 128 125 122 151 143 124 144 130 128 125 122 151 143 124 144 130 128 125 122 151 143 124 144 130 128 125 122 151 143 124 144 130 128 125 122 151 143 124 144 130 128 125 122 151 143 124 144 130 128 125 122 151 143 124 144 130 128 125 122 151 143 124 144 130 128 125 122 151 143 124 144 130 128 125 122 
142 121 157 172 141 140 145 147 142 121 157 172 141 140 145 147 142 121 157 172 141 140 145 147 142 121 157 172 141 140 145 147 142 121 157 172 141 140 145 147 142 121 157 172 141 140 145 147 142 121 157 172 141 140 145 147 142 121 157 172 141 140 145 147 142 121 157 172 141 140 145 147 142 121 157 172 141 140 145 147 
116 124 126 126 124 130 129 118 116 124 126 126 124 130 129 118 116 124 126 126 124 130 129 118 116 124 126 126 124 130 129 118 116 124 126 126 124 130 129 118 116 124 126 126 124 130 129 118 116 124 126 126 124 130 129 118 116 124 126 126 124 130 129 118 116 124 126 126 124 130 129 118 116 124 126 126 124 130 129 118 
131 105 110 128 131 142 142 120 131 105 110 128 131 142 142 120 131 105 110 128 131 142 142 120 131 105 110 128 131 142 142 120 131 105 110 128 131 142 142 120 131 105 110 128 131 142 142 120 131 105 110 128 131 142 142 120 131 105 110 128 131 142 142 120 131 105 110 128 131 142 142 120 131 105 110 128 131 142 142 120 
126 120 120 132 127 134 128 141 126 120 120 132 127 134 128 141 126 120 120 132 127 134 128 141 126 120 120 132 127 134 128 141 126 120 120 132 127 134 128 141 126 120 120 132 127 134 128 141 126 120 120 132 127 134 128 141 126 120 120 132 127 134 128 141 126 120 120 132 127 134 128 141 126 120 120 132 127 134 128 141 
109 109 102 121 114 114 124 117 109 109 102 121 114 114 124 117 109 109 102 121 114 114 124 117 109 109 102 121 114 114 124 117 109 109 102 121 114 114 124 117 109 109 102 121 114 114 124 117 109 109 102 121 114 114 124 117 109 109 102 121 114 114 124 117 109 109 102 121 114 114 124 117 109 109 102 121 114 114 124 117 
118 119 129 127 132 117 120 123 118 119 129 127 132 117 120 123 118 119 129 127 132 117 120 123 118 119 129 127 132 117 120 123 118 119 129 127 132 117 120 123 118 119 129 127 132 117 120 123 118 119 129 127 132 117 120 123 118 119 129 127 132 117 120 123 118 119 129 127 132 117 120 123 118 119 129 127 132 117 120 123 
133 141 141 145 133 112 133 115 133 141 141 145 133 112 133 115 133 141 141 145 133 112 133 115 133 141 141 145 133 112 133 115 133 141 141 145 133 112 133 115 133 141 141 145 133 112 133 115 133 141 141 145 133 112 133 115 133 141 141 145 133 112 133 115 133 141 141 145 133 112 133 115 133 141 141 145 133 112 133 115 
151 143 124 144 130 128 125 122 151 143 124 144 130 128 125 122 151 143 124 144 130 128 125 122 151 143 124 144 130 128 125 122 151 143 124 144 130 128 125 122 151 143 124 144 130 128 125 122 151 143 124 144 130 128 125 122 151 143 124 144 130 128 125 122 151 143 124 144 130 128 125 122 151 143 124 144 130 128 125 122 
142 121 157 172 141 140 145 147 142 121 157 172 141 140 145 147 142 121 157 172 141 140 145 147 142 121 157 172 141 140 145 147 142 121 157 172 141 140 145 147 142 121 157 172 141 140 145 147 142 121 157 172 141 140 145 147 142 121 157 172 141 140 145 147 142 121 157 172 141 140 145 147 142 121 157 172 141 140 145 147 
116 124 126 126 124 130 129 118 116 124 126 126 124 130 129 118 116 124 126 126 124 130 129 118 116 124 126 126 124 130 129 118 116 124 126 126 124 130 129 118 116 124 126 126 124 130 129 118 116 124 126 126 124 130 129 118 116 124 126 126 124 130 129 118 116 124 126 126 124 130 129 118 116 124 126 126 124 130 129 118 
131 105 110 128 131 142 142 120 131 105 110 128 131 142 142 120 131 105 110 128 131 142 142 120 131 105 110 128 131 142 142 120 131 105 110 128 131 142 142 120 131 105 110 128 131 142 142 120 131 105 110 128 131 142 142 120 131 105 110 128 131 142 142 120 131 105 110 128 131 142 142 120 131 105 110 128 131 142 142 120 
126 120 120 132 127 134 128 141 126 120 120 132 127 134 128 141 126 120 120 132 127 134 128 141 126 120 120 132 127 134 128 141 126 120 120 132 127 134 128 141 126 120 120 132 127 134 128 141 126 120 120 132 127 134 128 141 126 120 120 132 127 134 128 141 126 120 120 132 127 134 128 141 126 120 120 132 127 134 128 141 
109 109 102 121 114 114 124 117 109 109 102 121 114 114 124 117 109 109 102 121 114 114 124 117 109 109 102 121 114 114 124 117 109 109 102 121 114 114 124 117 109 109 102 121 114 114 124 117 109 109 102 121 114 114 124 117 109 109 102 121 114 114 124 117 109 109 102 121 114 114 124 117 109 109 102 121 114 114 124 117 
118 119 129 127 132 117 120 123 118 119 129 127 132 117 120 123 118 119 129 127 132 117 120 123 118 119 129 127 132 117 120 123 118 119 129 127 132 117 120 123 118 119 129 127 132 117 120 123 118 119 129 127 132 117 120 123 118 119 129 127 132 117 120 123 118 119 129 127 132 117 120 123 118 119 129 127 132 117 120 123 
133 141 141 145 133 112 133 115 133 141 141 145 133 112 133 115 133 141 141 145 133 112 133 115 133 141 141 145 133 112 133 115 133 141 141 145 133 112 133 115 133 141 141 145 133 112 133 115 133 141 141 145 133 112 133 115 133 141 141 145 133 112 133 115 133 141 141 145 133 112 133 115 133 141 141 145 133 112 133 115 
151 143 124 144 130 128 125 122 151 143 124 144 130 128 125 122 151 143 124 144 130 128 125 122 151 143 124 144 130 128 125 122 151 143 124 144 130 128 125 122 151 143 124 144 130 128 125 122 151 143 124 144 130 128 125 122 151 143 124 144 130 128 125 122 151 143 124 144 130 128 125 122 151 143 124 144 130 128 125 122 
142 121 157 172 141 140 145 147 142 121 157 172 141 140 145 147 142 121 157 172 141 140 145 147 142 121 157 172 141 140 145 147 142 121 157 172 141 140 145 147 142 121 157 172 141 140 145 147 142 121 157 172 141 140 145 147 142 121 157 172 141 140 145 147 142 121 157 172 141 140 145 147 142 121 157 172 141 140 145 147 
116 124 126 126 124 130 129 118 116 124 126 126 124 130 129 118 116 124 126 126 124 130 129 118 116 124 126 126 124 130 129 118 116 124 126 126 124 130 129 118 116 124 126 126 124 130 129 118 116 124 126 126 124 130 129 118 116 124 126 126 124 130 129 118 116 124 126 126 124 130 129 118 116 124 126 126 124 130 129 118 
131 105 110 128 131 142 142 120 131 105 110 128 131 142 142 120 131 105 110 128 131 142 142 120 131 105 110 128 131 142 142 120 131 105 110 128 131 142 142 120 131 105 110 128 131 142 142 120 131 105 110 128 131 142 142 120 131 105 110 128 131 142 142 120 131 105 110 128 131 142 142 120 129 97 110 128 131 142 142 120 
126 120 120 132 127 134 128 141 126 120 120 132 127 134 128 141 126 120 120 132 127 134 128 141 126 120 120 132 127 134 128 141 126 120 120 132 127 134 128 141 126 120 120 132 127 134 128 141 126 120 120 132 127 134 128 141 126 120 120 132 127 134 128 141 126 120 120 132 127 134 128 141 96 118 120 132 127 134 128 141 
109 109 102 121 114 114 124 117 109 109 102 121 114 114 124 117 109 109 102 121 114 114 124 117 109 109 102 121 114 114 124 117 109 109 102 121 114 114 124 117 109 109 102 121 114 114 124 117 109 109 102 121 114 114 124 117 109 109 102 121 114 114 124 117 109 109 102 121 114 114 124 117 59 53 102 121 114 114 124 117 
118 119 129 127 132 117 120 123 118 119 129 127 132 117 120 123 118 119 129 127 132 117 120 123 118 119 129 127 132 117 120 123 118 119 129 127 132 117 120 123 118 119 129 127 132 117 120 123 118 119 129 127 132 117 120 123 118 119 129 127 132 117 120 123 118 119 129 127 132 117 120 123 118 119 129 127 132 117 120 123 
133 141 141 145 133 112 133 115 133 141 141 145 133 112 133 115 133 141 141 145 133 112 133 115 133 141 141 145 133 112 133 115 133 141 141 145 133 112 133 115 133 141 141 145 133 112 133 115 133 141 141 145 133 112 133 115 133 141 141 145 133 112 133 115 133 141 141 145 133 112 133 115 56 141 53 145 125 104 99 115 
151 143 124 144 130 128 125 122 151 143 124 144 130 128 125 122 151 143 124 144 130 128 125 122 151 143 124 144 130 128 125 122 151 143 124 144 130 128 125 122 151 143 124 144 130 128 125 122 151 143 124 144 130 128 125 122 151 143 124 144 130 128 125 122 151 143 124 144 130 128 125 122 151 143 124 51 51 117 59 55 
142 121 157 172 141 140 145 147 142 121 157 172 141 140 145 147 142 121 157 172 141 140 145 147 142 121 157 172 141 140 145 147 142 121 157 172 141 140 145 147 142 121 157 172 141 140 145 147 142 121 157 172 141 140 145 147 142 121 157 172 141 140 145 147 142 121 157 172 141 140 145 147 51 98 157 172 141 140 145 147 
116 124 126 126 124 130 129 118 116 124 126 126 124 130 129 118 116 124 110 126 124 130 129 118 116 124 126 126 124 130 129 118 116 124 126 126 124 130 129 118 116 124 126 126 124 130 129 118 116 124 126 126 124 130 129 118 116 124 126 126 124 130 129 118 116 124 126 126 124 130 129 118 116 124 126 126 124 130 129 118 
131 105 110 128 246 142 139 86 130 95 84 91 91 92 142 120 85 85 84 92 91 92 87 102 86 87 107 128 131 135 142 88 131 105 87 128 89 142 90 119 87 102 85 103 87 142 142 120 131 105 110 128 131 142 142 120 131 105 110 128 131 142 142 120 131 105 110 128 131 142 142 120 238 104 55 128 55 51 189 52 
126 120 120 132 127 134 121 255 191 133 84 123 96 86 128 141 121 89 84 96 96 86 113 92 117 89 120 132 127 128 128 141 126 120 120 132 127 128 128 106 126 85 120 85 111 134 128 141 126 120 120 132 127 134 128 141 126 120 120 132 127 134 128 141 126 120 120 132 127 134 128 141 51 51 51 255 255 51 240 76 
109 109 102 121 255 162 97 91 109 109 84 121 114 114 124 117 86 86 102 121 114 114 124 117 109 88 102 121 114 97 124 95 109 109 91 121 94 114 96 115 89 103 85 99 86 114 124 117 109 109 102 121 114 114 124 117 109 109 102 121 114 114 124 117 109 109 102 121 114 114 124 117 51 51 102 121 114 114 51 117 
118 119 129 127 132 117 120 123 118 119 129 127 132 117 120 123 118 119 129 127 132 117 120 123 118 119 129 127 132 117 120 123 118 119 129 127 132 117 120 123 118 119 129 127 132 117 120 123 118 119 129 127 132 117 120 123 118 119 129 127 132 117 120 123 118 119 129 127 132 117 120 123 118 119 129 127 132 117 120 123 
133 141 141 145 116 87 133 87 123 99 84 84 91 85 84 86 131 85 85 107 114 88 133 115 133 141 88 120 86 111 133 115 102 107 102 145 133 103 133 115 133 141 141 145 133 102 133 115 133 141 141 145 133 112 133 115 133 141 141 145 133 112 133 115 133 141 141 145 133 112 133 115 51 51 57 87 133 112 133 84 
150 136 130 112 127 127 126 111 137 93 85 127 116 86 120 106 139 134 100 113 127 127 126 130 150 98 119 135 93 125 126 81 150 136 130 97 143 127 126 130 150 136 130 97 143 127 126 130 150 136 130 139 129 127 126 130 150 136 130 139 129 127 126 130 150 136 130 139 129 127 126 98 51 54 69 100 129 127 103 82 
135 133 161 144 102 134 149 144 135 133 161 164 138 95 134 144 135 133 161 164 138 142 149 142 135 88 111 104 126 140 149 97 142 133 161 164 138 142 149 144 135 133 161 164 93 148 149 144 135 133 161 164 138 142 149 144 135 133 161 164 138 142 149 144 135 133 161 164 138 142 149 114 51 86 161 164 138 142 149 147 
