0 0 0 1 2 0 0 0 1 1 3 1 0 0 1 1 1 2 2 0 2 1 0 1 0 1 0 0 1 1 2 1 0 0 0 0 0 0 1 2 1 1 1 1 0 0 0 0 0 0 0 2 2 1 1 1 1 1 1 1 1 0 0 1 1 0 0 0 0 0 0 0 1 2 3 1 0 0 1 1 
0 0 0 1 43 42 42 42 42 42 43 43 42 42 42 43 42 42 42 42 43 42 42 42 42 42 42 42 42 42 43 42 42 42 42 42 42 42 42 43 42 43 42 42 42 42 42 42 42 42 42 43 43 42 42 42 42 42 42 43 42 42 42 42 42 42 42 42 42 42 42 42 42 43 44 42 0 0 0 1 
0 0 0 1 42 42 42 42 42 42 43 42 42 42 42 42 42 42 42 42 42 42 42 42 42 42 42 42 42 42 42 42 42 42 42 42 42 42 42 42 42 42 42 42 42 42 42 42 42 42 42 42 42 42 42 42 42 42 42 42 42 42 42 42 42 42 42 42 42 42 42 42 42 43 43 42 0 0 0 0 
0 0 0 1 42 42 42 42 42 42 42 42 42 42 42 42 42 42 42 42 42 42 42 42 42 42 42 42 42 42 42 42 42 42 42 42 42 42 42 42 42 42 42 42 42 42 42 42 42 42 42 42 42 42 42 42 42 42 42 42 42 42 42 42 43 42 42 42 42 42 42 42 42 42 43 42 0 0 0 0 
0 0 0 1 42 42 42 42 42 42 42 42 42 42 42 42 42 42 42 42 42 42 42 42 42 42 42 42 42 42 42 42 42 42 42 42 42 42 42 42 42 42 42 42 42 42 42 42 42 42 42 42 42 42 42 42 42 42 42 42 42 42 42 42 43 42 42 42 42 42 42 42 42 42 42 42 0 0 0 0 
0 0 0 1 42 42 42 42 42 42 42 42 42 42 42 42 42 43 43 42 42 42 42 42 42 42 42 42 42 42 42 42 42 42 42 42 42 42 42 42 42 42 42 42 42 42 42 42 42 42 42 42 42 42 42 42 42 42 42 42 42 42 42 42 42 42 42 42 42 42 42 42 42 42 42 42 0 0 0 1 
0 0 0 0 42 42 42 42 42 42 42 42 42 42 42 42 42 43 44 42 42 42 42 42 42 42 43 42 42 42 42 42 42 42 42 42 42 42 43 42 42 42 42 42 42 42 42 42 42 42 43 42 42 42 42 42 42 42 42 42 42 42 42 42 42 42 42 42 42 43 42 42 42 42 42 42 0 0 0 1 
0 0 0 0 42 42 42 42 42 42 42 42 42 42 42 42 42 44 44 42 42 42 42 42 42 42 42 42 42 42 42 42 42 42 42 42 42 42 42 42 42 42 42 42 42 42 42 42 42 42 42 42 42 42 42 42 42 42 42 42 42 42 42 42 42 42 42 42 42 42 42 42 42 42 42 42 0 0 0 0 
0 0 0 0 42 42 42 42 42 42 42 42 42 42 42 42 42 44 45 42 42 42 43 43 43 42 42 42 42 42 42 43 42 42 42 42 42 42 42 42 42 42 42 42 42 42 42 42 42 42 42 42 42 42 42 42 42 42 42 42 42 42 42 42 43 42 43 42 42 42 42 42 42 42 42 42 0 0 0 0 
0 0 0 0 42 42 42 42 42 42 42 42 42 42 42 42 42 44 45 42 42 43 43 43 43 42 42 42 42 42 42 43 42 42 42 42 42 42 42 42 42 42 42 42 42 42 42 42 42 42 42 42 42 42 42 42 42 42 42 42 42 42 42 42 42 42 42 42 42 42 42 42 42 42 42 42 0 0 1 2 
0 0 0 1 42 42 42 42 42 42 42 42 42 42 42 42 42 43 43 42 42 43 44 44 42 42 42 42 42 42 43 43 42 42 42 42 42 42 42 42 42 42 42 42 42 42 42 42 42 42 42 42 42 43 42 42 42 42 42 42 42 42 42 42 42 42 42 42 42 42 42 42 42 42 42 42 0 0 1 4 
1 0 0 1 42 42 42 42 42 42 42 42 42 42 42 42 42 42 42 42 42 43 44 44 42 42 42 42 42 42 44 43 42 42 42 42 42 42 42 42 42 42 42 42 42 42 42 42 42 42 42 42 42 43 42 42 42 42 42 42 42 42 42 42 42 42 42 42 42 42 42 42 42 42 42 42 1 1 2 6 
0 0 0 0 42 42 42 42 42 42 42 42 42 42 42 42 42 42 42 42 42 43 44 44 42 42 42 42 42 42 43 42 42 42 43 42 42 42 42 42 42 42 42 42 42 42 42 42 42 42 42 42 42 42 42 42 42 42 42 42 42 42 42 42 42 42 42 42 42 42 42 42 42 42 42 42 1 1 1 3 
0 0 0 0 42 42 42 42 42 42 42 42 42 42 42 42 42 42 42 42 42 44 44 43 42 42 42 43 43 43 42 42 42 42 43 42 42 42 42 42 42 42 42 42 43 42 42 42 42 42 43 42 42 42 42 42 42 42 42 42 43 42 42 42 42 42 43 42 42 42 43 42 42 42 42 42 1 1 0 1 
1 0 0 0 42 42 42 42 42 42 42 42 42 42 42 43 42 42 42 42 42 44 44 43 42 42 42 42 43 42 42 42 42 42 43 42 42 42 42 42 42 42 42 42 43 42 42 42 42 42 43 42 42 42 42 42 42 42 42 42 43 42 42 42 42 42 43 43 42 42 43 42 42 42 42 42 1 1 1 2 
2 1 1 1 42 42 42 42 42 42 42 42 42 42 42 43 43 42 42 42 42 43 43 42 42 42 42 42 42 42 42 42 42 42 42 42 42 42 42 42 42 42 42 42 42 42 42 42 42 42 44 42 42 42 42 42 43 43 42 42 43 42 42 42 42 42 42 43 42 42 43 42 42 42 42 42 1 1 2 4 
2 1 1 1 42 42 42 42 42 42 42 42 42 42 42 44 43 42 42 42 42 43 43 42 42 42 42 42 42 42 42 42 42 42 42 42 42 42 42 42 42 42 42 42 42 42 42 42 42 42 44 43 42 42 43 42 44 43 42 42 43 42 42 42 42 42 42 43 43 42 43 42 42 42 42 42 1 1 2 5 
1 1 1 1 42 42 42 42 42 42 42 42 42 42 42 44 43 42 42 42 42 42 42 42 42 42 42 42 42 42 42 42 42 42 42 42 42 42 42 42 42 42 42 42 42 42 42 42 42 42 43 42 42 42 42 42 43 42 42 42 42 42 42 43 42 42 42 43 43 42 42 42 42 42 42 42 0 1 2 3 
0 0 0 1 43 42 42 42 42 42 42 42 42 42 42 44 43 42 42 42 42 42 42 42 43 43 42 42 42 42 42 42 42 42 42 42 42 42 42 42 42 43 43 43 43 42 42 42 42 42 42 42 42 42 42 42 42 42 42 42 42 42 43 44 42 42 43 43 42 42 42 42 42 42 42 42 0 1 2 1 
0 0 0 1 43 42 42 42 42 42 42 42 42 42 42 43 42 42 42 42 42 42 42 42 42 42 42 42 42 42 42 42 42 42 42 42 42 42 42 42 42 43 43 43 42 42 42 42 42 42 42 42 42 42 42 42 42 42 42 42 42 42 43 43 42 42 43 43 42 42 42 42 42 42 42 43 1 1 1 0 
0 0 0 1 43 43 42 42 42 42 42 42 42 42 42 43 42 42 42 42 42 42 42 42 42 42 47 47 47 47 47 47 47 47 47 47 47 47 47 47 47 47 47 47 47 47 47 47 47 47 47 47 47 47 47 47 47 47 47 47 47 47 47 47 47 47 47 47 47 47 47 47 47 47 47 47 47 47 47 47 
42 42 42 42 42 42 42 42 42 42 43 43 43 42 42 163 250 235 114 42 42 42 42 42 42 42 42 42 42 42 42 42 42 42 42 42 42 42 42 42 42 42 42 42 43 43 42 43 43 43 42 42 42 42 42 43 43 43 42 42 42 42 43 43 43 1 0 0 1 0 0 0 0 43 42 42 42 42 42 42 
42 42 43 43 43 43 43 42 42 42 44 45 43 42 42 51 174 254 142 52 42 42 42 42 42 42 42 42 42 42 42 42 42 42 42 42 42 42 43 43 43 42 42 42 44 44 43 42 42 42 42 42 42 42 42 43 43 43 42 42 42 43 44 44 43 0 0 0 2 1 0 1 1 43 42 42 42 42 42 42 
42 42 42 42 42 42 42 42 42 42 44 44 43 42 42 43 149 241 162 66 42 42 42 42 42 42 42 42 42 42 42 42 42 42 42 42 42 42 43 43 42 42 42 43 44 44 43 42 42 42 42 42 42 43 43 43 43 43 42 42 42 43 43 44 43 0 0 0 1 0 1 2 1 43 42 42 52 134 219 248 
235 172 80 42 42 42 42 170 255 189 203 240 192 90 42 44 141 235 166 68 42 46 129 217 246 225 136 60 42 42 42 50 138 224 243 207 103 45 43 44 142 234 248 124 43 43 42 42 42 42 42 42 43 44 43 42 170 250 125 43 42 43 43 43 163 250 85 0 0 0 2 2 1 43 42 71 189 255 255 255 
255 255 250 125 43 42 42 170 255 255 255 255 255 226 108 44 138 233 166 68 43 170 255 255 255 255 254 127 43 42 53 176 254 255 255 255 249 124 43 141 236 255 255 131 44 42 42 42 42 42 42 43 44 45 44 43 164 251 141 52 43 43 42 58 180 246 80 0 0 0 2 4 2 43 51 173 253 209 111 56 
85 190 251 214 100 42 42 170 255 206 98 85 196 254 146 56 138 233 166 68 116 219 239 138 59 86 97 60 42 42 141 235 219 112 58 58 58 58 58 58 58 58 58 58 58 58 58 58 58 58 58 58 58 58 58 58 58 58 58 58 58 58 58 58 58 58 58 58 58 58 58 58 58 58 58 58 58 58 58 58 
42 47 105 251 198 74 211 225 94 83 249 255 255 255 255 255 255 244 138 149 255 244 137 137 136 135 104 42 85 255 212 42 42 43 42 42 42 42 43 43 43 43 42 42 42 42 85 255 235 156 153 154 176 255 170 1 1 1 0 0 2 3 44 85 255 212 42 42 42 44 47 56 127 246 177 43 85 255 212 42 
42 44 89 253 207 74 211 225 94 85 252 255 255 255 255 255 255 244 138 148 255 244 137 136 136 135 104 42 85 255 212 42 42 42 42 42 42 42 42 42 43 43 42 42 42 42 77 223 229 107 43 61 157 248 144 1 1 1 0 0 0 1 44 85 255 212 42 42 42 44 48 48 99 253 205 43 85 255 212 42 
42 52 125 248 184 74 211 225 95 81 239 245 145 140 139 150 255 244 138 148 255 244 137 136 135 135 104 42 85 255 212 42 42 42 43 42 42 42 42 42 43 43 42 42 42 42 58 147 245 173 43 77 223 227 60 1 1 1 0 0 1 1 43 85 255 212 42 42 42 43 45 50 109 249 190 43 85 255 213 44 
42 76 222 233 124 74 211 225 94 74 207 249 181 140 140 158 255 244 137 148 255 245 154 136 135 135 104 42 85 255 212 42 42 42 43 42 42 42 42 43 43 43 42 42 42 42 46 99 254 208 43 85 253 216 16 2 2 1 0 0 1 0 42 85 255 212 42 42 42 42 42 63 167 238 144 42 85 255 250 213 
143 204 255 216 59 74 211 225 94 49 111 255 250 205 200 255 249 188 137 142 199 255 248 194 199 230 109 59 151 255 229 124 105 43 43 42 42 42 42 43 44 43 42 42 42 42 42 81 241 218 72 115 251 196 0 1 3 2 0 0 1 0 42 83 248 223 84 42 42 42 42 84 253 215 52 42 85 255 255 255 
255 255 235 132 43 75 211 225 94 42 79 193 255 255 255 253 223 137 137 137 147 235 255 255 255 249 164 85 255 255 255 252 202 42 43 42 42 42 42 43 43 43 42 43 42 42 42 69 193 231 142 178 240 152 0 2 2 1 0 0 1 0 42 54 131 253 211 63 42 42 66 175 252 202 42 42 85 255 218 91 
164 148 69 42 43 65 153 161 76 42 75 141 155 202 205 167 138 137 137 137 137 138 162 204 197 148 104 70 195 255 240 179 146 42 43 42 42 42 42 43 43 42 43 43 43 42 42 46 99 252 244 252 217 60 1 3 2 0 0 0 0 0 43 42 78 225 254 248 225 224 242 255 221 77 42 43 85 255 212 42 
42 42 42 42 44 46 63 118 42 42 75 140 139 139 139 138 137 137 137 137 137 136 135 135 135 135 104 42 85 255 212 42 42 43 42 42 42 42 42 43 42 42 43 43 43 42 42 42 85 255 255 255 212 42 1 2 1 0 0 0 0 0 43 42 42 73 208 255 255 255 251 208 77 42 43 43 85 255 212 42 
42 42 42 42 44 71 193 223 86 42 75 140 139 139 139 138 137 137 137 137 136 136 135 135 135 135 104 42 70 197 212 42 42 42 42 42 42 42 43 43 42 42 42 43 42 42 42 42 72 205 255 243 166 42 1 1 0 0 0 0 0 0 43 43 42 42 45 63 85 84 66 44 43 43 43 44 49 103 179 42 
42 42 42 43 43 62 161 220 76 42 75 139 139 139 138 137 137 137 137 137 136 135 135 135 135 135 104 42 43 46 54 42 42 42 42 42 42 43 43 42 42 42 42 42 42 42 42 42 46 65 89 84 56 43 1 0 0 0 1 0 0 0 43 43 42 42 42 43 42 42 42 42 43 43 43 44 44 44 42 42 
42 42 42 42 43 42 42 42 42 42 75 139 139 139 138 137 137 137 137 136 136 135 135 135 135 135 104 42 42 43 42 42 42 42 42 42 42 43 43 42 42 42 42 42 42 42 42 42 42 42 42 43 43 43 1 0 1 4 4 1 0 0 1 1 0 0 2 1 0 0 0 1 0 0 1 4 8 7 1 1 
1 0 0 1 0 0 0 0 0 65 193 192 192 191 190 189 189 188 188 187 187 186 185 185 184 122 0 1 1 0 0 0 0 0 0 0 1 2 1 0 0 0 0 0 0 0 0 0 1 1 1 1 0 1 1 2 8 8 1 0 0 1 1 0 0 2 2 0 0 1 1 0 0 0 3 10 8 1 1 1 
1 0 0 1 0 0 0 0 0 65 193 192 191 191 190 189 188 188 187 187 186 186 185 185 184 122 0 1 1 0 0 0 0 0 0 0 1 2 1 1 1 0 0 0 0 0 0 0 0 0 0 0 0 0 0 3 9 11 3 0 0 0 1 0 0 1 1 0 0 0 0 0 0 0 2 6 5 1 0 0 
1 0 0 1 0 0 0 0 0 64 192 192 191 190 189 189 188 188 187 187 186 186 185 185 184 122 0 1 1 0 0 0 0 0 0 0 1 2 1 1 1 1 1 0 0 0 0 0 0 0 0 0 0 0 0 2 5 7 4 1 0 0 0 1 1 1 0 0 0 0 0 0 0 0 2 2 1 0 0 0 
1 0 0 0 1 0 0 0 0 64 192 191 191 190 189 189 188 188 187 186 186 185 185 184 184 122 0 1 2 0 0 0 0 0 1 1 2 3 1 1 2 2 1 0 0 0 0 0 0 0 0 0 0 0 0 0 1 2 3 0 0 0 1 1 1 1 0 0 0 0 0 0 0 0 1 1 1 0 0 0 
0 0 0 1 1 0 0 0 0 64 192 191 190 190 189 188 188 187 187 186 186 185 185 184 184 123 1 1 1 0 0 0 0 0 0 1 2 2 1 1 2 1 0 0 0 0 0 1 0 0 1 0 0 1 0 0 0 0 1 0 0 0 1 1 1 1 1 0 0 0 0 0 0 0 1 0 0 0 0 0 
0 0 0 1 0 0 0 0 0 64 191 191 190 189 189 188 188 187 187 186 186 185 184 184 183 122 1 1 1 0 0 0 0 0 0 1 1 0 0 1 2 1 0 0 0 0 0 0 0 0 1 1 1 2 1 0 0 0 0 0 0 0 1 1 1 1 1 0 0 0 0 0 0 0 0 0 0 0 0 0 
0 0 0 1 0 0 0 0 0 64 191 190 190 189 189 188 188 187 186 186 185 185 184 184 183 122 1 1 0 0 0 0 0 0 0 1 0 0 0 1 1 0 0 0 0 0 1 1 0 0 1 1 1 2 1 1 0 0 0 0 0 0 0 0 1 1 1 0 0 0 0 0 0 0 0 0 0 0 0 0 
0 0 1 0 0 0 0 0 0 63 191 190 189 189 188 188 187 187 186 186 185 185 184 184 183 122 0 0 0 1 0 0 0 0 0 1 1 1 1 1 1 0 0 0 0 0 1 1 0 0 0 1 1 1 0 0 0 0 1 0 0 0 0 0 1 1 1 1 0 0 0 0 0 0 0 0 0 0 0 0 
0 0 0 0 0 1 0 0 0 63 190 190 189 189 188 188 187 187 186 186 185 184 184 183 183 122 0 0 0 1 1 1 0 0 0 1 1 1 2 1 1 0 0 0 0 0 0 0 0 0 0 0 0 0 0 0 0 0 1 0 0 0 0 0 1 1 1 0 0 0 0 0 0 0 0 0 0 0 0 0 
0 0 0 0 0 1 0 0 0 63 190 190 189 189 188 187 187 186 186 185 185 184 184 183 183 122 0 0 0 1 1 1 1 1 1 1 1 1 1 1 1 0 0 1 1 1 0 0 0 0 0 0 0 0 0 0 0 0 0 0 0 1 1 1 1 0 0 1 0 0 0 0 0 0 0 0 0 0 0 1 
0 0 0 0 0 0 0 0 0 63 190 189 189 188 188 187 187 186 186 185 185 184 184 183 182 121 0 0 1 1 1 1 2 3 1 1 2 1 0 0 1 0 0 2 1 0 0 0 0 0 0 0 0 0 0 0 0 0 1 1 1 1 1 1 1 0 0 0 0 0 0 0 0 0 0 0 0 0 0 1 
0 0 0 0 0 0 0 0 0 1 1 1 0 0 1 1 1 2 0 0 0 0 0 0 0 0 0 0 1 0 0 0 3 5 2 1 1 1 0 0 0 0 0 2 2 0 0 0 0 0 0 0 0 0 0 0 0 1 2 1 1 43 42 42 42 42 42 42 42 42 42 42 42 42 42 42 42 42 42 42 
42 42 42 42 42 42 42 42 42 42 42 42 42 42 42 42 42 42 42 42 42 42 42 42 42 42 42 42 42 42 42 42 43 43 42 42 42 42 42 42 42 42 42 42 42 42 42 42 42 42 42 42 42 1 0 0 0 1 4 2 0 42 42 42 42 42 42 42 42 42 42 42 42 42 42 42 42 42 42 42 
42 42 42 42 42 42 42 42 42 42 42 42 42 43 42 42 42 42 43 42 42 42 42 42 42 42 42 43 42 42 42 42 42 42 42 42 42 42 43 42 42 42 42 42 42 42 42 42 42 42 42 42 43 1 0 0 1 2 4 2 0 42 42 42 42 42 42 42 42 42 42 42 42 42 42 42 42 42 42 42 
42 42 42 42 42 42 42 42 42 42 42 42 42 42 42 42 42 42 43 42 42 42 43 42 42 43 43 43 43 42 42 42 42 42 42 42 42 42 42 42 42 42 42 42 42 42 42 42 42 42 42 42 43 1 0 0 0 2 4 1 0 42 42 43 43 42 42 42 42 42 42 42 42 42 42 42 42 42 42 42 
42 42 42 42 42 42 42 42 42 42 42 42 42 42 42 42 43 43 43 42 42 43 44 43 43 43 44 43 43 42 42 42 42 42 42 42 42 42 42 42 42 42 43 43 42 42 42 42 42 42 42 42 43 0 0 0 0 2 3 0 0 42 42 43 42 42 42 42 42 42 42 42 42 42 42 42 42 42 42 42 
42 42 42 42 42 42 42 42 42 42 42 42 42 42 42 42 43 44 43 42 42 44 44 43 43 44 44 44 43 42 42 42 42 42 42 42 42 42 42 42 42 42 43 44 42 42 42 42 42 42 42 42 43 0 0 0 0 2 3 0 0 42 42 42 42 42 42 42 42 42 42 42 42 42 42 42 42 42 42 42 
42 42 42 42 42 42 42 42 42 42 42 42 42 42 42 42 42 43 43 42 42 43 43 43 43 43 43 43 43 43 43 42 42 42 42 42 42 42 42 42 42 42 42 43 42 42 42 42 42 42 42 42 42 0 0 0 0 1 2 0 0 42 42 42 42 42 42 42 43 42 42 42 42 42 42 42 42 42 42 42 
42 42 42 42 42 42 42 43 42 42 42 42 43 42 42 42 42 42 42 42 42 42 42 42 43 42 42 42 43 44 44 42 42 42 42 42 42 42 42 42 42 42 42 42 42 42 42 42 43 42 42 42 42 0 0 0 1 1 1 0 0 42 42 42 42 42 42 42 43 42 42 42 42 42 42 42 42 42 42 42 
42 42 42 42 42 42 42 43 42 42 42 42 43 42 42 42 42 42 42 42 42 42 42 42 42 42 42 42 43 44 43 42 42 42 42 42 42 42 42 42 42 42 42 42 42 42 42 42 42 42 42 42 42 0 0 1 1 1 0 0 0 43 42 42 42 42 42 42 43 42 42 42 42 42 42 42 42 42 42 42 
42 42 42 43 42 42 42 42 42 42 42 42 42 42 42 42 42 42 42 42 42 42 42 42 42 42 43 43 42 43 43 42 42 42 42 42 42 42 42 42 42 42 42 42 42 42 42 42 42 42 42 42 42 0 0 1 0 0 0 0 1 43 85 255 255 255 255 255 255 251 199 42 45 87 220 246 196 127 255 212 
42 42 57 138 235 236 191 209 227 102 42 42 42 43 42 42 42 42 42 42 42 42 42 42 42 42 43 44 42 42 42 42 42 42 42 42 42 42 42 42 42 42 42 43 43 42 42 42 42 42 42 42 42 0 1 1 0 0 0 1 1 43 85 255 255 255 255 255 255 251 199 42 85 255 255 255 255 255 255 212 
42 50 117 255 255 255 255 255 227 102 42 42 42 42 42 42 42 42 42 42 42 42 42 42 42 42 43 44 42 42 42 42 42 42 42 42 42 42 42 42 42 42 42 43 45 44 42 42 42 42 42 42 42 0 1 1 0 0 0 1 2 44 85 255 212 42 42 42 42 42 42 56 141 254 219 77 81 203 255 212 
42 73 209 245 175 59 111 240 227 102 42 42 42 42 42 42 42 42 42 42 42 42 42 42 42 44 62 90 42 42 42 42 42 42 42 42 42 42 42 42 42 43 43 44 47 45 42 42 42 42 42 42 42 0 1 0 0 0 1 1 2 44 85 255 212 42 42 42 42 43 43 65 170 240 152 42 42 85 255 212 
42 84 251 213 47 42 72 203 227 102 42 42 42 43 42 42 42 42 42 42 42 42 42 42 42 42 85 225 92 42 42 42 42 42 42 43 43 42 42 42 42 42 43 44 46 44 42 42 42 42 42 42 42 0 1 0 0 0 1 1 1 43 85 255 212 42 42 42 42 43 46 67 173 235 132 42 42 85 255 212 
42 80 235 227 103 42 74 213 227 102 42 42 43 43 42 43 43 42 42 42 42 42 42 42 42 42 85 255 232 122 42 42 42 42 43 44 44 42 42 42 42 42 42 43 44 43 42 42 43 43 42 42 42 0 0 0 0 0 1 1 1 43 85 255 212 42 42 43 42 43 47 68 173 234 131 42 42 85 255 212 
42 61 155 255 252 247 249 255 227 102 42 42 43 43 43 43 43 42 43 42 42 42 83 246 246 246 247 255 255 237 140 42 42 42 43 45 45 42 42 42 42 42 42 42 42 42 42 43 43 43 42 42 42 0 0 0 0 0 1 1 1 44 85 255 212 42 42 42 42 43 45 66 173 234 131 42 42 85 255 212 
42 43 76 213 255 255 252 245 227 102 42 42 43 43 43 43 43 43 44 43 42 42 85 255 255 255 255 255 255 255 242 160 43 43 43 44 45 44 42 42 42 42 42 42 42 42 43 43 44 43 42 42 42 0 1 1 0 0 0 1 2 44 85 255 212 42 42 42 42 42 42 64 173 234 132 42 42 85 255 212 
42 42 42 45 55 58 84 218 225 94 42 42 42 43 43 43 42 44 46 44 42 42 85 255 255 255 255 255 255 255 255 224 89 44 42 43 45 46 43 43 43 42 42 42 43 43 43 43 45 43 42 42 42 0 2 3 2 0 0 1 1 43 85 255 212 42 42 42 42 42 42 64 173 234 131 42 42 85 255 213 
43 43 45 93 216 140 185 254 215 58 42 42 42 42 43 43 42 44 45 44 42 42 85 255 255 255 255 255 255 255 224 89 43 43 42 43 44 45 42 43 43 42 42 42 42 43 43 43 45 43 42 42 42 0 2 2 1 0 0 0 1 43 85 255 212 42 42 42 42 43 42 64 173 234 131 42 42 85 255 213 
44 43 70 195 255 255 255 236 136 42 42 42 42 42 42 43 43 43 45 43 42 42 48 70 70 70 107 255 254 218 68 42 42 42 42 42 44 44 42 42 42 42 42 42 42 42 42 42 43 43 42 42 42 0 1 1 0 0 0 0 0 42 85 255 212 42 42 42 42 43 42 57 127 167 100 42 42 70 181 154 
44 43 42 49 95 164 147 68 42 42 42 42 42 42 42 43 43 44 44 43 42 42 42 42 43 42 85 253 210 59 42 42 42 42 42 42 42 43 42 42 42 42 42 42 42 42 42 43 42 42 42 42 42 0 0 0 0 0 1 0 0 0 170 255 170 127 42 42 42 42 42 42 42 42 42 43 43 42 42 43 
43 43 42 42 42 42 43 43 43 42 42 42 42 42 42 43 43 43 43 42 42 42 43 43 42 42 83 206 53 43 42 42 42 42 42 42 42 42 42 42 42 42 42 42 42 43 44 45 42 42 42 42 42 0 0 0 0 1 2 1 0 1 170 255 170 127 42 42 42 42 42 43 42 42 43 44 44 42 42 42 
42 42 42 42 42 42 43 43 43 42 42 42 42 42 42 43 43 42 42 42 42 43 43 43 42 45 54 45 43 43 43 42 42 42 42 42 42 42 42 42 42 42 42 42 42 43 46 47 43 42 42 42 42 0 0 0 0 1 2 0 0 1 103 122 103 127 42 42 42 42 42 43 42 42 43 43 44 42 42 42 
42 42 42 42 42 42 43 43 43 42 42 42 42 42 42 42 42 42 42 42 42 43 43 43 42 42 42 42 42 43 43 42 42 42 42 42 42 42 42 42 42 42 42 42 42 43 45 46 43 42 42 42 42 0 0 0 0 0 1 0 0 0 85 85 85 127 42 42 42 42 42 42 43 42 42 43 43 42 42 42 
42 42 42 42 42 42 43 43 43 42 42 42 43 42 43 42 42 42 42 42 42 43 43 42 42 42 42 42 42 42 42 42 42 43 42 42 42 42 42 43 43 43 42 42 42 42 44 44 42 42 42 42 43 1 0 0 0 0 0 0 0 1 2 0 0 0 0 0 1 1 1 1 1 0 0 1 0 0 0 1 
1 0 0 0 0 1 1 1 1 0 0 1 2 2 1 0 0 1 0 0 0 1 1 0 1 1 1 0 0 1 1 0 0 1 0 0 0 0 1 3 2 1 0 0 0 0 1 1 0 1 1 0 1 2 0 0 0 0 0 0 0 1 1 0 0 0 0 0 0 0 1 1 0 0 0 2 2 0 0 0 
1 0 0 0 0 0 1 1 0 0 0 1 1 1 0 0 0 1 0 0 1 1 1 0 0 1 0 0 0 1 0 0 1 0 0 0 0 1 2 2 2 1 1 0 0 0 0 0 0 1 1 0 0 1 0 0 1 0 0 0 0 1 1 0 0 0 0 0 0 0 1 0 0 0 1 4 3 0 0 0 
0 0 0 0 0 0 0 1 0 0 0 0 0 0 0 0 0 1 0 0 1 1 0 0 0 1 0 0 0 1 0 0 0 0 0 0 0 1 3 1 1 1 1 0 0 0 0 0 0 1 1 0 0 0 0 0 1 1 0 0 0 1 1 0 0 0 0 0 1 0 0 0 0 0 1 3 2 0 0 0 
0 0 1 0 0 0 1 1 1 0 0 0 1 0 0 0 1 1 1 1 1 1 0 1 0 1 1 0 0 1 1 1 1 0 0 1 1 1 3 1 0 1 2 1 0 0 0 0 0 0 1 1 1 1 0 0 1 2 2 2 2 2 2 2 2 2 2 2 2 2 2 2 2 2 2 2 2 2 2 2 
2 2 2 2 2 2 2 2 2 2 2 2 2 2 2 2 2 2 2 2 2 2 2 2 2 2 2 2 2 2 2 2 2 2 2 2 2 2 2 2 2 2 2 2 2 2 2 2 2 2 2 2 2 2 2 2 2 2 2 2 2 2 2 2 2 2 2 2 2 2 2 2 2 2 2 2 2 2 2 2 
2 2 2 2 2 2 2 2 2 2 2 2 2 2 2 2 2 2 2 2 2 2 2 2 2 2 2 2 2 2 2 2 2 2 2 2 2 2 2 2 2 2 2 2 2 2 2 2 2 2 2 2 2 2 2 2 2 2 2 2 2 2 2 2 2 2 2 2 2 2 2 2 2 2 2 2 2 2 2 2 
