93 93 93 93 93 93 92 92 92 92 92 92 91 91 91 91 91 90 91 91 91 91 91 92 92 92 93 93 93 93 94 94 94 94 94 95 95 96 96 97 97 98 98 99 99 100 100 100 100 101 101 101 101 102 102 102 102 103 103 103 104 104 104 105 105 105 105 106 106 106 107 107 107 107 106 106 105 105 104 104 
95 95 95 95 95 95 94 94 94 94 94 93 93 93 93 92 92 92 92 92 92 93 93 93 93 94 94 94 94 94 95 95 95 95 96 96 96 97 97 98 98 98 99 100 100 100 100 101 101 101 102 102 102 102 103 103 103 103 104 104 104 104 105 105 105 106 106 106 107 107 107 107 107 107 106 106 105 105 104 104 
96 95 96 96 96 96 96 96 96 96 96 95 95 95 95 94 94 94 94 94 94 94 94 95 95 95 95 95 95 96 96 96 96 96 97 97 97 98 98 98 99 99 100 100 100 101 101 101 102 102 102 102 103 103 103 103 104 104 104 105 105 105 105 106 106 106 107 107 107 108 108 107 107 107 106 106 105 105 104 104 
96 96 96 96 96 96 96 96 96 96 96 96 96 96 96 96 96 96 96 96 96 96 96 96 96 96 97 97 97 97 97 97 97 98 98 98 98 98 99 99 99 100 100 101 101 101 102 102 102 102 103 103 103 104 104 104 104 105 105 105 106 106 106 106 107 107 107 108 108 108 108 107 107 106 106 106 105 105 104 104 
96 96 96 96 96 96 96 96 96 96 96 96 96 96 96 96 96 96 97 97 97 97 97 98 98 98 98 98 98 98 98 99 98 99 99 99 99 99 99 100 100 100 101 101 101 102 102 102 103 103 103 104 104 104 105 105 105 105 106 106 106 106 107 107 107 108 108 108 108 108 108 107 107 107 106 106 105 105 105 105 
97 97 97 97 97 97 97 97 97 97 97 97 97 97 97 97 97 97 97 97 97 98 98 98 98 98 98 98 99 99 99 99 100 99 100 100 100 100 100 100 100 101 101 101 102 102 103 103 103 104 104 104 105 105 105 106 106 106 106 107 107 107 108 108 108 109 109 109 108 108 108 107 107 107 106 106 106 106 106 106 
97 97 97 97 97 97 97 97 97 97 97 97 97 97 97 97 97 97 98 98 98 98 98 98 98 98 98 99 99 99 99 100 100 100 100 100 100 100 100 101 101 101 102 102 102 103 103 104 104 104 105 105 105 106 106 106 107 107 107 107 108 108 108 109 109 109 109 109 109 108 108 108 107 107 107 107 107 107 107 108 
98 98 98 98 98 98 98 98 98 98 98 98 98 98 98 98 98 98 98 98 98 98 98 98 99 99 99 99 99 99 99 100 100 100 100 100 100 100 101 101 101 101 102 102 103 103 103 104 104 105 105 106 106 106 107 107 107 108 108 108 109 109 109 109 109 110 109 109 109 109 108 108 108 108 108 108 109 109 109 109 
98 98 98 98 99 99 99 99 99 98 98 98 98 98 98 98 98 98 98 98 99 99 99 99 99 99 99 99 99 99 100 100 100 100 100 100 100 100 101 101 101 102 102 102 103 103 103 104 104 105 105 106 106 107 107 108 108 108 109 109 109 110 110 110 110 110 110 110 109 109 109 109 109 110 110 110 110 110 111 111 
99 99 99 99 99 99 99 99 99 99 99 99 99 99 98 98 98 99 99 99 99 99 99 99 99 99 99 99 99 100 100 100 100 100 100 100 100 101 101 101 101 102 102 102 103 103 103 104 104 105 105 106 106 107 107 108 108 108 109 109 110 110 110 111 111 110 110 110 110 110 111 111 111 111 112 112 112 112 112 113 
100 99 99 99 99 99 99 100 100 100 99 99 99 99 99 99 99 99 99 99 99 99 99 99 99 99 99 100 100 100 100 100 100 100 100 100 100 101 101 101 102 102 102 102 103 103 103 104 104 105 105 106 106 107 107 107 108 108 109 109 109 110 110 110 110 110 110 110 111 111 112 112 113 113 114 114 114 115 115 115 
101 100 100 100 100 100 100 100 100 100 100 100 100 100 100 99 99 99 100 100 100 100 100 100 100 100 100 100 100 100 100 100 100 100 100 100 100 101 101 101 102 102 102 102 103 103 103 104 104 105 105 105 106 106 107 107 108 108 108 109 109 110 110 110 110 110 110 111 111 112 112 113 113 114 114 115 115 116 116 117 
100 100 100 100 100 100 100 100 100 101 101 101 100 100 100 100 100 100 100 100 100 100 100 100 100 100 100 100 100 100 100 100 101 100 100 100 100 101 101 101 102 102 102 102 103 103 103 104 104 104 105 105 106 106 106 107 107 108 108 108 109 109 109 109 109 110 111 111 112 112 113 113 114 114 115 115 116 117 117 118 
99 99 99 99 99 99 99 99 100 100 100 100 100 100 100 100 101 101 101 101 101 101 101 101 100 100 100 100 101 101 101 101 101 100 100 100 100 101 101 101 102 102 102 102 103 103 103 104 104 104 105 105 105 106 106 107 107 107 107 108 108 108 108 109 110 110 111 111 112 112 113 114 114 115 116 116 117 117 118 119 
98 98 98 99 98 98 99 99 99 99 99 99 99 99 99 100 100 100 100 100 100 100 100 100 100 100 100 100 100 100 101 101 101 100 100 100 100 101 101 101 101 102 102 102 103 103 103 104 104 104 105 105 105 105 106 106 106 106 107 107 107 108 109 109 110 110 111 111 112 113 113 114 115 115 116 117 117 118 119 119 
97 97 98 98 98 98 97 97 98 98 98 98 98 98 98 98 99 99 99 99 99 99 99 99 99 99 99 99 99 99 100 100 100 100 100 100 100 101 101 101 101 101 102 102 102 102 103 103 103 104 104 104 102 103 103 103 103 103 104 104 105 106 106 107 107 108 108 109 110 111 111 112 113 114 114 115 116 117 118 118 
96 95 96 96 96 96 96 95 96 96 96 96 96 96 97 97 97 97 97 97 97 97 97 97 97 97 97 97 97 97 98 98 98 98 98 98 98 98 99 99 99 99 99 99 99 100 100 100 100 101 101 101 101 101 101 102 102 102 103 103 104 104 105 105 106 106 107 108 109 110 111 112 113 114 115 116 116 117 118 119 
94 94 94 94 94 94 95 95 94 95 95 95 95 95 96 96 96 96 96 96 96 96 96 96 96 97 97 97 97 97 97 97 97 97 97 97 97 97 98 98 98 98 98 98 98 98 99 99 99 99 99 100 100 100 100 101 101 101 102 102 103 103 104 104 105 106 107 108 109 110 111 112 113 114 115 116 117 117 117 118 
93 93 93 93 93 93 94 94 94 94 94 94 94 94 94 94 95 95 95 95 95 95 95 95 95 95 96 96 96 96 96 96 96 96 96 96 96 96 96 96 97 97 97 97 97 97 98 98 98 99 99 99 99 99 99 99 99 100 100 101 101 102 103 104 105 106 107 108 109 110 111 112 113 114 115 115 116 116 116 116 
93 93 93 93 93 93 93 93 93 93 93 92 93 93 93 93 93 93 93 94 94 94 94 94 95 95 95 95 95 95 95 95 95 95 94 95 95 95 95 95 96 96 96 96 96 96 96 97 97 97 97 98 97 97 97 97 98 98 99 99 100 102 103 104 105 106 107 109 110 111 112 113 114 114 115 115 115 115 115 115 
93 92 92 92 92 92 92 92 92 92 92 92 92 92 92 92 92 92 92 93 93 93 93 93 93 93 93 94 94 94 94 94 94 94 93 93 93 94 94 94 94 95 95 95 95 95 95 95 95 95 95 95 95 95 95 96 96 97 98 99 100 102 103 104 105 107 108 109 111 112 112 113 113 113 114 114 114 114 114 114 
92 92 92 92 91 91 91 91 91 91 91 91 91 91 90 90 91 91 91 91 92 92 92 92 92 92 92 93 93 93 93 93 93 93 92 92 93 93 93 94 94 94 94 94 94 95 95 95 95 95 95 94 94 93 94 94 95 97 98 99 101 102 104 105 107 108 109 110 111 111 111 111 112 112 112 112 112 112 113 113 
95 95 94 94 94 93 93 92 92 92 92 91 91 91 91 90 90 90 90 90 90 90 90 91 91 91 91 91 92 92 92 92 92 92 91 91 92 92 92 93 93 94 94 94 95 95 95 95 95 94 94 94 93 94 95 96 98 99 100 101 103 104 106 107 108 109 109 109 109 110 110 110 110 111 111 111 111 111 110 110 
98 98 97 97 97 96 96 95 95 95 94 94 93 93 93 92 91 91 91 91 91 91 91 91 91 91 91 91 91 91 91 91 90 90 90 91 91 92 92 93 93 94 94 94 95 95 95 95 94 94 94 94 95 96 97 99 100 101 103 104 105 106 107 107 107 108 108 108 109 109 109 110 110 110 110 109 109 109 109 109 
95 96 96 96 96 96 96 96 96 96 96 96 96 95 95 94 93 93 92 92 91 91 91 90 90 89 89 89 89 89 89 90 90 90 90 90 90 91 92 92 93 94 95 95 95 95 95 95 95 95 95 95 97 98 100 101 102 103 104 105 106 106 106 106 107 107 108 108 108 109 109 109 108 108 108 108 108 108 108 108 
83 85 87 88 89 90 91 92 92 93 94 95 95 95 96 96 95 95 94 92 92 91 90 90 89 89 88 88 88 88 88 89 89 89 89 89 89 90 91 92 94 94 95 95 95 96 96 96 96 96 97 98 99 100 102 103 103 104 104 105 105 105 105 106 106 106 107 107 107 107 107 108 108 108 108 108 108 108 108 109 
66 69 72 74 77 79 81 83 85 87 89 91 93 94 96 98 97 96 95 94 93 92 92 91 90 89 89 89 89 89 89 90 90 90 90 90 91 92 94 95 95 96 97 97 97 98 98 98 98 98 99 100 101 102 103 103 103 103 103 103 103 103 104 104 104 103 103 103 103 104 104 104 105 105 105 106 106 106 105 104 
46 47 47 47 47 47 47 47 47 47 47 47 47 47 47 47 47 47 47 47 47 47 47 47 47 47 47 47 47 47 47 47 47 47 47 47 47 47 47 47 47 47 47 47 47 47 47 47 47 47 47 47 47 47 47 47 47 47 47 47 47 47 47 47 47 47 47 47 47 47 47 47 47 47 47 47 47 47 47 47 
57 58 59 58 58 61 63 66 68 71 74 77 79 82 84 85 87 89 90 91 91 73 41 41 41 41 41 41 41 41 41 41 41 41 41 41 41 37 61 60 59 60 60 61 62 63 64 66 66 67 67 68 69 70 70 70 70 70 69 69 69 69 69 69 70 70 71 72 74 61 51 50 50 50 50 50 50 50 55 58 
57 58 58 58 58 58 58 58 58 58 58 58 58 58 58 58 58 58 58 58 58 58 58 58 58 58 58 58 58 58 58 58 58 58 58 58 58 58 58 58 58 58 58 58 58 58 58 58 58 58 58 58 58 58 58 58 58 58 58 58 58 58 58 58 58 58 58 58 58 58 58 58 58 58 58 58 58 58 58 58 
0 0 1 0 12 63 63 63 64 64 65 41 41 41 41 41 41 41 41 41 41 41 41 41 41 41 37 58 60 62 64 67 73 76 79 82 85 89 92 95 98 93 51 51 51 51 51 51 51 51 51 51 51 51 51 51 51 51 34 0 1 0 0 0 0 0 0 0 0 0 1 1 0 0 0 0 0 0 0 0 
0 0 0 0 0 1 1 1 1 1 14 41 41 41 41 41 41 41 41 41 41 41 41 41 41 41 41 70 69 67 71 75 79 83 87 89 91 93 90 51 51 51 51 51 51 51 51 51 51 51 51 51 51 51 51 51 51 51 34 0 1 0 0 0 0 0 0 1 0 0 0 0 0 0 0 0 0 0 0 0 
0 0 0 0 1 3 2 1 1 1 14 41 41 41 41 41 41 41 41 41 41 41 41 41 41 41 28 24 63 64 63 59 60 61 62 63 68 51 51 51 51 51 51 51 51 51 51 51 51 51 51 51 51 51 51 51 51 51 34 0 1 0 0 0 0 0 0 1 0 0 0 0 0 0 0 1 0 0 0 0 
0 0 0 0 3 6 3 0 0 0 13 41 41 41 41 41 41 41 41 41 41 41 41 41 41 41 27 4 32 2 6 4 18 51 51 51 51 51 51 51 51 51 51 51 51 51 51 51 51 51 51 51 51 51 51 51 51 51 34 0 0 0 0 0 0 0 0 1 1 0 0 0 0 0 0 1 0 0 0 0 
0 0 0 0 3 8 4 0 0 0 13 41 41 41 41 41 41 41 41 41 41 41 41 41 41 41 27 5 12 6 8 7 21 51 51 51 51 51 51 51 51 51 51 51 51 51 51 51 51 51 51 51 51 51 51 51 51 51 34 0 0 0 1 0 0 0 0 1 1 0 0 1 0 0 2 2 1 1 1 1 
0 0 0 0 3 5 2 0 0 0 13 41 41 41 41 41 41 41 41 41 41 41 41 41 41 41 27 1 5 7 9 8 21 51 51 51 51 51 51 51 51 51 51 51 51 51 51 51 51 51 51 51 51 51 51 51 51 51 34 0 0 0 1 1 0 0 0 1 1 0 0 1 1 1 3 3 2 1 1 1 
0 0 0 2 2 1 1 1 0 0 27 41 41 41 41 41 41 41 41 41 41 41 41 41 41 41 13 0 5 10 10 9 37 51 51 51 51 51 51 51 51 51 51 51 51 51 51 51 51 51 51 51 51 51 51 51 51 51 17 0 0 0 1 0 0 0 1 1 0 0 0 1 0 2 3 4 5 2 1 1 
0 0 1 1 0 0 0 0 0 27 41 41 41 41 41 41 41 41 41 41 41 41 41 41 41 13 0 5 9 9 11 38 51 51 51 51 51 51 51 51 51 51 51 51 51 51 51 51 51 51 51 51 51 51 51 51 51 18 0 0 0 1 0 0 1 2 1 0 0 0 1 0 0 1 6 9 4 1 1 1 
0 2 1 0 0 1 0 1 41 41 41 41 41 41 41 41 41 41 41 41 41 41 41 41 0 1 7 9 8 18 51 51 51 51 51 51 51 51 51 51 51 51 51 51 51 51 51 51 51 51 51 51 51 51 51 51 2 0 0 1 2 0 0 2 3 0 0 1 1 1 0 0 1 9 12 1 2 1 1 1 
0 2 1 0 0 0 0 1 41 41 41 41 41 41 41 41 41 41 41 41 41 41 41 41 0 1 6 8 8 18 51 51 51 51 51 51 51 51 51 51 51 51 51 51 51 51 51 51 51 51 51 51 51 51 51 51 4 1 0 0 1 1 0 1 2 0 0 0 0 0 0 0 1 6 7 1 1 0 1 1 
0 1 1 0 0 0 0 0 41 41 41 41 41 41 41 41 41 41 41 41 41 41 41 41 0 1 2 5 13 0 51 51 51 51 51 51 51 51 51 51 51 51 51 51 51 51 51 51 51 51 51 51 51 51 51 51 5 2 0 0 0 2 1 1 1 0 1 0 0 0 0 0 2 3 2 1 0 0 1 1 
0 0 1 1 0 0 0 0 41 41 41 41 41 41 41 41 41 41 41 41 41 41 41 41 0 1 3 1 0 1 51 51 51 51 51 51 51 51 51 51 51 51 51 51 51 51 51 51 51 51 51 51 51 51 51 51 4 1 0 0 1 2 1 1 1 0 1 0 0 0 0 0 1 1 1 1 0 0 0 0 
0 1 1 1 0 0 0 0 41 41 41 41 41 41 41 41 41 41 41 41 41 41 41 41 1 1 2 1 0 0 51 51 51 51 51 51 51 51 51 51 51 51 51 51 51 51 51 51 51 51 51 51 51 51 51 51 2 1 0 0 1 2 1 1 1 1 0 1 0 0 0 0 1 1 0 0 0 0 0 0 
0 1 1 0 0 0 0 0 41 41 41 41 41 41 41 41 41 41 41 41 41 41 41 41 1 1 2 0 0 0 51 51 51 51 51 51 51 51 51 51 51 51 51 51 51 51 51 51 51 51 51 51 51 51 51 51 1 0 0 0 1 1 1 1 2 1 0 1 0 0 0 0 0 0 0 0 0 0 0 0 
0 2 1 0 0 0 0 0 41 41 41 41 41 41 41 41 41 41 41 41 41 41 41 41 2 1 1 0 0 0 51 51 51 51 51 51 51 51 51 51 51 51 51 51 51 51 51 51 51 51 51 51 51 51 51 51 1 0 0 0 0 0 1 1 1 1 0 0 0 0 0 0 0 0 0 0 0 0 0 0 
1 1 0 0 1 0 0 0 41 41 41 41 41 41 41 41 41 41 41 41 41 41 41 41 1 0 0 1 1 0 51 51 51 51 51 51 51 51 51 51 51 51 51 51 51 51 51 51 51 51 51 51 51 51 51 51 2 1 0 0 0 0 1 1 1 2 0 0 0 0 0 0 0 0 0 0 0 0 0 0 
1 0 0 1 1 0 0 0 41 41 41 41 41 41 41 41 41 41 41 41 41 41 41 41 0 0 0 1 1 1 1 51 51 51 51 51 51 51 51 51 51 51 51 51 51 51 51 51 51 51 51 51 51 51 51 51 2 1 0 0 1 0 1 1 1 1 0 0 0 0 0 0 0 0 0 0 0 0 0 0 
1 0 0 1 1 0 0 0 41 41 41 41 41 41 41 41 41 41 41 41 41 41 41 41 0 0 0 1 1 1 1 51 51 51 51 51 51 51 51 51 51 51 51 51 51 51 51 51 51 51 51 51 51 51 51 51 1 0 0 1 1 1 1 1 0 1 1 0 0 0 0 0 0 0 0 0 0 1 1 0 
0 1 0 0 0 0 0 0 41 41 41 41 41 41 41 41 41 41 41 41 41 41 41 41 0 0 1 1 1 1 1 51 51 51 51 51 51 51 51 51 51 51 51 51 51 51 51 51 51 51 51 51 51 51 51 51 1 1 1 1 2 1 1 1 0 0 1 0 0 0 0 0 0 0 0 0 0 1 1 0 
0 1 0 0 0 0 0 1 1 2 1 0 2 1 1 3 1 0 0 0 1 0 1 0 0 0 1 1 0 0 2 51 51 51 51 51 51 51 51 51 51 51 51 51 51 51 51 51 51 51 51 51 51 51 51 51 3 2 1 1 1 1 1 1 0 0 1 0 0 0 0 0 0 0 0 0 0 1 1 1 
0 0 0 0 0 0 0 1 1 1 1 1 1 1 0 1 1 0 0 1 1 0 1 0 0 1 1 1 0 0 1 51 51 51 51 51 51 51 51 51 51 51 51 51 51 51 51 51 51 51 51 51 51 51 51 51 5 3 1 0 0 0 1 1 1 0 1 0 0 1 1 0 0 0 0 0 0 0 1 1 
0 0 0 0 0 0 0 1 1 0 0 2 1 0 0 0 2 1 0 1 1 0 1 0 1 2 1 0 0 0 1 51 51 51 51 51 51 51 51 51 51 51 51 51 51 51 51 51 51 51 51 51 51 51 51 51 5 3 1 0 0 1 1 1 1 0 1 0 0 1 1 0 0 0 0 0 0 0 1 1 
0 0 0 0 0 0 0 1 1 0 0 1 0 0 0 1 2 1 0 1 2 1 1 2 2 2 2 0 0 0 1 51 51 51 51 51 51 51 51 51 51 51 51 51 51 51 51 51 51 51 51 51 51 51 51 51 5 2 0 0 0 2 2 1 1 0 0 0 0 0 0 1 0 0 0 0 0 0 1 1 
0 0 0 0 0 0 0 1 1 1 1 1 0 0 1 3 3 1 0 2 4 2 2 3 4 3 2 1 0 0 1 51 51 51 51 51 51 51 51 51 51 51 51 51 51 51 51 51 51 51 51 51 51 51 51 51 15 15 0 0 0 2 1 1 1 0 0 0 0 0 0 1 0 0 1 0 0 0 1 1 
0 0 0 0 0 0 0 1 1 1 1 0 0 0 1 4 3 1 0 2 5 3 3 4 5 4 3 1 0 0 1 51 51 51 51 51 51 51 51 51 51 51 51 51 51 51 51 51 51 51 51 51 51 51 51 51 15 15 15 0 0 1 1 0 0 0 1 0 0 0 0 0 0 0 0 0 0 0 0 1 
0 0 0 0 0 1 0 1 1 1 1 0 0 0 1 2 2 0 0 1 3 2 2 3 3 2 2 3 2 0 0 51 51 51 51 51 51 51 51 51 51 51 51 51 51 51 51 51 51 51 51 51 51 51 51 51 15 15 15 15 15 0 0 0 0 0 2 1 0 0 1 0 0 0 0 1 0 0 0 0 
0 1 1 0 1 2 0 0 0 1 2 0 0 0 1 0 0 0 0 0 1 1 2 1 1 0 0 5 4 0 0 51 51 51 51 51 51 51 51 51 51 51 51 51 51 51 51 51 51 51 51 51 51 51 51 51 15 15 15 15 15 15 0 0 0 1 2 1 0 0 1 0 1 0 0 1 0 0 0 0 
0 1 1 0 1 2 1 1 0 1 2 1 0 0 1 0 0 0 0 0 0 1 1 1 0 1 0 4 3 0 0 51 51 51 51 51 51 51 51 51 51 51 51 51 51 51 51 51 51 51 51 51 51 51 51 51 15 15 15 15 15 15 15 0 0 1 2 1 0 0 1 1 1 1 0 0 0 0 0 0 
0 2 1 0 0 1 1 1 1 0 1 1 0 0 1 1 0 0 0 1 1 0 1 1 1 3 0 2 2 1 0 51 51 51 51 51 51 51 51 51 51 51 51 51 51 51 51 51 51 51 51 51 51 51 51 51 15 15 15 15 15 15 15 15 0 1 2 1 0 0 1 1 2 1 0 0 0 0 0 0 
0 2 1 0 0 0 2 2 1 0 1 2 1 0 1 1 0 0 0 1 1 0 1 0 1 4 0 0 1 1 0 51 51 51 51 51 51 51 51 51 51 51 51 51 51 51 51 51 51 51 51 51 51 51 51 51 15 15 15 15 15 15 15 15 15 1 1 1 0 0 1 1 1 0 0 0 0 0 0 0 
0 1 1 1 1 1 1 1 1 1 1 1 1 0 0 0 0 0 0 0 0 0 0 0 1 4 0 0 0 1 0 51 51 51 51 51 51 51 51 51 51 51 51 51 51 51 51 51 51 51 51 51 51 51 51 51 15 15 15 15 15 15 15 15 15 15 0 0 0 0 0 2 1 0 0 1 0 0 0 0 
0 0 1 1 2 1 0 0 1 1 1 1 1 0 0 0 0 0 0 0 0 0 0 0 1 4 0 0 0 0 0 51 51 51 51 51 51 51 51 51 51 51 51 51 51 51 51 51 51 51 51 51 51 51 51 51 15 15 15 15 15 15 15 15 15 15 15 0 3 4 1 2 1 0 0 1 0 0 0 1 
2 0 0 1 1 1 0 0 0 1 1 2 1 1 1 0 0 0 0 0 0 0 0 0 1 3 0 0 0 0 51 51 51 51 51 51 51 51 51 51 51 51 51 51 51 51 51 51 51 51 51 51 51 51 51 51 15 15 15 15 15 15 15 15 15 15 15 15 6 9 1 1 0 0 0 1 0 0 0 1 
4 0 0 0 1 1 1 0 0 1 2 2 1 2 2 0 1 0 0 0 0 0 0 0 0 1 0 0 0 0 51 51 51 51 51 51 51 51 51 51 51 51 51 51 51 51 51 51 51 51 51 51 51 51 51 51 15 15 15 15 15 15 15 15 15 15 15 15 15 12 2 2 0 0 0 1 0 0 0 2 
5 1 0 0 0 1 1 0 0 1 2 3 2 2 3 0 2 1 0 0 0 0 0 0 0 0 0 0 0 1 51 51 51 51 51 51 51 51 51 51 51 51 51 51 51 51 51 51 51 51 51 51 51 51 51 51 15 15 15 15 15 15 15 15 15 15 15 15 15 15 1 3 1 0 0 1 0 1 1 1 
3 0 0 0 0 1 1 0 0 1 2 2 2 2 2 1 6 2 0 0 0 0 0 0 0 0 0 0 0 1 51 51 51 51 51 51 51 51 51 51 51 51 51 51 51 51 51 51 51 51 51 51 51 51 51 51 15 15 15 15 15 15 15 15 15 15 15 15 15 15 15 5 2 0 0 1 0 1 1 1 
1 0 0 0 1 0 1 0 0 1 1 2 2 2 1 1 10 4 0 0 0 0 0 0 0 0 0 1 0 1 51 51 51 51 51 51 51 51 51 51 51 51 51 51 51 51 51 51 51 51 51 51 51 51 51 51 15 15 15 15 15 15 15 15 15 15 15 15 15 15 15 16 1 0 0 1 0 2 3 2 
0 0 0 1 1 1 0 0 1 1 1 2 2 1 1 9 4 0 0 0 0 1 0 0 0 0 1 0 0 51 51 51 51 51 51 51 51 51 51 51 51 51 51 51 51 51 51 51 51 51 51 51 51 51 51 15 15 15 15 15 15 15 15 15 15 15 15 15 15 15 15 1 0 0 0 0 3 4 3 0 
0 0 0 1 2 0 0 0 0 0 1 1 2 2 1 8 3 0 0 0 1 1 1 0 0 0 1 0 0 51 51 51 51 51 51 51 51 51 51 51 51 51 51 51 51 51 51 51 51 51 51 51 51 51 51 15 15 15 15 15 15 15 15 15 15 15 15 15 15 15 15 16 1 1 0 0 3 4 3 0 
0 0 1 2 3 1 0 0 0 0 0 1 2 2 2 6 2 0 1 0 1 2 1 1 0 0 1 1 0 51 51 51 51 51 51 51 51 51 51 51 51 51 51 51 51 51 51 51 51 51 51 51 51 51 51 15 15 15 15 15 15 15 15 15 15 15 15 15 15 15 15 16 16 33 0 0 2 2 2 0 
0 0 1 2 3 2 0 0 0 0 0 1 2 2 1 3 1 0 1 2 2 1 1 0 0 0 2 1 0 51 51 51 51 51 51 51 51 51 51 51 51 51 51 51 51 51 51 51 51 51 51 51 51 51 51 15 15 15 15 239 15 138 81 48 75 84 74 75 75 15 15 83 82 84 69 72 72 82 42 81 
74 9 1 2 13 3 76 0 0 75 0 76 2 76 3 80 12 83 49 79 2 1 0 0 0 0 3 2 0 1 51 51 51 51 51 51 51 51 51 51 51 51 51 51 51 51 51 234 51 55 51 52 51 137 51 15 15 15 15 15 15 25 255 191 53 84 122 65 83 15 15 24 76 84 64 61 82 30 72 18 
74 0 1 2 12 3 1 0 1 1 1 1 11 1 52 0 84 0 84 34 2 1 0 0 0 0 2 2 0 1 51 51 51 51 51 51 51 51 51 51 51 51 51 51 51 51 51 51 51 51 255 255 51 231 76 15 15 15 15 255 96 61 71 15 15 84 15 15 15 15 15 79 80 16 17 0 0 1 1 0 
74 0 1 2 51 2 57 0 1 56 1 57 2 60 7 69 18 80 51 80 1 1 1 1 1 0 1 1 1 0 51 51 51 51 51 51 51 51 51 51 51 51 51 51 51 51 51 51 51 51 51 51 51 51 51 15 15 15 15 15 15 15 15 15 15 15 15 15 15 15 15 15 15 16 16 0 1 1 1 0 
0 0 1 2 1 2 1 0 1 2 2 2 1 0 1 1 0 0 1 2 0 1 1 1 1 0 1 1 1 0 51 51 51 51 51 51 51 51 51 51 51 51 51 51 51 51 51 51 51 51 51 51 51 51 51 15 15 15 15 39 78 15 77 29 67 84 84 74 83 84 80 18 83 83 59 42 74 1 1 0 
0 82 28 1 1 1 0 102 89 101 1 1 92 0 1 1 0 1 1 1 95 0 1 1 0 0 1 1 0 1 1 51 51 51 51 51 51 51 51 51 51 51 51 51 51 51 51 51 51 51 51 51 51 51 51 15 15 15 15 59 15 15 15 41 24 84 84 15 36 84 24 49 19 18 59 46 0 0 0 74 
0 11 84 0 1 1 0 102 0 1 0 102 1 0 1 1 0 1 2 102 1 0 1 1 0 0 1 1 0 1 0 51 51 51 51 51 51 51 51 51 51 51 51 51 51 51 51 51 51 51 51 51 51 51 51 15 15 15 15 43 64 15 15 15 15 15 15 15 15 84 15 15 15 16 16 16 17 0 0 1 
0 40 57 17 1 1 0 51 51 0 0 0 0 0 1 1 1 1 1 0 51 51 0 1 0 0 0 1 1 1 0 34 51 51 51 51 51 51 51 51 51 51 51 51 51 51 51 51 51 51 51 51 51 51 51 51 51 51 51 51 51 51 51 51 51 51 51 51 51 51 51 51 51 51 51 51 51 51 51 51 
51 51 51 51 51 51 51 51 51 51 51 51 51 51 51 51 51 51 51 51 51 51 51 51 51 51 51 51 51 51 51 51 51 51 51 51 51 51 51 51 51 51 51 51 51 51 51 51 51 51 51 51 51 51 51 51 51 51 51 51 51 51 51 51 51 51 51 51 51 51 51 51 51 51 51 51 51 51 51 51 
51 51 51 51 51 51 51 51 51 51 51 51 51 51 51 51 51 51 51 51 51 51 51 51 51 51 51 51 51 51 51 51 51 51 51 51 51 51 51 51 51 51 51 51 51 51 51 51 51 51 51 51 51 51 51 51 51 51 51 51 51 51 51 51 51 51 51 51 51 51 51 51 51 51 51 51 51 51 51 51 
