94 94 94 95 95 95 95 95 95 96 96 96 96 96 96 96 96 96 96 96 96 96 97 97 97 97 97 97 97 97 97 97 97 97 97 97 97 97 97 97 97 97 97 98 98 98 98 98 98 98 99 99 99 99 99 100 100 100 100 100 100 101 101 101 101 102 102 102 102 102 103 103 103 103 103 103 104 104 103 103 
94 94 94 94 95 95 95 95 95 95 95 95 96 96 96 96 96 96 96 96 96 96 96 96 96 96 96 97 97 97 97 97 97 97 96 96 96 96 96 97 97 97 97 97 97 97 98 98 98 98 98 98 99 99 99 99 99 100 100 100 100 100 101 101 101 101 101 102 102 102 102 103 103 103 103 103 103 103 103 103 
93 94 94 94 94 95 95 95 95 95 95 95 95 95 96 96 96 96 96 96 96 96 96 96 96 96 96 96 96 96 97 97 97 97 96 96 96 96 96 96 96 96 97 97 97 97 97 97 98 98 98 98 98 98 99 99 99 99 99 100 100 100 100 101 101 101 101 101 102 102 102 102 103 103 103 103 103 103 103 103 
93 93 94 94 94 94 95 95 95 95 95 95 95 95 95 96 96 96 96 96 96 96 96 96 96 96 96 96 96 96 97 97 97 97 97 96 96 96 96 96 96 96 96 96 96 96 97 97 97 97 97 98 98 98 98 98 99 99 99 99 100 100 100 100 100 101 101 101 101 102 102 102 102 102 102 102 102 102 102 103 
93 93 93 94 94 94 95 95 95 95 95 95 95 95 96 96 96 96 96 96 96 96 96 96 96 96 96 96 96 97 97 97 97 97 97 97 96 96 96 96 96 96 96 96 96 96 96 96 96 97 97 97 97 98 98 98 98 98 99 99 99 99 100 100 100 100 101 101 101 101 101 101 101 101 101 102 102 102 102 102 
93 93 93 93 94 94 94 95 95 95 95 95 95 96 96 96 96 96 96 96 96 96 96 96 96 96 96 96 97 97 97 97 97 97 97 97 97 96 96 96 96 96 96 95 95 95 95 96 96 96 96 97 97 97 97 97 98 98 98 98 99 99 99 99 100 100 100 100 100 101 101 101 101 101 101 101 101 102 102 102 
94 94 94 94 94 94 95 95 95 95 95 95 96 96 96 96 96 96 96 96 96 96 96 96 96 96 96 97 97 97 97 97 97 97 97 97 97 96 96 96 96 96 96 95 95 95 95 95 95 96 96 96 96 96 97 97 97 97 98 98 98 98 99 99 99 99 100 100 100 100 100 100 100 101 101 101 101 101 101 101 
94 94 94 95 95 95 95 95 95 95 96 96 96 96 97 97 97 97 97 97 97 97 97 97 97 97 97 97 97 97 97 97 97 97 97 97 97 97 96 96 96 96 96 96 96 95 95 95 95 95 95 95 96 96 96 96 97 97 97 97 98 98 98 98 99 99 99 99 99 99 99 100 100 100 100 100 101 101 101 101 
95 95 95 95 95 95 95 96 96 96 96 97 97 97 97 97 97 97 97 98 98 98 98 98 98 98 98 97 97 97 97 98 98 97 97 97 97 97 96 96 96 96 96 96 96 96 95 95 95 95 95 95 95 95 95 96 96 96 97 97 97 97 98 98 98 98 98 99 99 99 99 99 100 100 100 100 100 100 101 101 
96 96 96 96 96 96 96 96 97 97 97 97 97 98 98 98 98 98 99 99 99 99 99 98 98 98 98 98 98 98 97 98 98 97 97 97 97 97 97 97 96 96 96 96 96 96 96 95 95 95 95 95 95 95 95 95 96 96 96 96 97 97 97 97 98 98 98 98 98 99 99 99 99 100 100 100 100 100 100 100 
96 96 96 96 96 97 97 97 97 98 98 98 98 98 98 98 99 99 99 99 99 99 99 99 99 99 98 98 98 98 98 98 98 98 97 97 97 97 97 97 97 96 96 96 96 96 96 96 95 95 95 95 95 95 95 95 95 95 96 96 96 96 97 98 98 98 98 99 99 99 99 99 100 100 100 100 100 100 100 99 
97 97 97 97 97 97 98 98 98 98 98 99 99 99 99 99 99 99 99 99 99 99 99 99 99 99 99 99 99 99 99 99 99 98 98 98 98 98 98 97 97 97 97 97 97 97 96 96 96 96 96 96 96 96 96 96 96 96 96 97 97 97 97 98 98 98 99 99 99 99 99 99 99 99 99 99 99 99 99 99 
98 98 98 98 98 98 99 99 99 99 99 100 100 100 100 100 100 100 99 99 99 99 99 99 99 99 99 99 99 99 99 99 99 99 99 99 98 98 98 98 98 98 97 97 97 97 97 97 97 97 97 97 97 97 97 97 97 97 97 97 97 97 98 98 98 98 99 99 99 99 99 99 99 99 99 98 98 98 98 98 
98 98 99 99 99 99 99 100 100 100 100 100 100 100 100 100 100 100 100 100 100 100 100 100 100 99 99 99 99 99 99 99 100 100 99 99 99 99 99 98 98 98 98 98 98 97 97 97 97 97 97 97 97 97 97 97 97 97 97 97 97 98 98 98 98 98 98 98 98 98 98 98 98 98 98 98 97 97 97 96 
95 96 96 97 98 99 100 100 101 101 100 100 100 100 100 100 100 100 100 100 100 100 100 100 100 99 99 99 99 99 99 99 99 99 100 100 99 99 99 99 99 98 98 98 98 98 98 98 97 97 97 97 97 97 97 97 97 97 98 98 98 98 98 98 98 98 98 98 98 98 98 98 98 97 97 97 97 96 96 95 
92 93 94 94 95 96 97 98 99 99 100 100 100 100 100 100 100 100 100 100 100 100 100 100 99 99 99 99 99 99 99 99 99 99 99 99 99 99 99 99 99 99 98 98 98 98 98 98 98 97 97 97 97 97 97 97 97 98 98 98 98 98 98 98 98 98 98 98 98 98 98 97 97 97 97 96 96 95 95 95 
88 89 90 91 92 93 94 95 95 96 97 98 98 98 99 100 100 100 100 100 100 100 99 99 99 99 99 99 99 99 99 99 99 99 99 99 99 99 99 98 98 98 98 98 98 98 98 97 97 97 97 97 97 97 97 98 98 98 98 98 98 98 98 98 98 98 98 98 98 98 97 97 97 96 96 96 96 95 95 94 
84 85 87 88 89 90 91 91 92 93 94 94 95 96 96 97 97 98 98 99 99 99 99 99 99 99 99 99 99 99 98 98 98 98 98 98 98 98 98 98 98 98 97 97 97 97 97 97 97 97 97 97 97 98 98 98 98 98 98 98 98 98 98 98 98 98 98 98 98 98 97 97 97 96 96 95 95 95 94 94 
81 82 83 84 85 86 87 88 89 90 91 91 92 93 94 94 95 95 96 96 97 97 97 98 98 98 98 98 98 98 98 97 97 97 97 97 97 97 97 97 97 97 97 96 96 97 97 97 97 97 97 98 98 98 98 98 98 98 98 98 98 98 98 98 98 98 98 97 97 97 97 97 96 96 95 95 94 94 94 93 
74 75 77 78 80 82 83 84 85 87 88 89 89 90 91 92 92 93 94 94 95 95 95 95 96 96 96 96 96 96 96 96 96 96 96 96 96 96 96 96 96 96 96 96 96 97 97 97 97 97 97 97 97 97 97 97 97 98 98 98 98 98 98 98 98 98 97 97 97 97 96 96 95 95 95 95 94 94 94 94 
66 66 66 66 66 66 66 66 66 66 66 66 66 66 66 66 66 66 66 66 66 66 66 66 66 66 66 66 66 66 66 66 66 66 66 66 66 66 66 66 66 66 66 66 66 66 66 66 66 66 66 66 66 66 66 66 66 66 66 66 66 66 66 66 66 66 66 66 66 66 66 66 66 66 66 66 66 66 66 66 
70 72 73 75 77 79 80 82 84 85 87 88 89 91 92 92 93 93 93 93 94 94 94 94 95 95 95 95 96 96 96 96 96 97 97 97 97 97 97 97 97 97 97 97 98 98 98 98 99 99 99 100 99 99 99 99 98 98 98 98 97 97 97 97 98 99 99 100 102 65 37 40 42 44 46 48 50 50 50 50 
77 78 80 81 82 84 85 86 87 89 90 91 92 92 93 93 94 94 94 94 94 94 95 95 95 95 95 95 95 96 96 96 97 97 97 98 98 99 99 100 101 103 105 107 109 111 112 113 114 115 116 117 118 118 119 119 120 121 97 31 32 32 33 33 34 34 34 33 33 33 32 32 34 37 41 44 48 52 56 60 
69 71 74 77 80 82 83 84 85 85 86 86 87 88 89 90 90 91 91 92 92 93 93 93 94 94 94 94 95 95 95 98 99 101 103 105 107 109 111 113 114 116 119 120 121 122 123 123 124 125 125 126 127 127 128 129 129 46 48 49 51 52 53 54 54 55 56 57 58 59 59 59 59 59 59 59 59 59 59 59 
70 72 74 75 77 79 83 88 92 96 99 103 106 109 112 115 117 119 120 121 122 123 123 124 124 125 126 127 127 127 126 125 124 124 123 123 123 124 124 124 125 125 126 126 126 126 104 92 93 95 97 100 102 104 106 108 111 112 113 114 115 116 118 118 119 119 119 119 118 117 115 113 111 108 104 99 95 90 86 85 
83 84 84 85 89 94 99 104 109 113 116 118 120 121 122 122 123 124 125 126 126 125 123 120 119 117 115 115 114 114 114 113 113 113 113 114 114 114 115 116 118 119 121 121 121 120 112 106 101 100 102 103 110 113 114 115 115 116 117 118 120 120 121 121 121 121 121 121 121 121 121 122 121 119 117 115 114 113 121 89 
89 89 89 89 89 89 89 89 89 89 89 89 89 89 83 113 110 108 106 103 100 97 95 93 92 90 90 90 91 91 91 91 92 93 95 97 98 100 102 104 106 108 109 111 113 113 96 84 87 89 100 105 105 105 105 105 105 106 106 106 106 106 107 108 108 109 110 111 112 113 115 116 117 119 120 122 121 119 122 89 
89 89 89 89 89 89 89 89 89 89 89 89 89 89 54 72 71 69 67 65 62 59 55 54 54 54 54 54 54 54 54 54 54 54 54 54 54 54 54 54 54 54 54 54 54 54 54 54 54 54 54 54 54 54 54 54 54 54 54 54 54 54 54 54 54 54 54 54 54 54 54 54 54 54 54 54 54 54 54 54 
89 89 89 67 64 64 63 62 62 63 61 57 58 59 63 68 74 79 84 88 91 92 92 93 93 92 92 91 90 88 85 83 81 80 80 89 98 95 94 94 90 90 92 92 92 91 91 92 93 93 95 94 95 99 102 101 102 104 104 106 113 126 126 125 125 126 125 126 89 89 89 89 89 89 89 89 89 89 89 89 
89 90 90 71 78 80 82 84 87 88 89 90 94 96 98 101 104 107 109 110 111 111 110 107 103 100 98 95 92 90 88 86 84 83 82 69 0 1 0 0 0 0 14 83 90 91 90 86 93 92 91 91 92 91 92 92 93 88 74 78 83 87 91 94 97 99 100 110 89 89 89 89 89 89 90 90 90 90 90 90 
90 90 90 84 114 116 117 118 119 118 117 116 116 116 115 116 116 116 114 112 110 109 107 104 102 99 97 94 92 91 90 88 87 85 83 69 0 1 0 0 0 0 0 0 1 0 0 0 15 86 86 87 90 93 95 102 108 100 100 94 88 84 80 80 79 78 77 94 90 90 90 90 90 90 90 90 90 90 90 90 
90 90 90 83 110 110 110 111 110 110 111 111 111 113 114 115 116 117 119 119 120 118 116 113 112 109 107 106 105 103 100 96 92 89 85 70 0 0 0 0 0 0 0 0 1 1 0 0 0 0 0 0 1 14 79 80 81 88 89 90 95 98 101 104 106 105 102 112 90 90 90 90 90 90 90 90 90 90 90 90 
90 90 90 77 89 90 94 99 101 103 104 106 107 109 111 113 114 115 116 117 118 119 118 117 116 113 112 110 108 106 104 101 97 92 88 71 0 0 0 1 0 0 0 0 1 1 0 0 1 0 0 2 2 1 1 1 1 0 14 82 90 85 89 90 93 88 91 110 90 90 90 90 90 90 90 90 90 90 90 90 
90 90 90 68 60 60 60 60 60 60 60 60 60 60 60 60 60 60 60 60 60 60 60 60 60 60 60 60 60 60 60 60 60 60 60 60 60 60 60 60 60 60 60 60 60 60 60 60 60 60 60 60 60 60 60 60 60 60 60 60 60 60 60 60 60 60 60 60 60 60 60 60 60 60 60 60 60 60 60 60 
56 56 54 52 50 48 53 64 74 84 94 103 103 104 105 106 106 107 106 105 104 103 102 102 100 2 0 0 1 2 0 0 2 2 1 0 0 1 1 0 1 2 8 10 1 2 1 1 1 0 2 1 0 0 1 0 1 90 90 90 90 90 90 90 90 90 90 90 91 91 91 91 91 59 63 67 69 70 68 65 
65 65 65 65 65 65 65 65 65 65 65 65 65 65 65 65 65 65 65 65 65 65 65 65 65 65 65 65 65 65 65 65 65 65 65 65 65 65 65 65 65 65 65 65 65 65 65 65 65 65 65 65 65 65 65 65 65 65 65 65 65 65 65 65 65 65 65 65 65 65 65 65 65 65 65 65 65 65 65 65 
96 96 96 96 96 96 96 96 96 96 96 96 96 96 96 96 96 96 96 96 96 96 96 96 96 96 96 96 96 96 96 96 96 96 96 96 96 96 96 96 96 96 96 96 96 96 96 96 96 96 96 96 96 96 96 96 96 96 96 96 96 96 96 96 96 96 96 96 96 96 96 96 96 96 96 96 96 96 96 96 
84 88 72 1 0 0 0 1 1 1 1 1 0 0 0 0 0 0 0 1 0 0 0 0 0 0 0 0 1 0 0 0 0 0 30 91 91 91 91 91 91 91 91 91 91 91 91 91 91 91 75 73 59 65 74 86 76 63 51 42 39 44 52 63 65 64 77 79 74 64 77 89 98 103 102 100 99 99 100 103 
105 108 86 0 0 0 0 1 1 1 1 1 0 0 0 0 0 0 0 0 0 0 0 0 0 0 0 0 1 0 0 0 0 0 30 91 91 91 91 91 91 91 91 91 91 91 91 92 92 92 75 77 83 87 73 67 68 71 72 74 65 59 60 63 67 70 71 66 64 64 67 69 68 64 70 73 75 75 74 72 
72 74 64 0 0 0 0 0 0 1 1 1 0 0 0 0 0 0 0 0 0 0 0 0 0 0 0 1 0 0 0 0 0 0 30 91 91 91 91 91 91 91 91 91 92 92 92 92 92 92 61 0 13 76 81 90 86 80 80 80 80 80 80 80 80 80 80 80 80 80 80 80 80 80 80 80 80 80 80 80 
1 1 0 0 0 0 0 0 0 0 0 0 0 0 0 0 1 0 0 1 1 0 0 0 91 91 91 92 92 92 92 92 92 92 92 92 92 92 92 92 0 0 0 1 1 1 76 70 76 86 93 104 98 96 106 100 91 80 70 71 81 85 85 85 85 85 85 85 85 85 85 85 85 85 85 85 85 85 85 85 
0 0 0 1 0 0 0 0 0 0 0 0 0 1 1 1 0 1 1 1 2 1 0 0 0 0 0 0 0 0 0 0 1 0 0 1 4 4 1 26 68 67 72 75 83 91 96 99 103 107 111 113 112 125 133 134 130 127 127 129 112 53 2 1 1 1 1 1 1 0 0 0 0 0 0 0 0 0 0 0 
0 0 0 1 1 0 0 0 0 0 0 0 0 1 1 1 1 1 1 0 0 1 0 0 0 1 0 0 0 0 0 1 1 0 0 0 2 1 1 1 1 27 68 67 69 71 79 90 95 96 98 102 106 110 115 119 119 125 129 130 132 66 3 1 0 0 0 0 1 1 0 0 0 0 0 1 0 0 0 0 
0 0 0 0 1 0 0 0 0 0 0 0 0 1 0 0 1 1 0 0 0 1 1 0 0 1 0 0 0 0 1 1 0 0 0 0 1 0 0 1 1 1 1 25 68 68 68 69 79 89 95 95 93 94 99 105 111 111 115 119 121 64 3 1 0 0 0 1 1 1 0 0 0 0 0 1 0 0 0 0 
0 0 0 0 1 0 0 0 0 0 0 0 0 1 0 0 0 0 0 0 0 1 1 0 0 1 1 1 1 2 2 2 0 0 0 0 0 0 0 1 1 1 0 0 29 72 72 69 69 76 87 95 91 84 81 83 88 97 108 112 113 63 3 0 0 0 1 2 1 1 0 0 0 0 0 0 0 0 0 0 
0 0 0 0 1 0 0 0 0 0 0 0 0 1 1 1 1 0 0 0 2 3 1 0 1 3 2 2 2 3 3 2 1 0 0 0 0 0 1 1 1 1 0 0 0 0 30 76 72 68 69 79 95 92 80 68 64 67 85 102 110 63 2 0 0 0 1 1 1 1 0 0 0 0 0 0 0 0 0 0 
0 0 0 0 1 0 0 0 0 0 0 0 0 1 1 1 0 0 0 0 3 3 1 0 1 4 3 3 3 4 4 3 1 0 0 0 0 0 1 0 0 0 0 0 0 0 3 31 74 74 69 66 63 73 82 79 78 78 78 78 78 78 78 78 78 78 78 78 78 78 78 78 78 78 78 78 78 78 78 78 
1 0 0 0 1 1 0 0 0 0 0 0 0 0 0 1 1 1 1 0 0 1 4 2 0 0 0 0 0 0 0 0 0 0 0 15 15 15 15 28 77 80 72 65 64 67 74 76 69 63 53 1 0 0 0 0 0 0 0 0 1 1 0 0 0 0 0 0 0 0 0 0 0 0 0 0 1 0 0 1 
1 1 0 0 1 1 0 0 0 0 0 0 0 0 0 0 1 1 0 0 0 1 3 2 0 0 0 0 0 0 0 0 0 0 15 15 15 15 15 15 15 29 78 79 72 61 59 67 75 74 58 0 0 0 1 0 0 0 0 0 1 1 0 0 0 1 1 1 0 0 0 0 0 0 0 0 1 0 0 0 
1 1 1 0 0 1 0 0 0 1 0 0 0 0 1 0 0 1 1 1 2 0 2 1 0 0 0 0 0 0 0 0 15 15 15 15 15 15 15 15 15 15 29 77 79 75 63 63 63 63 63 63 63 63 63 63 63 63 63 63 63 63 63 63 63 63 63 63 63 63 63 63 63 63 63 63 63 63 63 63 
0 0 0 0 0 0 0 0 1 4 0 0 0 1 0 0 0 0 0 15 15 15 15 15 15 15 15 15 15 15 15 15 15 15 15 77 78 83 83 83 83 83 83 83 83 83 83 83 83 83 83 83 83 83 83 83 83 83 83 83 83 83 83 83 83 83 83 83 83 83 83 83 83 83 83 83 83 83 83 83 
0 0 0 0 0 0 0 15 15 15 15 15 15 15 15 15 15 15 15 15 15 15 15 15 42 41 105 72 78 46 1 1 1 1 1 1 1 1 1 0 0 4 8 3 1 0 0 0 0 0 0 0 0 3 1 0 0 0 1 1 0 0 0 1 2 1 1 2 0 0 0 0 0 0 0 0 0 0 0 0 
0 0 0 0 0 0 15 15 15 15 15 15 15 15 15 15 15 15 15 15 15 16 20 15 15 106 45 15 36 40 1 1 1 1 1 1 1 1 1 0 0 5 10 5 2 0 0 0 0 0 0 0 1 4 2 0 0 0 0 1 0 0 0 1 2 2 2 2 1 1 1 0 0 0 0 0 0 0 0 0 
0 0 0 0 0 15 15 15 15 15 15 15 15 15 15 15 15 15 15 15 15 28 17 15 15 15 15 15 15 15 1 1 1 1 1 2 1 1 1 1 0 3 6 3 2 1 0 0 0 0 0 1 1 2 1 0 0 0 0 1 0 0 0 1 2 2 2 2 1 4 3 0 0 0 0 0 0 0 0 0 
0 0 0 0 15 15 15 15 15 15 15 15 15 15 15 15 15 15 15 15 15 44 49 17 15 15 15 15 15 15 0 1 2 0 1 2 1 1 0 0 1 1 1 1 3 3 0 0 0 0 0 1 1 1 0 0 0 0 0 0 0 0 0 1 1 2 2 1 1 7 6 1 0 0 0 0 0 0 0 0 
0 0 0 15 15 15 15 15 15 15 15 15 15 15 15 15 15 15 15 15 15 15 15 15 15 15 15 15 15 0 1 1 0 0 1 1 0 0 0 1 1 0 0 2 2 0 0 0 0 1 2 2 0 0 0 0 0 1 1 0 0 0 1 1 1 2 1 1 6 5 1 0 0 0 0 0 0 0 0 0 
0 0 15 15 15 15 15 15 15 15 15 15 15 15 15 15 15 15 15 15 47 17 48 17 18 20 29 16 15 0 0 1 0 0 1 1 0 0 0 1 1 0 0 1 1 0 0 0 0 2 3 3 1 0 0 0 0 1 0 0 0 0 0 0 1 1 2 1 5 4 1 0 0 0 1 1 0 0 0 0 
0 0 15 15 15 15 15 15 15 15 15 15 15 15 15 15 15 15 15 15 15 15 15 49 51 21 45 48 17 0 0 0 0 0 1 1 0 0 0 1 1 0 0 0 0 1 1 0 0 2 3 3 1 0 0 0 1 2 1 0 0 0 0 0 0 1 2 2 4 3 0 0 0 0 1 1 1 0 0 0 
0 15 15 15 15 15 15 15 15 15 15 15 15 15 15 15 15 15 15 15 49 28 15 15 15 15 15 15 16 1 0 0 2 2 1 1 0 0 0 0 1 1 0 0 0 1 17 16 0 1 2 2 0 0 0 0 1 2 2 0 0 0 0 0 0 1 2 1 2 1 0 0 1 2 1 1 0 0 0 1 
0 15 15 15 15 15 15 15 15 15 15 15 15 15 15 15 15 15 15 15 15 15 15 15 15 15 15 15 17 2 0 1 159 81 84 96 62 53 77 78 72 73 37 0 41 82 83 77 71 72 77 62 62 77 42 5 1 7 8 39 38 0 37 37 38 39 39 40 41 46 47 66 64 41 1 0 0 0 0 0 
15 15 15 15 15 15 15 15 15 15 15 15 15 15 15 15 15 15 15 15 169 78 51 18 48 51 88 78 19 1 0 1 4 3 7 176 207 96 58 112 82 72 42 0 5 42 79 74 63 72 56 51 45 46 37 0 1 7 8 1 0 0 1 1 1 6 6 26 26 42 42 42 59 18 1 0 0 0 0 0 
15 15 15 15 15 15 15 15 15 15 15 15 15 15 15 15 15 15 15 15 49 51 51 187 255 119 167 127 26 1 0 0 170 142 57 62 34 0 42 43 1 1 1 0 39 79 41 0 0 0 0 1 0 37 37 0 1 26 26 29 28 0 28 28 29 30 31 34 38 43 49 65 65 40 1 1 1 1 0 0 
15 15 15 15 15 15 15 15 15 15 15 15 15 15 15 15 15 15 15 15 49 51 17 15 15 15 49 51 17 0 0 0 2 1 0 0 0 0 0 1 1 1 1 0 0 0 1 0 0 0 1 1 0 0 0 0 1 1 1 1 0 0 1 2 2 1 0 0 1 0 0 0 1 0 0 1 1 1 0 15 
15 15 15 15 15 15 15 15 15 15 15 15 15 15 15 15 15 15 15 15 15 15 15 15 15 15 15 49 17 0 0 0 16 54 38 38 47 40 74 84 78 78 84 82 41 43 83 68 42 53 37 1 0 0 0 0 40 43 2 0 51 95 95 51 1 46 46 0 1 0 0 1 1 48 47 0 1 0 0 15 
15 15 15 15 15 15 15 15 15 15 15 15 15 15 15 15 15 15 15 15 49 51 48 37 16 15 15 49 17 0 0 0 27 27 0 0 16 21 47 84 42 14 55 48 26 25 8 29 44 18 0 0 0 0 30 30 0 36 37 0 51 51 0 0 51 51 0 0 1 0 0 1 51 51 0 0 1 0 0 15 
15 15 15 15 15 15 15 15 15 15 15 15 15 15 15 15 15 15 15 32 51 48 41 26 15 32 51 34 0 0 0 1 36 60 0 0 0 0 1 0 0 0 85 0 1 3 2 0 0 0 0 0 4 0 0 0 74 9 0 0 102 0 0 0 0 0 1 1 1 1 1 0 0 102 0 1 0 15 15 15 
15 15 15 15 15 15 15 15 15 15 15 15 15 15 15 15 15 15 15 15 51 51 15 15 15 15 51 51 51 51 51 51 51 51 51 51 51 51 51 51 51 51 51 51 51 51 51 51 51 51 51 51 51 51 51 51 51 51 51 51 51 51 51 51 51 51 51 51 51 51 51 51 51 51 51 51 51 51 51 51 
51 51 51 51 51 51 51 51 51 51 51 51 51 51 51 51 51 51 51 51 51 51 51 51 51 51 51 51 51 51 51 51 51 51 51 51 51 51 51 51 51 51 51 51 51 51 51 51 51 51 51 51 51 51 51 51 51 51 51 51 51 51 51 51 51 51 51 51 51 51 51 51 51 51 51 51 51 51 51 51 
51 51 51 51 51 51 51 51 51 51 51 51 51 51 51 51 51 51 51 51 51 51 51 51 51 51 51 51 51 51 51 51 51 51 51 51 51 51 51 51 51 51 51 51 51 51 51 51 51 51 51 51 51 51 51 51 51 51 51 51 51 51 51 51 51 51 51 51 51 51 51 51 51 51 51 51 51 51 51 51 
51 51 51 51 51 51 51 51 51 51 51 51 51 51 51 51 51 51 51 51 51 51 51 51 51 51 51 51 51 51 51 51 51 51 51 51 51 51 51 51 51 51 51 51 51 51 51 51 51 51 51 51 51 51 51 51 51 51 51 51 51 51 51 51 51 51 51 51 51 51 51 51 51 51 51 51 51 51 51 51 
51 51 51 51 51 51 51 51 51 51 51 51 51 51 51 51 51 51 51 51 51 51 51 51 51 51 51 51 51 51 51 51 51 51 51 51 51 51 51 51 51 51 51 51 51 51 51 51 51 51 51 51 51 51 51 51 51 51 51 51 51 51 51 51 51 51 51 51 51 51 51 51 51 51 51 51 51 51 51 51 
51 51 51 51 51 51 51 51 51 51 51 51 51 51 51 51 51 51 51 51 51 51 51 51 51 51 51 51 51 51 51 51 51 51 51 51 51 51 51 51 51 51 51 51 51 51 51 51 51 51 51 51 51 51 51 51 51 51 51 51 51 51 51 51 51 51 51 51 51 51 51 51 51 51 51 51 51 51 51 51 
51 51 51 51 51 51 51 51 51 51 51 51 51 51 51 51 51 51 51 51 51 51 51 51 51 51 51 51 51 51 51 51 51 51 51 51 51 51 51 51 51 51 51 51 51 51 51 51 51 51 51 51 51 51 51 51 51 51 51 51 51 51 51 51 51 51 51 51 51 51 51 51 51 51 51 51 51 51 51 51 
51 51 51 51 51 51 51 51 51 51 51 51 51 51 51 51 51 51 51 51 51 51 51 51 51 51 51 51 51 51 51 51 51 51 51 51 51 51 51 51 51 51 51 51 51 51 51 51 51 51 51 51 51 51 51 51 51 51 51 51 51 51 51 51 51 51 51 51 51 51 51 51 51 51 51 51 51 51 51 51 
51 51 51 51 51 51 51 51 51 51 51 51 51 51 51 51 51 51 51 51 51 51 51 51 51 51 51 51 51 51 51 51 51 51 51 51 51 51 51 51 51 51 51 51 51 51 51 51 51 51 51 51 51 51 51 51 51 51 51 51 51 51 51 51 51 51 51 51 51 51 51 51 51 51 51 51 51 51 51 51 
51 51 51 51 51 51 51 51 51 51 51 51 51 51 51 51 51 51 51 51 51 51 51 51 51 51 51 51 51 51 51 51 51 51 51 51 51 51 51 51 51 51 51 51 51 51 51 51 51 51 51 51 51 51 51 51 51 51 51 51 51 51 51 51 51 51 51 51 51 51 51 51 51 51 51 51 51 51 51 51 
51 51 51 51 51 51 51 51 51 51 51 51 51 51 51 51 51 51 51 51 51 51 51 51 51 51 51 51 51 51 51 51 51 51 51 51 51 51 51 51 51 51 51 51 51 51 51 51 51 51 51 51 51 51 51 51 51 51 51 51 51 51 51 51 51 51 51 51 51 51 51 51 51 51 51 51 51 51 51 51 
51 51 51 51 51 51 51 51 51 51 51 51 51 51 51 51 51 51 51 51 51 51 51 51 51 51 51 51 51 51 51 51 51 51 51 51 51 51 51 51 51 51 51 51 51 51 51 51 51 51 51 51 51 51 51 51 51 51 51 51 51 51 51 51 51 51 51 51 51 51 51 51 51 51 51 51 51 51 51 51 
51 51 51 51 51 51 51 51 51 51 51 51 51 51 51 51 51 51 51 51 51 51 51 51 51 51 51 51 51 51 51 51 51 51 51 51 51 51 51 51 51 51 51 51 51 51 51 51 51 51 51 51 51 51 51 51 51 51 51 51 51 51 51 51 51 51 51 51 51 51 51 51 51 51 51 51 51 51 51 51 
51 51 51 51 51 51 51 51 51 51 51 51 51 51 51 51 51 51 51 51 51 51 51 51 51 51 51 51 51 51 51 51 51 51 51 51 51 51 51 51 51 51 51 51 51 51 51 51 51 51 51 51 51 51 51 51 51 51 51 51 51 51 51 51 51 51 51 51 51 51 51 51 51 51 51 51 51 51 51 51 
