43 43 43 42 42 41 41 40 40 40 40 40 40 39 39 39 38 38 38 38 37 37 37 36 36 36 36 35 34 35 35 34 34 34 34 33 33 32 32 32 32 32 32 32 32 33 33 33 34 34 35 35 35 36 36 36 36 36 36 36 36 36 36 36 36 36 36 37 37 38 39 39 39 40 40 41 41 41 41 41 
63 62 62 62 62 62 61 61 61 61 61 61 61 60 60 60 60 60 60 59 59 59 59 59 59 59 59 59 58 58 58 58 58 58 58 58 58 58 58 59 59 59 59 59 59 60 60 60 60 60 60 60 60 60 60 60 60 60 61 61 61 62 62 62 62 63 63 63 23 43 43 43 42 45 44 44 84 80 157 226 
249 235 177 82 62 62 61 84 181 238 247 209 123 60 60 60 66 117 234 246 180 59 59 59 73 143 223 250 237 181 86 58 58 58 97 242 218 78 59 72 147 244 174 59 101 255 255 255 255 255 255 214 60 101 255 216 67 61 77 162 241 162 63 64 84 178 248 223 57 45 48 48 48 48 48 48 48 48 48 48 
101 143 60 60 60 60 255 255 72 76 59 59 142 255 251 131 67 77 168 255 255 101 59 59 239 255 84 59 59 119 255 205 60 60 255 255 60 60 61 61 61 61 61 255 255 71 64 64 138 255 190 65 65 188 255 201 67 81 46 166 255 228 48 47 47 46 65 65 65 65 64 109 255 232 63 182 255 113 62 62 
61 61 60 60 60 255 255 59 59 59 59 255 255 74 58 58 58 58 160 255 217 59 59 239 255 84 59 59 118 255 204 59 59 255 255 60 60 60 60 60 61 61 255 255 71 64 64 139 255 190 65 66 214 255 122 67 67 50 227 255 71 49 48 48 47 66 65 65 68 152 255 255 123 63 239 255 255 255 255 255 
145 69 60 185 255 129 59 59 90 202 239 119 58 58 58 58 59 185 255 131 60 174 249 145 68 59 97 206 223 112 60 184 255 130 60 60 61 61 62 63 186 255 139 68 65 113 214 213 111 68 162 240 166 86 69 30 30 30 30 30 30 30 30 30 30 30 30 30 30 30 30 30 30 30 30 30 30 30 30 30 
115 58 59 59 59 59 101 255 215 65 98 242 219 82 60 73 150 244 174 61 102 255 255 255 255 215 65 65 66 106 255 218 78 70 86 167 242 167 72 102 223 227 111 73 36 131 244 184 66 51 51 51 90 107 255 215 68 66 66 65 65 74 140 250 197 64 64 107 253 215 69 62 103 255 213 60 60 85 195 230 
59 59 59 60 60 185 255 134 62 175 249 194 96 61 131 224 214 108 62 185 255 255 255 255 134 67 68 68 188 255 191 102 72 146 230 208 113 75 165 241 170 92 76 46 173 243 167 75 53 53 53 53 53 53 53 53 53 53 53 53 53 53 53 53 53 53 53 53 53 53 53 53 53 53 53 53 53 53 53 53 
242 209 255 255 252 205 65 65 106 255 216 68 69 70 70 72 72 111 255 243 211 255 255 252 209 79 108 225 255 255 255 226 72 78 107 193 177 56 56 55 94 69 73 101 167 178 133 72 67 67 67 67 85 159 175 124 66 65 70 114 202 255 240 181 134 62 99 240 244 174 64 62 63 104 237 235 140 62 87 180 
78 113 182 149 67 66 67 68 255 255 70 71 72 73 73 74 75 193 193 83 129 189 154 80 80 81 170 242 255 210 195 104 82 83 83 100 59 58 57 57 70 70 70 70 69 69 68 68 68 68 67 67 67 67 66 66 65 65 65 64 255 255 64 64 64 63 80 255 255 245 224 227 252 255 254 65 63 63 63 64 
65 66 67 68 69 70 109 255 248 223 223 223 223 193 77 78 79 79 80 80 80 81 81 81 81 81 81 81 81 81 81 81 81 81 81 81 81 81 81 81 81 81 81 81 81 81 81 81 81 81 81 81 81 81 81 81 81 81 81 81 81 81 81 81 81 81 81 81 81 81 81 81 81 81 81 81 81 81 81 81 
118 118 118 80 80 81 81 81 81 81 81 81 81 81 81 81 81 81 81 81 81 81 81 81 81 81 81 81 81 81 81 81 81 81 81 81 81 81 81 81 81 81 81 81 81 81 81 81 81 81 81 81 81 81 81 81 81 81 81 81 81 81 81 81 81 81 81 81 81 81 81 81 81 81 81 81 81 81 81 81 
85 87 87 88 88 89 89 90 91 71 101 102 104 81 67 66 66 97 75 75 75 75 75 75 74 74 73 73 73 73 73 73 72 72 72 72 72 72 72 71 71 71 70 70 70 70 69 69 70 70 70 70 71 71 72 72 73 74 75 76 76 77 78 78 79 79 79 80 80 81 81 81 81 81 81 81 81 81 81 81 
106 106 95 71 71 71 108 77 77 77 77 77 76 76 76 76 76 76 76 76 76 76 76 76 76 76 76 76 76 76 75 75 75 75 75 75 75 75 75 75 76 76 77 77 77 77 78 78 79 79 79 79 79 79 79 80 81 81 81 81 81 81 81 81 81 81 81 81 81 81 81 81 81 81 81 81 81 81 81 81 
79 79 79 79 79 79 79 80 80 80 80 80 80 80 80 81 80 80 80 80 80 80 80 80 80 80 81 81 81 81 81 81 81 81 81 81 81 81 81 81 81 81 81 81 81 81 81 81 81 81 81 81 81 81 81 81 81 81 81 81 81 81 81 81 81 81 81 81 81 81 81 81 81 81 81 81 81 81 81 81 
84 84 85 85 86 86 86 86 87 87 87 87 87 87 87 87 87 88 88 88 89 89 89 90 90 90 91 91 91 91 91 91 91 92 92 92 93 93 93 93 93 93 94 94 95 95 95 96 97 97 98 97 97 96 96 95 94 74 101 99 97 86 81 79 77 105 79 84 159 228 246 217 126 83 86 197 255 143 84 85 
86 87 109 183 237 246 217 133 92 90 90 102 183 242 233 157 208 250 146 91 92 134 213 251 196 118 93 93 156 223 248 235 174 113 95 95 95 95 95 153 230 201 123 97 97 97 98 200 255 153 97 97 96 199 255 150 94 72 97 184 241 115 82 79 76 104 83 194 254 255 255 255 253 138 84 197 255 141 81 83 
84 110 209 255 255 255 255 246 145 94 94 199 255 255 255 255 255 250 147 93 102 202 255 255 216 130 95 191 250 255 255 255 255 173 108 96 97 97 97 154 230 201 124 97 97 97 97 199 255 152 97 97 97 199 255 148 90 64 200 249 255 117 81 77 74 102 157 235 233 136 88 147 113 76 80 196 255 139 79 81 
212 234 139 91 94 136 253 217 91 107 186 241 168 92 93 117 221 229 119 96 97 97 97 97 98 98 98 98 115 199 239 158 97 97 97 96 127 255 223 93 91 89 120 255 218 77 82 207 216 111 56 91 87 84 117 117 255 217 76 75 74 73 72 74 74 74 74 74 74 74 74 74 74 74 74 74 74 74 74 74 
255 171 62 62 62 248 255 255 255 255 255 255 255 101 100 100 98 98 186 255 173 97 95 93 91 89 255 255 81 78 75 72 255 255 66 64 252 255 37 35 0 0 1 2 42 255 255 42 42 42 42 48 46 52 255 255 43 43 42 42 255 255 42 42 43 62 255 231 79 79 171 255 255 255 220 255 246 62 62 154 
205 107 62 62 157 241 150 83 98 98 199 255 154 98 95 95 95 152 230 200 118 88 86 83 80 193 255 136 69 67 65 187 255 129 59 155 245 120 44 30 0 1 1 43 170 255 155 61 42 42 44 45 49 174 255 128 43 42 42 170 255 133 46 42 130 228 197 89 43 43 47 68 76 108 204 236 128 62 117 214 
171 62 62 62 154 255 186 79 79 85 255 255 79 80 79 78 78 177 255 162 76 76 75 75 74 255 255 72 72 71 70 255 255 68 68 126 255 211 150 150 150 150 150 150 150 150 150 150 150 150 150 150 150 150 150 150 150 150 150 150 150 150 150 150 150 150 150 150 150 150 150 150 150 150 150 150 150 150 150 150 
123 44 43 43 43 42 114 217 189 84 43 43 43 43 170 255 255 255 164 67 170 255 141 79 50 115 227 255 85 0 1 0 42 42 42 59 125 163 113 57 42 46 128 181 122 138 124 61 42 42 72 137 162 140 140 140 140 140 140 140 140 140 140 140 140 140 140 140 140 140 140 140 140 140 140 140 140 140 140 140 
217 183 43 43 42 42 42 42 42 45 68 96 42 1 2 1 0 0 0 0 0 43 42 42 42 42 42 43 42 42 42 42 42 43 43 43 42 42 42 42 42 42 42 44 45 44 42 42 42 49 62 62 62 62 62 62 70 128 223 151 62 62 62 62 62 56 42 42 42 42 42 42 85 255 255 255 255 255 255 255 
255 212 43 42 42 42 42 42 42 81 238 212 42 1 1 0 0 0 0 0 0 43 43 42 42 42 42 43 42 42 42 43 43 43 44 43 43 42 42 42 42 42 43 43 43 42 42 43 42 49 62 62 62 62 62 62 62 62 66 76 62 62 62 62 62 56 42 43 43 42 42 42 52 89 89 89 89 90 89 89 
89 80 42 42 42 42 42 42 42 74 213 212 43 1 0 0 0 1 0 0 0 43 43 42 42 42 43 42 42 42 42 43 43 43 44 44 44 42 42 42 42 42 42 43 42 42 42 42 42 49 62 62 62 62 62 62 62 62 62 62 62 62 62 62 62 56 42 42 43 42 42 42 42 42 42 42 43 43 42 42 
42 42 42 42 42 42 42 42 42 42 43 43 43 1 0 1 4 4 1 0 0 1 1 0 0 2 1 0 0 0 1 0 0 1 4 8 7 1 1 1 1 0 0 1 0 0 0 0 0 14 41 41 41 41 41 41 41 41 41 41 41 41 41 41 41 27 0 1 1 0 0 0 0 0 0 0 1 2 1 0 
0 0 0 0 0 0 0 1 1 1 1 0 1 1 2 8 8 1 0 0 1 1 0 0 2 2 0 0 1 1 0 0 0 3 10 8 1 1 1 1 0 0 1 0 0 0 0 0 14 41 41 41 41 41 41 41 41 41 41 41 41 41 41 41 27 0 1 1 0 0 0 0 0 0 0 1 2 1 1 1 
0 0 0 0 0 0 0 0 0 0 0 0 0 0 3 9 11 3 0 0 0 1 0 0 1 1 0 0 0 0 0 0 0 2 6 5 1 0 0 1 0 0 1 0 0 0 0 0 13 41 41 41 41 41 41 41 41 41 41 41 41 41 41 41 27 0 1 1 0 0 0 0 0 0 0 1 2 1 1 1 
1 1 0 0 0 0 0 0 0 0 0 0 0 0 2 5 7 4 1 0 0 0 1 1 1 0 0 0 0 0 0 0 0 2 2 1 0 0 0 1 0 0 0 1 0 0 0 0 13 41 41 41 41 41 41 41 41 41 41 41 41 41 41 41 27 0 1 2 0 0 0 0 0 1 1 2 3 1 1 2 
2 1 0 0 0 0 0 0 0 0 0 0 0 0 0 1 2 3 0 0 0 1 1 1 1 0 0 0 0 0 0 0 0 1 1 1 0 0 0 0 0 0 1 1 0 0 0 0 13 41 41 41 41 41 41 41 41 41 41 41 41 41 41 41 27 1 1 1 0 0 0 0 0 0 1 2 2 1 1 2 
1 0 0 0 0 0 1 0 0 1 0 0 1 0 0 0 0 1 0 0 0 1 1 1 1 1 0 0 0 0 0 0 0 1 0 0 0 0 0 0 0 0 1 0 0 0 0 0 13 41 41 41 41 41 41 41 41 41 41 41 41 41 41 41 27 1 1 1 0 0 0 0 0 0 1 1 0 0 1 2 
1 0 0 0 0 0 0 0 0 1 1 1 2 1 0 0 0 0 0 0 0 1 1 1 1 1 0 0 0 0 0 0 0 0 0 0 0 0 0 0 0 0 1 0 0 0 0 0 13 41 41 41 41 41 41 41 41 41 41 41 41 41 41 41 28 1 1 0 0 0 0 0 0 0 1 0 0 0 1 1 
0 0 0 0 0 1 1 0 0 1 1 1 2 1 1 0 0 0 0 0 0 0 0 1 1 1 0 0 0 0 0 0 0 0 0 0 0 0 0 0 0 1 0 0 0 0 0 0 13 41 41 41 41 41 41 41 41 41 41 41 41 41 41 41 27 0 0 0 1 0 0 0 0 0 1 1 1 1 1 1 
0 0 0 0 0 1 1 0 0 0 1 1 1 0 0 0 0 1 0 0 0 0 0 1 1 1 1 0 0 0 0 0 0 0 0 0 0 0 0 0 0 0 0 0 1 0 0 0 13 41 41 41 41 41 41 41 41 41 41 41 41 41 41 41 27 0 0 0 1 1 1 0 0 0 1 1 1 2 1 1 
0 0 0 0 0 0 0 0 0 0 0 0 0 0 0 0 0 1 0 0 0 0 0 1 1 1 0 0 0 0 0 0 0 0 0 0 0 0 0 0 0 0 0 0 1 0 0 0 13 41 41 41 41 41 41 41 41 41 41 41 41 41 41 41 27 0 0 0 1 1 1 1 1 1 1 1 1 1 1 1 
0 0 1 1 1 0 0 0 0 0 0 0 0 0 0 0 0 0 0 0 1 1 1 1 0 0 1 0 0 0 0 0 0 0 0 0 0 0 1 0 0 0 0 0 0 0 0 0 13 41 41 41 41 41 41 41 41 41 41 41 41 41 41 41 27 0 0 1 1 1 1 2 3 1 1 2 1 0 0 1 
0 0 2 1 0 0 0 0 0 0 0 0 0 0 0 0 0 1 1 1 1 1 1 1 0 0 0 0 0 0 0 0 0 0 0 0 0 0 1 0 0 0 0 0 0 0 0 0 1 1 1 0 0 1 1 1 2 0 0 0 0 0 0 0 0 0 0 1 0 0 0 3 5 2 1 1 1 0 0 0 
0 0 2 2 0 0 0 0 0 0 0 0 0 0 0 0 1 2 1 1 43 42 42 42 42 42 42 42 42 42 42 42 42 42 42 42 42 42 42 42 42 42 42 42 42 42 42 42 42 42 42 42 42 42 42 42 42 42 42 42 42 42 42 42 42 42 42 42 42 42 42 43 43 42 42 42 42 42 42 42 
42 42 42 42 42 42 42 42 42 42 42 42 1 0 0 0 1 4 2 0 42 42 42 42 42 42 42 42 42 42 42 42 42 42 42 42 42 42 42 42 42 42 42 42 42 42 42 42 42 42 42 42 43 42 42 42 42 43 42 42 42 42 42 42 42 42 43 42 42 42 42 42 42 42 42 42 42 43 42 42 
42 42 42 42 42 42 42 42 42 42 42 43 1 0 0 1 2 4 2 0 42 42 42 42 42 42 42 42 42 42 42 42 42 42 42 42 42 42 42 42 42 42 42 42 42 42 42 42 42 42 42 42 42 42 42 42 42 43 42 42 42 43 42 42 43 43 43 43 42 42 42 42 42 42 42 42 42 42 42 42 
42 42 42 42 42 42 42 42 42 42 42 43 1 0 0 0 2 4 1 0 42 42 43 43 42 42 42 42 42 42 42 42 42 42 42 42 42 42 42 42 42 42 42 42 42 42 42 42 42 42 42 42 42 42 42 43 43 43 42 42 43 44 43 43 43 44 43 43 42 42 42 42 42 42 42 42 42 42 42 42 
42 43 43 42 42 42 42 42 42 42 42 43 0 0 0 0 2 3 0 0 42 42 43 42 42 42 42 42 42 42 42 42 42 42 42 42 42 42 42 42 42 42 42 42 42 42 42 42 42 42 42 42 42 42 42 43 44 43 42 42 44 44 43 43 44 44 44 43 42 42 42 42 42 42 42 42 42 42 42 42 
42 43 44 42 42 42 42 42 42 42 42 43 0 0 0 0 2 3 0 0 42 42 42 42 42 42 42 42 42 42 42 42 42 42 42 42 42 42 42 42 42 42 42 42 42 42 42 42 42 42 42 42 42 42 42 42 43 43 42 42 43 43 43 43 43 43 43 43 43 43 42 42 42 42 42 42 42 42 42 42 
42 42 43 42 42 42 42 42 42 42 42 42 0 0 0 0 1 2 0 0 42 42 42 42 42 42 42 43 42 42 42 42 42 42 42 42 42 42 42 42 42 42 42 42 42 42 43 42 42 42 42 43 42 42 42 42 42 42 42 42 42 42 42 43 42 42 42 43 44 44 42 42 42 42 42 42 42 42 42 42 
42 42 42 42 42 42 42 43 42 42 42 42 0 0 0 1 1 1 0 0 42 42 42 42 42 42 42 43 42 42 42 42 42 42 42 42 42 42 42 42 42 42 42 42 42 42 43 42 42 42 42 43 42 42 42 42 42 42 42 42 42 42 42 42 42 42 42 43 44 43 42 42 42 42 42 42 42 42 42 42 
42 42 42 42 42 42 42 42 42 42 42 42 0 0 1 1 1 0 0 0 43 42 42 42 42 42 42 43 42 42 42 42 42 42 42 42 42 42 42 42 42 42 43 42 42 42 42 42 42 42 42 42 42 42 42 42 42 42 42 42 42 42 42 42 42 43 43 42 43 43 42 42 42 42 42 42 42 42 42 42 
42 42 42 42 42 42 42 42 42 42 42 42 0 0 1 0 0 0 0 1 43 85 255 255 255 255 255 255 251 199 42 45 87 220 246 196 127 255 212 42 42 57 138 235 236 191 209 227 102 42 42 42 43 42 42 42 42 42 42 42 42 42 42 42 42 43 44 42 42 42 42 42 42 43 66 174 239 241 186 77 
42 85 255 212 42 42 42 42 45 82 198 243 230 145 29 0 0 0 1 1 43 85 255 255 255 255 255 255 251 199 42 85 255 255 255 255 255 255 212 42 50 117 255 255 255 255 255 227 102 42 42 42 42 42 42 42 42 42 42 42 42 42 42 42 42 43 44 42 42 42 42 42 42 82 245 255 255 255 255 215 
56 85 255 213 44 42 42 43 86 255 255 255 255 254 169 0 0 0 1 2 44 85 255 212 42 42 42 42 42 42 56 141 254 219 77 81 203 255 212 42 73 209 245 175 59 111 240 227 102 42 42 42 42 42 42 42 42 42 42 42 42 42 42 42 44 62 90 42 42 42 42 42 58 147 252 210 73 68 131 71 
43 85 255 213 45 42 42 71 199 248 193 69 36 79 28 0 0 1 1 2 44 85 255 212 42 42 42 42 43 43 65 170 240 152 42 42 85 255 212 42 84 251 213 47 42 72 203 227 102 42 42 42 43 42 42 42 42 42 42 42 42 42 42 42 42 85 225 92 42 42 42 42 75 218 225 93 42 42 42 42 
42 85 255 213 44 42 42 81 240 215 54 42 0 1 0 0 0 1 1 1 43 85 255 212 42 42 42 42 43 46 67 173 235 132 42 42 85 255 212 42 80 235 227 103 42 74 213 227 102 42 42 43 43 42 43 43 42 42 42 42 42 42 42 42 42 85 255 232 122 42 42 42 82 245 216 54 42 42 42 42 
42 85 255 213 43 42 42 85 251 255 255 255 255 255 255 170 0 1 1 1 43 85 255 212 42 42 43 42 43 47 68 173 234 131 42 42 85 255 212 42 61 155 255 252 247 249 255 227 102 42 42 43 43 43 43 43 42 43 42 42 42 83 246 246 246 247 255 255 237 140 42 42 84 253 214 46 42 42 42 42 
42 85 255 212 42 42 43 85 253 255 255 255 255 255 254 169 0 1 1 1 44 85 255 212 42 42 42 42 43 45 66 173 234 131 42 42 85 255 212 42 43 76 213 255 255 252 245 227 102 42 42 43 43 43 43 43 43 44 43 42 42 85 255 255 255 255 255 255 255 242 160 43 81 239 219 68 44 42 42 42 
42 85 255 212 43 43 43 84 245 214 48 42 2 89 253 166 0 0 1 2 44 85 255 212 42 42 42 42 42 42 64 173 234 132 42 42 85 255 212 42 42 42 45 55 58 84 218 225 94 42 42 42 43 43 43 42 44 46 44 42 42 85 255 255 255 255 255 255 255 255 224 89 72 200 237 142 46 43 43 43 
42 85 255 215 52 43 43 80 225 224 91 42 16 118 248 156 0 0 1 1 43 85 255 212 42 42 42 42 42 42 64 173 234 131 42 42 85 255 213 43 43 45 93 216 140 185 254 215 58 42 42 42 42 43 43 42 44 45 44 42 42 85 255 255 255 255 255 255 255 224 89 43 48 103 255 240 172 154 212 82 
42 85 255 247 202 120 57 53 117 255 236 157 169 255 205 70 0 0 0 1 43 85 255 212 42 42 42 42 43 42 64 173 234 131 42 42 85 255 213 44 43 70 195 255 255 255 236 136 42 42 42 42 42 42 43 43 43 45 43 42 42 48 70 70 70 107 255 254 218 68 42 42 42 53 129 255 255 255 250 193 
43 85 255 253 248 234 130 43 64 169 255 255 255 234 129 0 0 0 0 0 42 85 255 212 42 42 42 42 43 42 57 127 167 100 42 42 70 181 154 44 43 42 49 95 164 147 68 42 42 42 42 42 42 42 43 43 44 44 43 42 42 42 42 43 42 85 253 210 59 42 42 42 42 42 45 73 155 160 96 42 
42 70 181 155 74 159 114 42 42 47 85 160 121 41 0 0 0 1 0 0 0 170 255 170 127 42 42 42 42 42 42 42 42 42 43 43 42 42 43 43 43 42 42 42 42 43 43 43 42 42 42 42 42 42 43 43 43 43 42 42 42 43 43 42 42 83 206 53 43 42 42 42 42 42 42 42 42 42 42 42 
42 42 42 42 43 44 45 42 42 42 42 42 0 0 0 0 1 2 1 0 1 170 255 170 127 42 42 42 42 42 43 42 42 43 44 44 42 42 42 42 42 42 42 42 42 43 43 43 42 42 42 42 42 42 43 43 42 42 42 42 43 43 43 42 45 54 45 43 43 43 42 42 42 42 42 42 42 42 42 42 
42 42 42 42 43 46 47 43 42 42 42 42 0 0 0 0 1 2 0 0 1 103 122 103 127 42 42 42 42 42 43 42 42 43 43 44 42 42 42 42 42 42 42 42 42 43 43 43 42 42 42 42 42 42 42 42 42 42 42 42 43 43 43 42 42 42 42 42 43 43 42 42 42 42 42 42 42 42 42 42 
42 42 42 42 43 45 46 43 42 42 42 42 0 0 0 0 0 1 0 0 0 85 85 85 127 42 42 42 42 42 42 43 42 42 43 43 42 42 42 42 42 42 42 42 42 43 43 43 42 42 42 43 42 43 42 42 42 42 42 42 43 43 42 42 42 42 42 42 42 42 42 42 43 42 42 42 42 42 43 43 
43 42 42 42 42 44 44 42 42 42 42 43 1 0 0 0 0 0 0 0 1 2 0 0 0 0 0 1 1 1 1 1 0 0 1 0 0 0 1 1 0 0 0 0 1 1 1 1 0 0 1 2 2 1 0 0 1 0 0 0 1 1 0 1 1 1 0 0 1 1 0 0 1 0 0 0 0 1 3 2 
1 0 0 0 0 1 1 0 1 1 0 1 2 0 0 0 0 0 0 0 1 1 0 0 0 0 0 0 0 1 1 0 0 0 2 2 0 0 0 1 0 0 0 0 0 1 1 0 0 0 1 1 1 0 0 0 1 0 0 1 1 1 0 0 1 0 0 0 1 0 0 1 0 0 0 0 1 2 2 2 
1 1 0 0 0 0 0 0 1 1 0 0 1 0 0 1 0 0 0 0 1 1 0 0 0 0 0 0 0 1 0 0 0 1 4 3 0 0 0 0 0 0 0 0 0 0 1 0 0 0 0 0 0 0 0 0 1 0 0 1 1 0 0 0 1 0 0 0 1 0 0 0 0 0 0 0 1 3 1 1 
1 1 0 0 0 0 0 0 1 1 0 0 0 0 0 1 1 0 0 0 1 1 0 0 0 0 0 1 0 0 0 0 0 1 3 2 0 0 0 0 0 0 0 0 0 1 1 0 0 0 0 0 0 0 0 1 1 1 1 1 0 0 0 0 1 0 0 0 1 1 1 0 0 0 1 1 1 2 0 0 
1 2 1 0 0 0 0 0 0 1 1 1 1 0 0 1 2 2 2 2 2 2 2 2 2 2 2 2 2 2 2 2 2 2 2 2 2 2 2 2 2 2 2 2 2 2 2 2 2 2 2 2 2 2 2 2 2 2 2 2 2 2 2 2 2 2 2 2 2 2 2 2 2 2 2 2 2 2 2 2 
2 2 2 2 2 2 2 2 2 2 2 2 2 2 2 2 2 2 2 2 2 2 2 2 2 2 2 2 2 2 2 2 2 2 2 2 2 2 2 2 2 2 2 2 2 2 2 2 2 2 2 2 2 2 2 2 2 2 2 2 2 2 2 2 2 2 2 2 2 2 2 2 2 2 2 2 2 2 2 2 
2 2 2 2 2 2 2 2 2 2 2 2 2 2 2 2 2 2 2 2 2 2 2 2 2 2 2 2 2 2 2 2 2 2 2 2 2 2 2 2 2 2 2 2 2 2 2 2 2 2 2 2 2 2 2 2 2 2 2 2 2 2 2 2 2 2 2 2 2 2 2 2 2 2 2 2 2 2 2 2 
2 2 2 2 2 2 2 2 2 2 2 2 2 2 2 2 2 2 2 2 2 2 2 2 2 2 2 2 2 2 2 2 2 2 2 2 2 2 2 2 2 2 2 2 2 2 2 2 2 2 2 2 2 2 2 2 2 2 2 2 2 2 2 2 2 2 2 2 2 2 2 2 2 2 2 2 2 2 2 2 
2 2 2 2 2 2 2 2 2 2 2 2 2 2 2 2 2 2 2 2 2 2 2 2 2 2 2 2 2 2 2 2 2 2 2 2 2 2 2 2 2 2 2 2 2 2 2 2 2 2 2 2 2 2 2 2 2 2 2 2 2 2 2 2 2 2 2 2 2 2 2 2 2 2 2 2 2 2 2 2 
2 2 2 2 2 2 2 2 2 2 2 2 2 2 2 2 2 2 2 2 2 2 2 2 2 2 2 2 2 2 2 2 2 2 2 2 2 2 2 2 2 2 2 2 2 2 2 2 2 2 2 2 2 2 2 2 2 2 2 2 2 2 2 2 2 2 2 2 2 2 2 2 2 2 2 2 2 2 2 2 
2 2 2 2 2 2 2 2 2 2 2 2 2 2 2 2 2 2 2 2 2 2 2 2 2 2 2 2 2 2 2 2 2 2 2 2 2 2 2 2 2 2 2 2 2 2 2 2 2 2 2 2 2 2 2 2 2 2 2 2 2 2 2 2 2 2 2 2 2 2 2 2 2 2 2 2 2 2 2 2 
2 2 2 2 2 2 2 2 2 2 2 2 2 2 2 2 2 2 2 2 2 2 2 2 2 2 2 2 2 2 2 2 2 2 2 2 2 2 2 2 2 2 2 2 2 2 2 2 2 2 2 2 2 2 2 2 2 2 2 2 2 2 2 2 2 2 2 2 2 2 2 2 2 2 2 2 2 2 2 2 
2 2 2 2 2 2 2 2 2 2 2 2 2 2 2 2 2 2 2 2 2 2 2 2 2 2 2 2 2 2 2 2 2 2 2 2 2 2 2 2 2 2 2 2 2 2 2 2 2 2 2 2 2 2 2 2 2 2 2 2 2 2 2 2 2 2 2 2 2 2 2 2 2 2 2 2 2 2 2 2 
2 2 2 2 2 2 2 2 2 2 2 2 2 2 2 2 2 2 2 2 2 2 2 2 2 2 2 2 2 2 2 2 2 2 2 2 2 2 2 2 2 2 2 2 2 2 2 2 2 2 2 2 2 2 2 2 2 2 2 2 2 2 2 2 2 2 2 2 2 2 2 2 2 2 2 2 2 2 2 2 
2 2 2 2 2 2 2 2 2 2 2 2 2 2 2 2 2 2 2 2 2 2 2 2 2 2 2 2 2 2 2 2 2 2 2 2 2 2 2 2 2 2 2 2 2 2 2 2 2 2 2 2 2 2 2 2 2 2 2 2 2 2 2 2 2 2 2 2 2 2 2 2 2 2 2 2 2 2 2 2 
2 2 2 2 2 2 2 2 2 2 2 2 2 2 2 2 2 2 2 2 2 2 2 2 2 2 2 2 2 2 2 2 2 2 2 2 2 2 2 2 2 2 2 2 2 2 2 2 2 2 2 2 2 2 2 2 2 2 2 2 2 2 2 2 2 2 2 2 2 2 2 2 2 2 2 2 2 2 2 2 
2 2 2 2 2 2 2 2 2 2 2 2 2 2 2 2 2 2 2 2 2 2 2 2 2 2 2 2 2 2 2 2 2 2 2 2 2 2 2 2 2 2 2 2 2 2 2 2 2 2 2 2 2 2 2 2 2 2 2 2 2 2 2 2 2 2 2 2 2 2 2 2 2 2 2 2 2 2 2 2 
2 2 2 2 2 2 2 2 2 2 2 2 2 2 2 2 2 2 2 2 2 2 2 2 2 2 2 2 2 2 2 2 2 2 2 2 2 2 2 2 2 2 2 2 2 2 2 2 2 2 2 2 2 2 2 2 2 2 2 2 2 2 2 2 2 2 2 2 2 2 2 2 2 2 2 2 2 2 2 2 
