14 13 13 13 13 13 13 13 13 13 13 13 13 13 13 13 13 13 13 13 13 13 13 13 13 13 12 12 12 12 12 12 12 12 12 12 12 12 12 12 12 12 12 12 12 12 12 12 13 13 13 13 13 13 13 13 13 13 13 13 13 13 13 13 13 13 13 13 14 14 14 14 14 15 15 15 15 16 16 16 
14 14 13 55 49 49 49 49 49 49 49 49 49 49 49 49 49 49 49 48 48 48 48 48 48 48 48 48 48 48 48 48 48 48 48 48 48 48 48 48 48 48 48 48 48 48 48 48 48 48 48 48 48 48 48 48 48 48 48 48 48 48 48 48 48 48 48 48 49 49 49 49 49 49 49 8 15 16 16 15 
14 14 14 55 66 148 223 249 234 173 70 49 49 49 72 176 236 247 207 116 48 48 48 54 108 233 246 178 48 48 48 62 136 221 250 237 178 77 48 48 48 87 241 218 69 48 61 140 244 170 48 90 255 255 255 255 255 255 213 48 90 255 214 55 48 65 154 240 156 49 49 70 171 247 222 43 15 18 75 118 
14 14 14 55 91 255 255 255 255 255 213 50 49 82 221 255 255 255 255 230 117 48 48 90 254 255 255 213 48 48 79 213 255 255 255 255 255 230 115 47 47 86 241 218 69 47 60 140 244 170 48 90 255 255 255 255 255 255 213 48 90 255 214 55 48 65 154 240 156 49 54 112 255 255 227 64 15 99 255 171 
14 14 14 54 116 127 77 61 144 231 212 102 60 182 255 166 73 75 118 82 48 48 48 174 255 136 64 54 48 101 208 253 174 83 58 58 58 58 58 58 58 58 58 58 58 58 58 58 58 58 58 58 58 58 58 58 58 58 58 58 58 58 58 58 58 58 58 58 58 58 58 58 58 58 58 58 58 58 58 58 
100 87 241 255 255 255 255 255 255 218 69 48 90 255 212 48 48 58 131 249 191 47 47 47 47 47 91 255 213 49 86 241 218 69 47 60 140 244 170 47 90 255 212 47 47 47 47 47 47 90 255 214 55 48 64 154 240 156 48 81 219 224 92 49 8 95 250 255 172 15 15 15 56 49 78 203 253 255 235 138 
49 89 247 255 255 255 255 255 255 218 68 48 90 255 212 48 47 71 184 233 128 47 47 47 47 47 89 255 214 52 86 241 218 68 47 60 140 244 170 47 90 255 212 47 47 47 47 47 47 90 255 214 55 48 64 154 240 156 48 81 219 224 92 49 8 96 252 255 172 16 15 15 56 88 241 254 233 146 57 49 
49 80 213 218 68 48 48 87 243 217 65 48 90 255 212 47 47 76 203 228 108 47 47 47 47 47 89 255 214 53 86 241 218 70 47 60 141 244 170 47 89 255 255 255 255 212 47 47 47 90 255 215 57 48 65 156 240 156 48 81 219 224 92 49 7 90 241 176 23 16 15 15 56 91 255 213 51 49 49 49 
49 78 193 241 120 48 51 175 254 134 134 134 134 134 134 134 134 134 134 134 134 134 134 134 134 134 134 134 134 134 134 134 134 134 134 134 134 134 134 134 134 134 134 134 134 134 134 134 134 134 134 134 134 134 134 134 134 134 134 134 134 134 134 134 134 134 134 134 134 134 134 134 134 134 134 134 134 134 134 134 
130 255 255 255 243 167 48 95 254 211 47 47 47 47 53 112 254 209 47 86 241 242 205 255 255 252 203 47 47 89 255 212 47 47 47 47 47 47 89 255 242 203 255 255 252 202 48 81 219 255 255 255 221 38 14 48 162 172 16 15 15 56 49 53 53 53 53 53 53 53 53 53 53 53 53 53 53 53 53 53 
245 221 225 252 255 254 48 46 46 46 46 46 46 46 46 46 46 46 46 255 255 218 218 218 218 218 47 47 47 47 47 47 47 47 47 48 48 48 209 255 102 48 48 13 13 13 14 16 16 16 15 49 49 49 49 49 49 48 48 48 48 48 48 47 47 47 47 47 47 47 47 212 255 47 47 47 47 47 79 234 
255 255 255 255 206 46 46 46 46 46 46 46 46 46 46 46 46 46 47 255 255 255 255 255 255 255 47 47 47 47 47 47 47 47 47 48 48 48 120 240 102 48 48 13 13 13 13 16 16 16 15 49 49 49 49 49 49 48 48 48 48 48 48 47 47 47 47 47 47 47 47 47 75 47 47 47 47 46 46 47 
77 89 82 59 46 46 46 46 46 46 46 46 46 46 46 47 47 47 56 92 92 92 92 92 92 83 47 47 47 47 47 47 47 47 47 48 48 48 49 52 55 48 6 13 13 13 14 16 16 15 57 50 49 49 49 49 49 48 48 48 48 48 48 47 47 47 47 47 47 47 47 47 47 47 47 47 47 47 47 47 
46 46 46 46 46 46 46 46 46 46 46 46 47 47 47 47 47 47 47 47 47 47 47 47 47 47 47 47 47 47 47 47 47 47 47 48 48 48 48 48 48 48 7 12 12 12 15 16 16 16 55 50 49 49 49 49 49 48 48 48 48 48 48 48 47 47 47 47 47 47 47 47 47 47 47 47 47 47 47 47 
47 47 46 46 46 46 46 46 46 47 47 47 47 47 47 47 47 47 47 47 47 47 47 47 47 47 47 47 47 47 47 47 47 47 47 48 48 48 48 48 48 48 12 12 12 12 16 16 16 15 49 49 49 49 49 49 48 48 48 48 48 48 48 48 48 47 47 47 47 47 47 47 47 47 47 47 47 47 47 47 
47 47 47 47 47 47 47 47 47 47 47 47 47 47 47 47 47 47 47 47 47 47 47 47 47 47 47 47 47 47 47 47 48 48 48 48 48 48 48 48 48 48 12 12 12 12 16 15 15 15 49 49 49 49 49 48 48 48 48 48 48 48 48 48 48 47 47 47 47 47 47 47 47 47 47 47 47 47 47 47 
47 47 47 47 47 47 47 47 47 47 47 47 47 47 47 47 47 47 47 47 47 47 47 47 47 47 47 48 48 48 48 48 48 48 48 48 48 48 48 48 48 48 13 13 13 13 15 15 15 14 49 49 49 49 48 48 48 48 48 48 48 48 48 48 47 47 47 47 47 47 47 47 47 47 47 47 47 47 47 47 
47 47 47 47 47 47 47 47 47 47 47 47 47 47 47 47 48 48 48 48 48 48 48 48 48 48 48 48 48 48 48 48 48 48 48 48 48 48 48 49 49 49 13 13 13 13 15 14 14 14 49 49 48 48 48 48 48 48 47 47 47 47 47 47 47 48 48 48 48 48 48 48 48 48 48 48 48 48 48 48 
48 48 48 48 48 48 48 48 48 48 48 48 48 48 48 48 48 48 48 48 48 48 48 48 48 48 48 48 49 49 49 49 49 49 49 49 49 49 49 49 49 49 13 13 14 16 14 14 14 13 49 49 48 48 48 48 48 48 48 48 48 48 48 48 48 48 48 48 48 49 49 49 49 49 49 49 49 49 49 49 
49 49 49 49 49 49 49 49 49 49 49 49 49 49 49 49 49 49 49 49 49 49 49 49 49 49 49 49 49 49 49 49 50 50 50 50 50 50 50 50 50 50 16 16 16 48 14 14 14 14 49 49 49 49 49 49 48 48 48 48 48 48 48 49 49 49 49 49 49 50 50 50 50 50 51 51 51 51 51 51 
51 51 51 51 51 51 51 51 51 51 50 50 50 50 50 50 50 50 50 50 50 50 50 50 50 51 51 51 51 51 51 51 51 51 51 51 51 51 51 51 51 10 18 18 18 17 15 14 14 55 49 49 49 49 49 49 49 49 49 49 49 49 49 49 49 49 50 50 50 50 51 51 51 51 52 52 52 52 52 52 
52 52 52 52 52 52 52 51 51 51 51 51 51 51 51 51 51 52 52 52 52 52 52 52 52 52 52 52 52 53 53 53 53 53 53 53 53 53 53 53 53 12 20 20 20 18 15 15 14 56 49 51 55 55 55 55 55 55 55 55 55 55 55 55 55 55 55 55 55 55 55 55 55 55 55 55 55 55 55 55 
54 239 255 255 255 255 255 96 54 54 54 54 54 167 255 150 53 53 53 53 53 255 255 53 53 53 53 255 255 53 53 21 216 255 255 15 16 16 16 51 191 255 217 71 67 169 58 53 63 255 255 54 54 54 54 236 255 186 70 66 173 104 104 104 104 104 104 104 104 104 104 104 104 104 104 104 104 104 104 104 
53 53 122 220 191 91 53 53 53 53 176 255 132 53 53 53 176 255 132 54 113 226 178 61 19 17 16 16 56 175 255 131 52 53 53 54 54 60 180 255 133 55 54 54 176 255 255 255 255 255 255 255 133 125 222 213 114 62 91 196 250 137 62 117 214 205 107 62 62 170 250 255 255 255 255 255 255 132 53 53 
53 53 167 255 150 53 53 54 54 54 255 255 54 54 54 54 255 255 54 54 230 255 51 25 13 18 18 18 51 255 255 52 51 52 52 53 53 63 255 255 54 54 54 54 255 255 255 255 255 255 255 252 55 76 255 255 249 247 255 255 246 62 62 154 255 171 62 62 62 248 255 255 255 255 255 255 255 54 54 54 
54 54 167 255 151 55 55 55 55 55 255 255 54 54 54 54 255 255 54 54 252 255 27 25 51 51 51 51 67 255 255 51 50 50 50 50 51 60 255 255 52 53 53 54 255 255 54 54 54 73 255 228 55 55 159 255 255 255 220 255 246 62 62 154 255 171 62 62 62 221 255 79 54 54 54 255 255 54 54 55 
55 55 167 255 151 55 55 55 55 54 255 255 54 54 54 54 255 255 54 54 214 255 68 25 51 51 51 51 67 255 255 108 67 67 46 50 50 56 56 56 56 56 56 56 56 56 56 56 56 56 56 56 56 56 56 56 56 56 56 56 56 56 56 56 56 56 56 56 56 56 56 56 56 56 56 56 56 56 56 56 
255 217 169 93 55 176 255 133 55 25 183 253 203 95 51 51 51 76 67 67 67 67 67 67 67 67 67 67 67 67 67 67 67 67 67 67 67 67 67 67 67 67 67 67 67 67 67 67 67 67 67 67 67 67 67 67 67 67 67 67 67 67 67 67 67 67 67 67 67 67 67 67 67 67 67 67 67 67 67 67 
23 74 119 51 51 51 85 67 67 67 67 60 51 50 50 50 49 49 50 51 50 49 49 48 49 50 51 51 50 50 50 50 51 51 56 62 62 62 62 62 62 79 173 239 151 62 62 62 62 62 57 52 53 53 53 53 53 87 219 219 223 242 251 233 219 219 185 51 51 51 51 50 49 45 49 71 98 47 6 8 
8 8 24 51 51 51 85 67 67 67 67 60 52 52 51 51 52 51 50 50 52 53 51 50 49 48 48 50 51 52 51 52 50 50 56 62 62 62 62 62 62 70 128 223 151 62 62 62 62 62 57 50 50 51 51 51 51 92 255 255 255 255 255 255 255 255 214 52 52 51 51 50 50 49 86 239 213 46 4 7 
7 7 51 51 51 51 67 67 67 67 52 52 52 51 51 51 53 54 53 52 50 53 53 52 50 50 48 49 50 51 51 51 51 51 62 62 62 62 62 62 62 62 62 80 62 62 62 62 62 62 50 51 50 50 50 50 49 94 94 94 94 94 94 93 93 93 48 49 49 49 49 50 50 50 203 255 49 49 12 12 
12 12 51 51 51 51 67 67 67 49 50 53 52 52 51 49 51 51 53 54 53 52 51 52 52 50 50 49 49 48 49 51 51 51 62 62 62 62 62 62 62 62 62 62 62 62 62 62 62 62 52 52 52 52 52 52 51 51 51 50 50 50 50 50 50 50 50 50 50 50 50 50 50 51 51 51 51 52 19 20 
20 20 51 51 51 51 51 51 24 24 18 14 14 14 14 14 14 14 14 14 14 14 14 14 14 14 14 14 14 14 14 14 14 14 14 14 14 14 14 14 14 14 14 14 14 14 14 14 14 14 14 14 14 14 14 14 14 14 14 14 14 14 14 14 14 14 14 14 14 14 14 14 14 14 14 14 14 14 14 14 
20 21 21 21 22 19 14 14 14 16 19 17 14 10 13 19 22 23 22 21 19 17 13 35 41 41 41 41 41 41 41 41 41 41 41 41 41 41 41 23 22 23 22 23 23 23 22 21 19 18 17 16 15 14 13 13 13 13 13 13 13 13 13 13 13 13 13 13 13 13 13 13 13 13 13 13 13 13 13 13 
17 19 22 22 21 17 16 16 16 16 16 16 16 16 16 16 16 16 16 16 16 16 16 16 16 16 16 16 16 16 16 16 16 16 16 16 16 16 16 16 16 16 16 16 16 16 16 16 16 16 16 16 16 16 16 16 16 16 16 16 16 16 16 16 16 16 16 16 16 16 16 16 16 16 16 16 16 16 16 16 
21 23 41 41 41 41 41 41 41 41 41 41 41 41 41 41 41 41 14 13 13 13 13 13 13 13 13 13 13 13 13 13 13 13 13 13 13 13 13 13 13 13 13 13 13 13 13 13 13 13 13 13 13 13 13 13 13 13 13 13 13 13 13 13 13 13 13 13 13 13 13 13 13 13 13 13 13 13 13 13 
41 41 41 41 41 41 41 18 15 16 17 16 14 12 14 15 14 15 15 13 13 13 13 13 13 13 13 13 13 13 13 13 13 13 13 13 13 13 13 13 13 13 13 13 13 13 13 13 13 13 13 13 13 13 13 13 13 13 13 13 13 13 13 13 13 13 13 13 13 13 13 13 13 13 13 13 13 13 13 13 
18 17 17 17 17 17 17 17 17 17 17 17 17 17 16 17 19 21 22 20 17 17 16 16 16 16 16 15 17 20 21 20 19 17 15 14 14 14 14 14 14 14 14 14 14 14 14 14 14 14 14 14 14 14 14 14 14 14 14 14 14 14 14 14 14 14 14 14 14 14 14 14 14 14 14 14 14 14 14 14 
50 49 47 49 49 49 50 50 51 51 51 51 51 51 18 18 17 17 20 18 15 13 50 53 54 55 52 50 51 52 51 51 51 51 50 51 51 48 47 47 49 50 53 53 50 50 52 52 50 49 49 49 50 51 52 51 50 52 53 53 53 53 52 52 52 52 51 52 52 52 51 51 51 52 52 50 50 49 49 51 
52 51 51 50 51 51 51 51 52 52 51 51 21 20 19 18 20 22 19 12 49 50 50 51 51 49 49 50 52 52 52 54 53 52 52 50 50 50 48 47 49 50 51 51 50 51 51 51 51 51 51 51 51 51 50 50 51 52 53 54 53 53 53 52 52 52 52 51 51 51 50 50 50 50 50 50 50 50 50 50 
50 51 51 51 51 52 52 51 50 50 49 14 13 13 13 13 18 15 15 15 15 15 15 15 15 15 15 15 15 15 15 15 15 15 15 15 15 15 15 15 15 15 15 15 15 15 15 15 15 15 15 15 15 15 15 15 15 15 15 15 15 15 15 15 15 15 15 15 15 15 15 15 15 15 15 15 15 15 15 15 
11 17 16 16 13 12 14 16 55 49 49 49 49 50 50 50 50 49 48 49 50 50 50 50 49 50 51 52 53 52 51 51 51 51 51 50 50 50 50 50 50 50 50 50 50 50 50 50 50 50 51 51 51 51 51 51 51 51 51 51 51 51 52 52 52 52 51 51 50 50 50 50 50 50 49 49 49 49 50 50 
18 18 17 17 15 17 23 53 51 50 52 50 51 50 50 51 51 51 51 50 50 50 50 49 49 50 51 51 51 51 51 51 52 53 52 51 51 51 51 50 49 49 50 51 52 52 51 50 50 50 51 51 51 51 51 50 50 50 50 51 51 51 52 52 51 51 51 50 50 50 50 50 50 51 51 51 51 51 51 17 
16 16 13 15 11 11 51 52 52 49 50 50 50 51 51 51 51 50 49 49 49 49 49 48 48 49 50 51 51 51 50 49 50 50 50 51 51 51 52 52 51 49 49 50 52 54 53 51 50 49 49 50 50 50 50 51 51 51 42 42 42 42 42 42 42 42 42 42 42 42 42 42 42 42 42 42 42 42 0 1 
1 1 19 17 18 17 50 50 51 51 51 51 50 50 50 50 50 50 49 49 48 49 49 49 49 49 49 50 52 52 52 51 50 49 50 50 51 42 42 42 42 42 42 42 42 42 42 42 42 42 42 43 42 43 43 42 42 42 42 42 42 42 42 42 42 42 42 42 42 42 42 42 42 42 42 42 42 42 0 1 
0 8 19 19 19 57 175 255 255 255 255 255 255 245 124 49 58 154 238 235 148 194 255 130 47 42 86 185 241 213 194 232 172 72 42 42 43 43 42 42 42 42 42 42 42 42 42 42 42 42 43 43 42 42 42 42 42 42 42 42 42 42 42 42 42 42 43 43 43 42 42 42 42 42 42 42 42 0 1 1 
0 6 16 17 16 55 175 255 255 255 255 255 255 245 123 50 174 255 255 255 255 255 255 127 42 66 186 255 255 255 255 255 172 72 42 42 42 42 42 42 42 42 42 42 42 42 42 42 42 42 43 43 42 42 42 42 42 42 42 42 42 42 42 42 42 42 42 44 44 43 42 42 42 42 42 42 42 1 1 1 
2 16 18 19 59 92 255 213 48 42 42 42 42 42 56 141 254 219 77 81 203 255 212 42 73 209 245 175 59 111 240 227 102 42 42 42 42 42 42 42 42 42 42 42 42 42 42 42 44 62 90 42 42 42 42 42 42 42 42 42 42 42 42 42 43 43 44 47 45 42 42 42 42 42 42 42 0 1 0 0 
8 11 1 2 43 170 255 127 42 42 42 42 43 44 107 212 209 97 42 42 170 255 127 42 167 253 131 45 42 131 229 172 72 42 42 43 43 42 42 42 42 42 42 42 42 42 42 42 42 170 164 67 42 42 42 42 42 43 43 43 42 42 42 42 43 43 45 45 43 42 42 42 42 42 42 42 1 1 0 0 
0 1 1 1 43 170 255 127 42 42 42 42 44 46 110 214 194 87 42 42 170 255 127 42 155 245 173 73 42 138 234 172 72 42 43 43 43 43 43 43 42 42 42 42 42 42 42 42 42 170 255 187 82 42 42 42 42 43 45 43 42 42 42 42 42 42 43 44 43 42 43 43 43 42 42 42 0 0 0 0 
1 1 1 1 43 170 255 127 42 43 43 42 45 47 111 214 194 87 42 42 170 255 127 43 96 205 254 250 248 252 255 172 72 42 43 43 43 43 43 43 43 43 42 42 42 164 246 246 246 251 255 255 200 91 42 42 42 44 45 44 42 42 42 42 42 42 42 42 42 42 43 43 43 42 42 42 0 0 0 0 
0 1 1 1 43 170 255 127 42 42 42 42 44 45 109 214 194 87 42 42 170 255 127 42 44 139 234 255 255 247 250 172 72 42 43 43 43 43 43 43 44 44 43 42 42 170 255 255 255 255 255 255 255 215 102 43 43 43 44 45 43 42 42 42 42 42 42 42 43 43 44 44 43 42 42 42 0 1 1 0 
0 0 1 2 43 170 255 127 42 42 42 42 42 42 108 214 194 87 42 42 170 255 127 42 42 42 49 58 56 147 236 166 68 42 42 43 43 43 43 42 45 45 43 42 42 170 255 255 255 255 255 255 255 255 162 66 43 42 43 46 44 43 43 43 42 42 42 43 43 43 45 44 43 42 42 42 1 2 3 1 
0 0 1 1 43 170 255 127 42 42 42 42 42 42 108 214 194 87 42 42 170 255 128 43 43 51 165 175 154 220 254 138 50 42 42 42 43 43 43 42 45 45 43 42 42 170 255 255 255 255 255 255 255 162 66 43 43 42 43 45 44 43 43 43 42 42 42 43 43 43 44 44 43 42 42 42 1 2 2 0 
0 0 0 1 43 170 255 127 42 42 42 43 43 42 108 214 194 87 42 42 170 255 128 44 43 125 225 255 255 255 197 89 42 42 42 42 42 43 43 43 45 44 43 42 42 59 70 70 70 181 255 254 146 55 42 42 42 42 43 44 43 42 42 42 42 42 42 42 42 42 43 43 43 42 42 42 0 1 1 0 
0 0 0 0 42 170 255 127 42 42 42 43 43 42 85 154 141 71 42 42 125 181 99 44 43 42 63 129 164 110 55 42 42 42 42 42 42 43 43 43 44 44 43 42 42 42 43 43 42 170 250 137 51 42 42 42 42 42 42 43 43 42 42 42 42 42 42 42 42 43 43 42 42 42 42 42 0 0 0 0 
1 1 0 0 0 255 255 85 127 42 42 42 42 42 42 42 42 43 43 43 42 43 43 43 43 42 42 42 43 43 43 43 42 42 42 42 42 43 43 43 43 43 42 42 43 43 43 42 42 163 131 48 43 42 42 42 42 42 42 42 42 42 42 42 42 42 42 42 43 45 44 42 42 42 42 42 0 0 0 0 
2 2 0 1 0 255 255 85 127 42 42 42 42 43 43 42 42 43 44 43 42 42 42 42 42 42 42 42 43 43 43 43 42 42 42 42 42 43 43 43 42 42 42 43 43 43 43 42 50 50 44 43 43 43 42 42 42 42 42 42 42 42 42 42 42 42 42 42 44 47 45 43 42 42 42 42 0 0 0 0 
2 1 0 1 0 122 122 85 127 42 42 42 42 43 43 42 42 43 44 43 42 42 42 42 42 42 42 42 43 43 43 43 42 42 42 42 42 42 42 42 42 42 42 43 43 43 43 42 42 42 42 43 43 43 42 42 42 42 42 42 42 42 42 42 42 42 42 42 43 47 45 43 42 42 42 42 0 0 0 0 
1 1 0 0 0 85 85 85 127 42 42 42 42 42 43 43 42 43 43 43 42 42 42 42 42 42 42 42 43 43 43 43 42 42 43 43 43 43 42 42 42 42 42 42 43 43 42 42 42 42 42 42 42 42 42 43 43 42 42 42 42 43 43 43 43 42 42 42 43 45 43 42 42 42 42 43 1 0 0 0 
0 0 0 0 2 1 0 0 0 0 0 1 1 1 1 0 0 0 1 0 0 0 1 1 0 0 0 0 1 1 1 1 0 0 1 2 2 1 0 0 1 0 0 0 1 0 0 1 1 1 0 0 1 1 0 1 1 0 0 0 0 2 3 2 1 0 0 0 0 1 0 0 1 1 0 2 1 0 0 0 
0 0 0 0 1 1 0 0 0 0 0 0 0 1 1 0 0 1 2 1 0 0 0 1 0 0 0 0 0 1 1 0 0 0 1 1 1 0 0 0 1 0 0 1 1 1 0 0 1 0 0 0 1 0 0 1 0 0 0 0 2 2 2 2 1 1 0 0 0 0 0 0 1 1 0 1 1 0 0 1 
0 0 0 0 1 1 0 0 0 0 0 0 0 1 0 0 0 2 4 1 0 0 0 0 0 0 0 0 0 0 1 0 0 0 0 0 0 0 0 0 1 0 0 1 0 0 0 0 1 0 0 0 1 0 0 0 0 0 0 0 2 2 1 1 1 1 0 0 0 0 0 0 1 1 0 0 0 0 0 1 
1 0 0 0 1 1 0 0 0 0 0 1 0 0 0 0 0 1 3 2 0 0 0 0 0 0 0 0 0 1 1 0 0 0 0 0 0 0 0 1 1 1 1 1 0 0 0 0 1 0 0 0 1 1 1 0 0 0 1 1 1 2 0 0 1 1 0 0 0 0 0 0 0 1 1 1 0 0 0 1 
2 2 2 2 2 2 2 2 2 2 2 2 2 2 2 2 2 2 2 2 2 2 2 2 2 2 2 2 2 2 2 2 2 2 2 2 2 2 2 2 2 2 2 2 2 2 2 2 2 2 2 2 2 2 2 2 2 2 2 2 2 2 2 2 2 2 2 2 2 2 2 2 2 2 2 2 2 2 2 2 
2 2 2 2 2 2 2 2 2 2 2 2 2 2 2 2 2 2 2 2 2 2 2 2 2 2 2 2 2 2 2 2 2 2 2 2 2 2 2 2 2 2 2 2 2 2 2 2 2 2 2 2 2 2 2 2 2 2 2 2 2 2 2 2 2 2 2 2 2 2 2 2 2 2 2 2 2 2 2 2 
2 2 2 2 2 2 2 2 2 2 2 2 2 2 2 2 2 2 2 2 2 2 2 2 2 2 2 2 2 2 2 2 2 2 2 2 2 2 2 2 2 2 2 2 2 2 2 2 2 2 2 2 2 2 2 2 2 2 2 2 2 2 2 2 2 2 2 2 2 2 2 2 2 2 2 2 2 2 2 2 
2 2 2 2 2 2 2 2 2 2 2 2 2 2 2 2 2 2 2 2 2 2 2 2 2 2 2 2 2 2 2 2 2 2 2 2 2 2 2 2 2 2 2 2 2 2 2 2 2 2 2 2 2 2 2 2 2 2 2 2 2 2 2 2 2 2 2 2 2 2 2 2 2 2 2 2 2 2 2 2 
2 2 2 2 2 2 2 2 2 2 2 2 2 2 2 2 2 2 2 2 2 2 2 2 2 2 2 2 2 2 2 2 2 2 2 2 2 2 2 2 2 2 2 2 2 2 2 2 2 2 2 2 2 2 2 2 2 2 2 2 2 2 2 2 2 2 2 2 2 2 2 2 2 2 2 2 2 2 2 2 
2 2 2 2 2 2 2 2 2 2 2 2 2 2 2 2 2 2 2 2 2 2 2 2 2 2 2 2 2 2 2 2 2 2 2 2 2 2 2 2 2 2 2 2 2 2 2 2 2 2 2 2 2 2 2 2 2 2 2 2 2 2 2 2 2 2 2 2 2 2 2 2 2 2 2 2 2 2 2 2 
2 2 2 2 2 2 2 2 2 2 2 2 2 2 2 2 2 2 2 2 2 2 2 2 2 2 2 2 2 2 2 2 2 2 2 2 2 2 2 2 2 2 2 2 2 2 2 2 2 2 2 2 2 2 2 2 2 2 2 2 2 2 2 2 2 2 2 2 2 2 2 2 2 2 2 2 2 2 2 2 
2 2 2 2 2 2 2 2 2 2 2 2 2 2 2 2 2 2 2 2 2 2 2 2 2 2 2 2 2 2 2 2 2 2 2 2 2 2 2 2 2 2 2 2 2 2 2 2 2 2 2 2 2 2 2 2 2 2 2 2 2 2 2 2 2 2 2 2 2 2 2 2 2 2 2 2 2 2 2 2 
2 2 2 2 2 2 2 2 2 2 2 2 2 2 2 2 2 2 2 2 2 2 2 2 2 2 2 2 2 2 2 2 2 2 2 2 2 2 2 2 2 2 2 2 2 2 2 2 2 2 2 2 2 2 2 2 2 2 2 2 2 2 2 2 2 2 2 2 2 2 2 2 2 2 2 2 2 2 2 2 
2 2 2 2 2 2 2 2 2 2 2 2 2 2 2 2 2 2 2 2 2 2 2 2 2 2 2 2 2 2 2 2 2 2 2 2 2 2 2 2 2 2 2 2 2 2 2 2 2 2 2 2 2 2 2 2 2 2 2 2 2 2 2 2 2 2 2 2 2 2 2 2 2 2 2 2 2 2 2 2 
2 2 2 2 2 2 2 2 2 2 2 2 2 2 2 2 2 2 2 2 2 2 2 2 2 2 2 2 2 2 2 2 2 2 2 2 2 2 2 2 2 2 2 2 2 2 2 2 2 2 2 2 2 2 2 2 2 2 2 2 2 2 2 2 2 2 2 2 2 2 2 2 2 2 2 2 2 2 2 2 
2 2 2 2 2 2 2 2 2 2 2 2 2 2 2 2 2 2 2 2 2 2 2 2 2 2 2 2 2 2 2 2 2 2 2 2 2 2 2 2 2 2 2 2 2 2 2 2 2 2 2 2 2 2 2 2 2 2 2 2 2 2 2 2 2 2 2 2 2 2 2 2 2 2 2 2 2 2 2 2 
2 2 2 2 2 2 2 2 2 2 2 2 2 2 2 2 2 2 2 2 2 2 2 2 2 2 2 2 2 2 2 2 2 2 2 2 2 2 2 2 2 2 2 2 2 2 2 2 2 2 2 2 2 2 2 2 2 2 2 2 2 2 2 2 2 2 2 2 2 2 2 2 2 2 2 2 2 2 2 2 
2 2 2 2 2 2 2 2 2 2 2 2 2 2 2 2 2 2 2 2 2 2 2 2 2 2 2 2 2 2 2 2 2 2 2 2 2 2 2 2 2 2 2 2 2 2 2 2 2 2 2 2 2 2 2 2 2 2 2 2 2 2 2 2 2 2 2 2 2 2 2 2 2 2 2 2 2 2 2 2 
2 2 2 2 2 2 2 2 2 2 2 2 2 2 2 2 2 2 2 2 2 2 2 2 2 2 2 2 2 2 2 2 2 2 2 2 2 2 2 2 2 2 2 2 2 2 2 2 2 2 2 2 2 2 2 2 2 2 2 2 2 2 2 2 2 2 2 2 2 2 2 2 2 2 2 2 2 2 2 2 
2 2 2 2 2 2 2 2 2 2 2 2 2 2 2 2 2 2 2 2 2 2 2 2 2 2 2 2 2 2 2 2 2 2 2 2 2 2 2 2 2 2 2 2 2 2 2 2 2 2 2 2 2 2 2 2 2 2 2 2 2 2 2 2 2 2 2 2 2 2 2 2 2 2 2 2 2 2 2 2 
