13 13 13 13 13 13 13 14 14 13 13 13 13 13 13 13 13 13 13 13 12 12 12 12 12 12 12 12 12 12 12 12 12 12 12 12 12 12 12 12 12 12 12 12 12 12 12 12 12 12 12 12 12 12 12 12 12 12 12 12 12 12 12 12 12 12 12 12 12 12 12 12 12 12 12 12 12 12 12 12 
19 19 20 20 21 21 21 22 22 22 22 22 19 12 12 12 11 11 11 11 11 11 11 11 11 11 11 11 11 11 11 11 11 11 11 11 11 11 11 11 11 11 11 11 11 11 11 11 11 11 11 11 11 11 11 11 11 11 11 11 11 11 11 11 11 11 11 11 11 11 11 11 11 11 11 11 11 11 11 11 
21 21 17 17 16 16 16 15 15 15 15 14 14 14 14 14 14 14 14 14 13 13 13 13 13 13 13 13 12 12 12 12 12 12 12 12 12 12 12 12 12 12 12 12 12 12 12 13 13 13 13 13 13 14 14 14 15 15 15 15 16 16 16 17 17 17 18 18 18 19 19 19 19 20 20 20 20 20 20 20 
18 18 18 17 17 17 17 17 17 17 17 17 16 16 16 16 16 16 16 16 16 15 15 15 15 15 14 14 14 14 14 14 14 13 13 13 13 13 13 13 13 13 13 13 13 13 13 13 14 14 14 14 14 14 15 15 15 15 16 16 16 17 17 17 18 18 18 18 19 19 19 19 19 20 20 20 20 20 20 19 
18 18 18 18 18 18 18 18 18 18 18 18 18 18 18 18 17 17 17 16 16 16 16 15 15 15 15 15 15 14 14 14 14 14 14 14 14 14 14 14 14 14 14 14 14 14 14 14 14 15 15 15 15 15 16 16 16 17 17 17 18 18 18 19 19 19 19 20 20 20 20 19 19 19 19 19 19 19 19 19 
19 19 19 19 19 19 19 19 18 18 18 18 17 17 17 17 17 16 16 16 16 15 15 15 15 14 14 14 14 14 14 14 14 14 13 13 13 13 13 13 13 14 14 14 14 15 15 15 16 16 16 17 17 17 18 18 18 19 19 19 19 19 19 19 19 19 19 19 19 19 20 20 20 20 20 20 20 20 20 20 
20 20 20 19 19 19 19 18 18 18 18 17 17 17 16 16 16 15 15 15 14 14 14 14 14 13 13 13 12 12 12 12 12 12 12 12 12 12 12 12 12 12 12 12 12 12 12 12 12 12 12 12 12 12 12 12 12 12 12 12 12 12 12 12 12 12 12 12 12 12 12 12 12 12 12 12 12 12 12 12 
18 18 18 17 17 16 16 15 15 14 14 13 12 12 12 12 12 12 12 12 12 12 12 12 12 12 12 12 12 12 12 12 12 12 12 12 12 12 12 12 12 12 12 12 12 12 12 12 12 12 12 12 12 12 12 12 12 12 12 12 12 12 12 12 12 12 12 12 12 12 12 12 12 12 12 12 12 12 12 12 
10 10 9 8 7 7 7 7 7 7 7 7 7 6 7 7 7 7 8 8 8 8 9 9 10 10 10 11 11 11 11 11 11 11 11 11 11 11 11 11 11 11 11 11 11 11 11 11 11 11 11 11 11 11 11 11 11 11 11 11 11 11 11 11 11 11 11 11 11 11 11 11 11 11 11 11 11 11 11 11 
12 12 12 12 12 12 12 12 12 12 12 12 12 13 13 13 13 14 14 14 14 14 15 15 15 15 17 17 16 16 16 16 15 15 15 14 14 13 13 13 12 12 12 11 11 11 11 11 11 11 11 11 11 11 11 11 11 11 11 11 11 11 11 11 11 11 11 11 11 11 11 11 11 11 11 11 11 11 11 11 
14 14 15 15 15 15 15 16 16 16 17 17 17 17 17 14 14 14 14 14 14 14 14 14 14 14 14 14 14 14 14 14 14 14 14 14 14 14 14 14 14 14 14 14 14 14 14 14 14 14 14 14 14 14 14 14 14 14 14 14 14 14 14 14 14 14 14 14 14 14 14 14 14 14 14 14 14 14 14 14 
18 19 19 20 21 20 16 12 10 12 15 19 18 16 15 15 16 17 16 15 15 14 14 15 16 16 15 16 17 19 20 21 21 18 17 17 35 62 62 61 61 61 61 61 61 61 61 61 61 61 61 61 43 18 18 19 19 19 18 18 17 17 17 16 17 17 17 17 16 15 15 16 16 17 18 18 18 19 20 20 
10 11 15 17 20 23 22 17 15 15 16 18 16 16 15 15 16 18 16 15 15 16 17 19 21 21 20 18 33 62 61 61 61 61 61 61 61 61 61 61 61 61 61 61 43 17 17 17 18 18 18 19 20 20 19 19 18 18 18 17 17 17 16 16 16 15 16 16 17 18 19 20 21 22 22 22 20 14 18 18 
18 20 19 16 15 14 13 14 16 17 16 16 17 18 17 15 14 15 17 19 20 21 21 52 61 61 61 61 61 61 61 61 61 61 61 61 61 61 61 27 18 18 18 19 19 19 19 18 18 19 19 19 18 18 18 18 18 17 17 17 17 17 17 17 17 17 17 17 17 17 18 21 20 18 17 17 16 16 16 18 
18 17 18 19 19 17 16 16 17 18 19 20 61 61 61 61 61 61 61 61 61 61 61 61 61 61 61 61 16 16 16 16 17 17 18 18 19 19 19 20 20 20 21 21 21 21 20 20 19 19 18 17 17 16 16 16 16 17 17 17 15 19 23 23 20 18 18 17 17 17 17 19 22 22 21 20 19 18 17 16 
17 17 52 61 61 61 61 61 61 61 61 61 61 61 61 61 61 61 27 17 16 16 17 16 17 18 17 16 18 18 17 18 18 19 19 19 20 20 20 20 20 20 21 21 21 20 20 19 19 18 18 16 16 18 20 20 19 18 17 16 15 15 17 20 22 22 21 20 19 18 18 17 17 18 19 17 15 16 17 18 
61 61 61 61 61 61 61 61 61 61 18 19 20 20 18 17 15 16 16 16 17 17 17 18 18 19 19 18 17 19 19 19 18 18 19 19 20 20 21 21 22 21 20 19 17 15 16 17 17 18 18 16 15 15 15 16 18 21 21 21 20 20 20 19 19 18 18 18 16 14 13 13 13 13 13 13 13 13 13 13 
18 19 19 19 20 19 19 18 17 17 17 17 17 17 17 17 18 18 18 18 18 19 19 19 19 21 20 20 19 20 21 17 14 14 16 17 18 19 18 15 15 16 17 17 16 16 16 17 17 18 19 21 20 17 16 15 14 14 14 16 17 17 17 51 61 61 61 61 61 61 61 61 61 61 61 61 61 60 60 25 
19 17 15 14 14 14 14 14 14 14 14 14 14 14 14 14 14 14 14 14 14 14 14 14 14 14 14 14 14 14 14 14 14 14 14 14 14 14 14 14 14 14 14 14 14 14 14 14 14 14 14 14 14 14 14 14 14 14 14 14 14 14 14 14 14 14 14 14 14 14 14 14 14 14 14 14 14 14 14 14 
25 23 21 19 18 16 16 16 16 16 16 15 2 1 0 0 1 2 1 1 1 1 0 1 0 0 0 0 1 1 0 15 16 17 17 17 17 19 21 20 19 18 17 16 61 61 61 61 60 60 60 60 60 60 60 60 60 60 60 60 13 14 15 16 16 18 20 14 15 16 17 18 18 17 16 16 17 17 17 18 
19 18 18 17 16 16 1 0 0 0 1 1 1 1 2 1 0 1 0 0 0 0 0 0 0 0 0 0 0 0 0 2 17 18 17 17 16 16 61 61 61 60 60 60 60 60 60 60 60 60 60 60 60 60 17 16 15 16 16 17 17 17 19 16 16 17 19 20 22 20 17 16 15 15 15 16 16 16 17 17 
18 18 15 0 0 0 0 0 0 1 1 1 0 0 0 0 0 0 0 0 0 0 0 0 0 0 0 1 0 0 0 0 0 0 20 60 60 60 60 60 60 60 60 60 60 60 60 60 60 60 43 18 19 18 18 17 17 17 17 17 17 17 17 17 17 17 18 18 18 18 18 17 18 18 17 17 17 17 17 17 
1 0 0 0 0 0 1 1 1 0 0 0 0 0 0 0 0 0 0 0 0 0 0 0 0 0 0 1 0 0 0 40 60 60 60 60 60 60 60 60 60 60 60 60 60 60 60 26 16 16 16 17 17 18 18 17 16 16 16 16 17 18 18 18 17 17 18 18 18 18 18 19 19 19 19 19 18 18 17 12 
1 1 0 0 0 0 0 0 0 0 0 0 0 0 0 0 0 0 0 0 1 0 0 0 40 60 60 60 60 60 60 60 60 60 60 60 60 60 60 60 27 16 15 14 14 15 15 15 15 15 15 15 14 14 15 16 17 17 18 18 19 19 20 20 21 21 21 20 20 19 18 18 12 0 0 0 1 1 1 1 
1 0 0 0 0 0 0 0 0 0 0 1 1 0 0 1 0 0 0 0 0 0 60 60 60 60 60 60 60 60 60 60 60 60 60 60 60 60 0 0 1 1 1 1 16 17 18 18 18 18 18 18 17 17 17 17 16 16 17 18 19 19 20 19 19 18 17 17 17 16 1 1 1 1 2 1 1 1 0 0 
0 0 0 0 0 0 0 1 0 0 0 0 0 0 0 0 0 1 1 1 0 0 1 1 1 2 0 0 0 0 0 0 0 0 0 0 1 0 0 0 3 5 2 1 1 1 0 4 22 21 20 20 21 19 15 16 17 18 18 18 18 18 18 17 17 15 2 1 1 1 1 1 1 0 0 0 0 0 0 0 
0 0 0 0 1 1 0 0 0 0 0 0 0 0 1 1 1 1 1 1 0 0 1 0 0 0 1 0 0 0 0 0 1 1 0 0 0 1 2 1 1 1 1 0 0 0 0 0 1 1 0 0 0 0 3 17 17 18 17 18 17 17 15 4 2 0 0 0 0 1 1 0 0 0 0 0 1 0 0 0 
0 0 0 0 1 0 0 0 0 0 0 0 0 1 0 0 1 1 0 0 0 1 1 0 0 1 0 0 0 0 1 1 0 0 0 0 1 0 0 1 1 1 1 0 0 0 0 0 0 0 0 0 0 0 0 0 2 1 0 0 1 3 3 1 0 0 0 1 1 1 0 0 0 0 0 1 0 0 0 0 
0 0 0 0 1 0 0 0 0 0 0 0 0 1 0 0 0 0 0 0 0 1 1 0 0 1 1 1 1 2 2 2 0 0 0 0 0 0 0 1 1 1 0 0 0 0 0 0 0 0 0 0 0 0 0 1 2 1 0 0 0 3 3 0 0 0 1 2 1 1 0 0 0 0 0 0 0 0 0 0 
0 0 0 0 1 0 0 0 0 0 0 0 0 1 1 1 1 0 0 0 2 3 1 0 1 3 2 2 2 3 3 2 1 0 0 0 0 0 1 1 1 1 0 0 0 0 2 1 0 0 0 0 0 0 0 1 1 0 0 0 0 3 2 0 0 0 1 1 1 1 0 0 0 0 0 0 0 0 0 0 
0 0 0 0 1 0 0 0 0 0 0 0 0 1 1 1 0 0 0 0 3 3 1 0 1 4 3 3 3 4 4 3 1 0 0 0 0 0 1 0 0 0 0 0 0 0 3 2 0 0 0 0 0 0 0 1 0 0 0 0 0 3 2 0 0 0 0 1 0 0 0 0 0 0 0 0 0 0 0 0 
0 0 0 0 0 0 0 0 0 0 0 0 0 1 1 1 0 0 0 0 1 2 0 0 0 2 2 2 2 3 2 2 2 2 0 0 0 0 0 0 0 0 0 0 0 0 1 1 0 0 0 0 0 0 0 0 0 0 0 0 0 2 1 0 0 0 0 0 0 0 0 1 1 0 0 0 0 0 0 0 
0 0 0 0 0 0 0 1 0 0 1 0 0 0 0 1 0 0 0 0 0 0 0 0 0 0 1 1 1 1 0 0 3 4 1 0 0 0 0 0 0 0 0 0 0 0 0 0 0 0 0 1 1 0 0 0 0 0 0 0 1 1 1 0 0 0 0 0 0 0 0 1 1 0 0 0 0 0 0 0 
0 0 0 0 0 0 0 1 0 0 1 1 1 0 0 1 1 0 0 0 0 0 0 0 0 0 0 1 1 0 0 0 2 3 1 0 0 0 0 0 0 0 0 0 0 0 0 0 0 0 0 0 0 0 0 0 0 0 0 1 1 1 0 0 0 1 0 0 0 0 0 1 1 0 0 0 1 1 1 0 
0 0 0 0 0 0 1 1 0 0 0 1 1 1 0 0 1 0 0 0 1 0 0 0 0 1 0 0 1 1 2 1 1 2 1 0 0 0 0 0 0 0 0 1 0 0 0 0 0 0 0 0 0 0 1 0 0 0 0 1 0 0 0 0 1 1 0 0 0 0 0 1 1 0 0 0 1 1 1 0 
0 0 0 0 0 0 1 1 0 0 0 1 2 1 0 0 1 1 0 0 1 0 0 0 0 1 0 0 0 0 3 1 0 0 1 0 0 0 0 0 0 0 0 1 0 0 1 2 1 0 0 0 0 0 1 0 0 0 1 1 0 0 0 1 1 1 1 0 0 0 0 1 1 0 0 0 1 1 0 0 
0 0 0 0 0 0 0 1 1 1 1 1 1 1 1 1 1 1 0 0 0 0 0 0 0 0 0 0 0 0 3 1 0 0 0 0 0 0 0 0 0 0 0 1 1 1 1 4 4 1 0 0 0 0 1 0 0 1 1 1 0 0 0 1 2 2 1 0 0 0 0 0 0 0 0 0 1 1 0 0 
0 0 0 0 0 0 0 0 1 1 1 0 0 0 1 1 1 1 0 0 0 0 0 0 0 0 0 0 0 0 3 1 0 0 0 0 0 0 0 0 0 0 0 0 1 2 1 7 9 2 0 0 0 1 0 0 0 1 1 0 0 0 1 1 2 2 1 1 0 0 0 0 0 2 3 2 1 1 0 0 
0 0 0 0 0 1 0 0 0 1 1 0 0 0 0 1 1 1 1 1 0 0 0 0 0 0 0 0 0 0 2 1 0 0 0 0 0 0 1 2 1 0 0 0 0 1 1 6 7 2 0 0 1 1 0 0 0 1 1 0 0 0 1 1 1 1 1 1 1 1 1 0 0 4 8 3 1 0 0 0 
0 0 0 0 0 3 1 0 0 0 1 1 0 0 0 1 2 1 1 2 0 0 0 0 0 0 0 0 0 0 0 0 0 0 0 0 0 0 2 5 2 0 0 0 0 0 0 2 3 1 0 1 2 2 6 2 0 0 0 0 0 1 1 1 1 1 1 1 1 1 1 0 0 5 10 5 2 0 0 0 
0 0 0 0 1 4 2 0 0 0 0 1 0 0 0 1 2 2 2 2 1 1 1 0 0 0 0 0 0 0 0 0 0 0 0 0 0 0 3 7 3 0 0 0 0 0 0 0 0 0 1 2 3 15 8 0 0 0 0 0 0 0 1 1 1 1 1 2 1 1 1 1 0 3 6 3 2 1 0 0 
0 0 0 1 1 2 1 0 0 0 0 1 0 0 0 1 2 2 2 2 1 4 3 0 0 0 0 0 0 0 0 0 0 0 0 1 1 1 2 5 6 2 1 1 0 0 0 0 0 1 1 3 3 30 47 16 0 0 1 1 0 0 0 1 2 0 1 2 1 1 0 0 1 1 1 1 3 3 0 0 
0 0 0 1 1 1 0 0 0 0 0 0 0 0 0 1 1 2 2 1 1 7 6 1 0 0 0 0 0 0 0 0 0 0 0 1 3 2 1 3 8 4 2 2 0 0 0 0 2 3 1 5 4 1 0 0 0 1 2 3 1 0 0 1 1 0 0 1 1 0 0 0 1 1 0 0 2 2 0 0 
1 2 2 0 0 0 0 0 1 1 0 0 0 1 1 1 2 1 1 6 5 1 0 0 0 0 0 0 0 0 0 0 0 1 2 1 0 2 7 3 1 2 0 0 0 0 1 2 1 4 4 33 16 33 16 4 9 18 7 0 0 0 1 0 0 1 1 0 0 0 1 1 0 0 1 1 0 0 0 0 
3 3 1 0 0 0 0 1 0 0 0 0 0 0 1 1 2 1 5 4 1 0 0 0 1 1 0 0 0 0 0 0 0 1 0 0 1 4 2 1 1 0 0 0 0 1 1 0 1 2 1 0 0 34 51 22 32 47 16 0 0 0 0 0 1 1 0 0 0 1 1 0 0 0 0 1 1 0 0 2 
3 3 1 0 0 0 1 2 1 0 0 0 0 0 0 1 2 2 4 3 0 0 0 0 1 1 1 0 0 0 1 0 0 0 0 0 0 1 0 0 0 0 0 0 0 0 0 1 0 0 34 28 5 0 0 0 0 0 1 1 0 0 2 2 1 1 0 0 0 0 1 1 0 0 0 1 17 16 0 1 
2 2 0 0 0 0 1 2 2 0 0 0 0 0 0 1 2 1 2 1 0 0 1 2 1 1 0 0 0 1 1 0 0 0 0 0 0 1 0 0 0 0 0 0 0 0 2 6 3 1 1 1 0 0 0 0 0 0 2 2 0 1 159 81 84 96 62 53 77 78 72 73 37 0 41 82 83 77 71 72 
77 62 62 77 42 5 1 7 8 39 38 0 37 37 38 39 39 40 41 46 47 66 64 41 1 0 0 0 0 2 2 0 0 1 0 0 1 0 0 0 0 0 0 0 0 0 3 11 6 0 154 78 37 18 33 50 88 69 18 1 0 1 4 3 7 176 207 96 58 112 82 72 42 0 5 42 79 74 63 72 
56 51 45 46 37 0 1 7 8 1 0 0 1 1 1 6 6 26 26 42 42 42 59 18 1 0 0 0 0 1 2 0 0 1 0 0 1 0 0 0 1 1 0 0 0 0 2 9 5 0 34 51 51 187 255 119 167 125 26 1 0 0 170 142 57 62 34 0 42 43 1 1 1 0 39 79 41 0 0 0 
0 1 0 37 37 0 1 26 26 29 28 0 28 28 29 30 31 34 38 43 49 65 65 40 1 1 1 1 0 0 1 1 0 1 1 0 0 0 0 1 2 2 1 0 0 0 1 5 3 1 34 51 17 2 1 0 34 17 0 0 0 0 2 1 0 0 0 0 0 1 1 1 1 0 0 0 1 0 0 0 
1 1 0 0 0 0 1 1 1 1 0 0 1 2 2 1 0 0 1 0 0 0 1 0 0 1 1 1 0 0 1 1 0 1 1 0 0 0 0 2 3 2 1 0 0 0 0 1 0 0 1 1 0 2 1 0 0 0 0 0 0 0 16 54 38 38 47 40 74 84 78 78 84 82 41 43 83 68 42 53 
37 1 40 68 69 55 15 1 1 0 51 95 95 51 1 46 46 0 1 0 0 1 1 48 47 0 1 0 0 0 1 0 0 1 0 0 0 0 2 2 2 2 1 1 0 0 0 0 0 0 34 51 48 37 11 0 0 17 8 0 0 0 27 27 0 0 16 21 47 84 42 14 55 48 26 25 8 29 44 18 
0 0 76 84 11 84 0 1 0 0 102 0 0 0 102 1 0 1 0 0 1 1 102 0 0 1 0 0 0 1 0 0 0 0 0 0 0 1 3 1 1 1 1 0 0 0 0 0 0 17 51 48 40 21 0 0 17 32 0 0 0 1 36 60 0 0 0 0 1 0 0 0 85 0 1 3 2 0 0 0 
0 0 75 50 80 34 1 1 1 0 102 0 1 0 0 0 1 1 1 1 1 1 0 102 0 1 1 0 0 1 1 1 1 0 0 1 1 1 3 1 0 1 2 1 0 0 0 0 0 0 51 51 1 1 0 0 1 2 2 2 2 2 2 2 2 2 2 2 2 2 2 2 2 2 2 2 2 2 2 2 
2 2 2 2 2 2 2 2 2 2 2 2 2 2 2 2 2 2 2 2 2 2 2 2 2 2 2 2 2 2 2 2 2 2 2 2 2 2 2 2 2 2 2 2 2 2 2 2 2 2 2 2 2 2 2 2 2 2 2 2 2 2 2 2 2 2 2 2 2 2 2 2 2 2 2 2 2 2 2 2 
2 2 2 2 2 2 2 2 2 2 2 2 2 2 2 2 2 2 2 2 2 2 2 2 2 2 2 2 2 2 2 2 2 2 2 2 2 2 2 2 2 2 2 2 2 2 2 2 2 2 2 2 2 2 2 2 2 2 2 2 2 2 2 2 2 2 2 2 2 2 2 2 2 2 2 2 2 2 2 2 
2 2 2 2 2 2 2 2 2 2 2 2 2 2 2 2 2 2 2 2 2 2 2 2 2 2 2 2 2 2 2 2 2 2 2 2 2 2 2 2 2 2 2 2 2 2 2 2 2 2 2 2 2 2 2 2 2 2 2 2 2 2 2 2 2 2 2 2 2 2 2 2 2 2 2 2 2 2 2 2 
2 2 2 2 2 2 2 2 2 2 2 2 2 2 2 2 2 2 2 2 2 2 2 2 2 2 2 2 2 2 2 2 2 2 2 2 2 2 2 2 2 2 2 2 2 2 2 2 2 2 2 2 2 2 2 2 2 2 2 2 2 2 2 2 2 2 2 2 2 2 2 2 2 2 2 2 2 2 2 2 
2 2 2 2 2 2 2 2 2 2 2 2 2 2 2 2 2 2 2 2 2 2 2 2 2 2 2 2 2 2 2 2 2 2 2 2 2 2 2 2 2 2 2 2 2 2 2 2 2 2 2 2 2 2 2 2 2 2 2 2 2 2 2 2 2 2 2 2 2 2 2 2 2 2 2 2 2 2 2 2 
2 2 2 2 2 2 2 2 2 2 2 2 2 2 2 2 2 2 2 2 2 2 2 2 2 2 2 2 2 2 2 2 2 2 2 2 2 2 2 2 2 2 2 2 2 2 2 2 2 2 2 2 2 2 2 2 2 2 2 2 2 2 2 2 2 2 2 2 2 2 2 2 2 2 2 2 2 2 2 2 
2 2 2 2 2 2 2 2 2 2 2 2 2 2 2 2 2 2 2 2 2 2 2 2 2 2 2 2 2 2 2 2 2 2 2 2 2 2 2 2 2 2 2 2 2 2 2 2 2 2 2 2 2 2 2 2 2 2 2 2 2 2 2 2 2 2 2 2 2 2 2 2 2 2 2 2 2 2 2 2 
2 2 2 2 2 2 2 2 2 2 2 2 2 2 2 2 2 2 2 2 2 2 2 2 2 2 2 2 2 2 2 2 2 2 2 2 2 2 2 2 2 2 2 2 2 2 2 2 2 2 2 2 2 2 2 2 2 2 2 2 2 2 2 2 2 2 2 2 2 2 2 2 2 2 2 2 2 2 2 2 
2 2 2 2 2 2 2 2 2 2 2 2 2 2 2 2 2 2 2 2 2 2 2 2 2 2 2 2 2 2 2 2 2 2 2 2 2 2 2 2 2 2 2 2 2 2 2 2 2 2 2 2 2 2 2 2 2 2 2 2 2 2 2 2 2 2 2 2 2 2 2 2 2 2 2 2 2 2 2 2 
2 2 2 2 2 2 2 2 2 2 2 2 2 2 2 2 2 2 2 2 2 2 2 2 2 2 2 2 2 2 2 2 2 2 2 2 2 2 2 2 2 2 2 2 2 2 2 2 2 2 2 2 2 2 2 2 2 2 2 2 2 2 2 2 2 2 2 2 2 2 2 2 2 2 2 2 2 2 2 2 
2 2 2 2 2 2 2 2 2 2 2 2 2 2 2 2 2 2 2 2 2 2 2 2 2 2 2 2 2 2 2 2 2 2 2 2 2 2 2 2 2 2 2 2 2 2 2 2 2 2 2 2 2 2 2 2 2 2 2 2 2 2 2 2 2 2 2 2 2 2 2 2 2 2 2 2 2 2 2 2 
2 2 2 2 2 2 2 2 2 2 2 2 2 2 2 2 2 2 2 2 2 2 2 2 2 2 2 2 2 2 2 2 2 2 2 2 2 2 2 2 2 2 2 2 2 2 2 2 2 2 2 2 2 2 2 2 2 2 2 2 2 2 2 2 2 2 2 2 2 2 2 2 2 2 2 2 2 2 2 2 
2 2 2 2 2 2 2 2 2 2 2 2 2 2 2 2 2 2 2 2 2 2 2 2 2 2 2 2 2 2 2 2 2 2 2 2 2 2 2 2 2 2 2 2 2 2 2 2 2 2 2 2 2 2 2 2 2 2 2 2 2 2 2 2 2 2 2 2 2 2 2 2 2 2 2 2 2 2 2 2 
2 2 2 2 2 2 2 2 2 2 2 2 2 2 2 2 2 2 2 2 2 2 2 2 2 2 2 2 2 2 2 2 2 2 2 2 2 2 2 2 2 2 2 2 2 2 2 2 2 2 2 2 2 2 2 2 2 2 2 2 2 2 2 2 2 2 2 2 2 2 2 2 2 2 2 2 2 2 2 2 
2 2 2 2 2 2 2 2 2 2 2 2 2 2 2 2 2 2 2 2 2 2 2 2 2 2 2 2 2 2 2 2 2 2 2 2 2 2 2 2 2 2 2 2 2 2 2 2 2 2 2 2 2 2 2 2 2 2 2 2 2 2 2 2 2 2 2 2 2 2 2 2 2 2 2 2 2 2 2 2 
2 2 2 2 2 2 2 2 2 2 2 2 2 2 2 2 2 2 2 2 2 2 2 2 2 2 2 2 2 2 2 2 2 2 2 2 2 2 2 2 2 2 2 2 2 2 2 2 2 2 2 2 2 2 2 2 2 2 2 2 2 2 2 2 2 2 2 2 2 2 2 2 2 2 2 2 2 2 2 2 
2 2 2 2 2 2 2 2 2 2 2 2 2 2 2 2 2 2 2 2 2 2 2 2 2 2 2 2 2 2 2 2 2 2 2 2 2 2 2 2 2 2 2 2 2 2 2 2 2 2 2 2 2 2 2 2 2 2 2 2 2 2 2 2 2 2 2 2 2 2 2 2 2 2 2 2 2 2 2 2 
2 2 2 2 2 2 2 2 2 2 2 2 2 2 2 2 2 2 2 2 2 2 2 2 2 2 2 2 2 2 2 2 2 2 2 2 2 2 2 2 2 2 2 2 2 2 2 2 2 2 2 2 2 2 2 2 2 2 2 2 2 2 2 2 2 2 2 2 2 2 2 2 2 2 2 2 2 2 2 2 
2 2 2 2 2 2 2 2 2 2 2 2 2 2 2 2 2 2 2 2 2 2 2 2 2 2 2 2 2 2 2 2 2 2 2 2 2 2 2 2 2 2 2 2 2 2 2 2 2 2 2 2 2 2 2 2 2 2 2 2 2 2 2 2 2 2 2 2 2 2 2 2 2 2 2 2 2 2 2 2 
2 2 2 2 2 2 2 2 2 2 2 2 2 2 2 2 2 2 2 2 2 2 2 2 2 2 2 2 2 2 2 2 2 2 2 2 2 2 2 2 2 2 2 2 2 2 2 2 2 2 2 2 2 2 2 2 2 2 2 2 2 2 2 2 2 2 2 2 2 2 2 2 2 2 2 2 2 2 2 2 
2 2 2 2 2 2 2 2 2 2 2 2 2 2 2 2 2 2 2 2 2 2 2 2 2 2 2 2 2 2 2 2 2 2 2 2 2 2 2 2 2 2 2 2 2 2 2 2 2 2 2 2 2 2 2 2 2 2 2 2 2 2 2 2 2 2 2 2 2 2 2 2 2 2 2 2 2 2 2 2 
2 2 2 2 2 2 2 2 2 2 2 2 2 2 2 2 2 2 2 2 2 2 2 2 2 2 2 2 2 2 2 2 2 2 2 2 2 2 2 2 2 2 2 2 2 2 2 2 2 2 2 2 2 2 2 2 2 2 2 2 2 2 2 2 2 2 2 2 2 2 2 2 2 2 2 2 2 2 2 2 
2 2 2 2 2 2 2 2 2 2 2 2 2 2 2 2 2 2 2 2 2 2 2 2 2 2 2 2 2 2 2 2 2 2 2 2 2 2 2 2 2 2 2 2 2 2 2 2 2 2 2 2 2 2 2 2 2 2 2 2 2 2 2 2 2 2 2 2 2 2 2 2 2 2 2 2 2 2 2 2 
2 2 2 2 2 2 2 2 2 2 2 2 2 2 2 2 2 2 2 2 2 2 2 2 2 2 2 2 2 2 2 2 2 2 2 2 2 2 2 2 2 2 2 2 2 2 2 2 2 2 2 2 2 2 2 2 2 2 2 2 2 2 2 2 2 2 2 2 2 2 2 2 2 2 2 2 2 2 2 2 
2 2 2 2 2 2 2 2 2 2 2 2 2 2 2 2 2 2 2 2 2 2 2 2 2 2 2 2 2 2 2 2 2 2 2 2 2 2 2 2 2 2 2 2 2 2 2 2 2 2 2 2 2 2 2 2 2 2 2 2 2 2 2 2 2 2 2 2 2 2 2 2 2 2 2 2 2 2 2 2 
2 2 2 2 2 2 2 2 2 2 2 2 2 2 2 2 2 2 2 2 2 2 2 2 2 2 2 2 2 2 2 2 2 2 2 2 2 2 2 2 2 2 2 2 2 2 2 2 2 2 2 2 2 2 2 2 2 2 2 2 2 2 2 2 2 2 2 2 2 2 2 2 2 2 2 2 2 2 2 2 
