16 16 16 16 16 16 16 16 16 16 16 16 15 15 15 15 15 15 15 15 15 15 15 15 14 14 14 14 14 14 14 14 14 14 14 13 13 13 13 13 13 13 13 13 12 12 12 12 12 12 12 12 11 11 11 11 11 11 11 10 10 10 10 10 10 10 10 10 10 10 10 10 10 10 10 10 10 10 10 10 
52 52 52 52 52 52 52 52 11 19 19 19 16 8 9 9 52 47 47 48 48 48 48 48 48 49 49 49 49 49 49 50 50 50 50 50 50 50 50 50 50 50 50 51 51 51 51 51 51 51 51 51 51 51 51 51 51 52 52 52 52 52 52 52 52 52 52 52 53 53 53 53 53 53 52 52 52 52 52 52 
52 52 52 52 52 52 52 14 20 19 19 14 10 10 10 51 47 47 48 48 48 48 48 48 49 49 49 49 49 49 49 50 50 50 50 50 50 50 50 50 51 51 51 51 51 51 51 51 51 52 52 52 52 52 52 52 52 52 52 52 53 53 53 53 53 53 53 53 53 53 53 53 53 53 53 53 53 53 53 53 
52 52 52 52 52 52 13 19 19 19 15 11 11 11 11 11 11 11 11 11 11 11 11 11 11 11 11 11 11 11 11 11 11 11 11 11 11 11 11 11 11 11 11 11 11 11 11 11 11 11 11 11 11 11 11 11 11 11 11 11 11 11 11 11 11 11 11 11 11 11 11 11 11 11 11 11 11 11 11 11 
16 16 16 57 50 49 49 49 49 48 48 49 49 49 49 49 49 50 50 50 50 50 51 51 51 92 247 195 53 52 52 52 52 52 52 52 53 53 53 53 53 53 53 53 53 53 53 53 53 53 53 53 53 53 53 53 53 53 53 53 53 53 53 53 53 53 52 52 52 52 52 52 52 52 52 11 19 19 19 19 
18 56 51 51 50 50 50 50 50 49 49 49 49 50 50 50 50 50 51 51 51 51 51 169 251 235 119 52 52 53 53 53 53 53 53 53 53 53 53 53 53 53 53 53 53 53 53 53 53 53 53 53 53 53 53 53 53 52 52 52 52 52 52 52 52 52 52 52 52 52 52 52 52 13 19 18 18 22 21 21 
58 52 52 52 52 51 51 51 51 50 50 50 50 50 50 51 51 51 51 51 52 52 60 180 254 146 62 52 52 52 52 52 52 52 52 52 52 52 52 52 52 52 52 52 52 52 52 52 52 52 52 52 52 52 52 52 52 52 52 52 52 52 52 52 52 52 52 52 52 52 52 51 12 18 18 18 24 25 25 24 
54 54 54 54 54 53 53 53 53 53 53 53 52 52 52 52 52 52 52 52 52 52 86 228 225 97 52 52 52 52 52 52 52 52 51 51 51 51 51 51 51 51 51 51 51 51 51 51 51 51 51 51 51 51 51 51 51 52 52 52 52 52 52 52 52 52 52 52 52 51 51 10 18 18 18 22 28 28 27 66 
56 59 94 199 244 247 210 127 56 55 55 55 94 255 234 169 242 225 144 54 54 85 217 226 101 53 54 57 57 57 57 57 57 57 57 57 57 57 57 57 57 57 57 57 57 57 57 57 57 57 57 57 57 57 57 57 57 57 57 57 57 57 57 57 57 57 57 57 57 57 57 57 57 57 57 57 57 57 57 57 
54 55 255 255 178 60 119 253 255 86 56 203 255 115 55 170 255 229 88 58 120 96 53 52 52 208 255 197 65 72 175 55 51 50 245 255 101 56 56 51 51 51 51 51 51 52 52 52 52 52 52 209 255 189 159 159 159 159 189 255 200 22 21 21 15 15 14 14 49 176 255 210 49 49 49 49 55 55 55 55 
143 234 169 76 172 252 255 255 255 255 255 255 141 62 176 255 141 62 62 62 62 54 54 176 255 133 54 54 55 55 55 55 55 54 54 54 54 53 53 52 52 175 255 197 158 156 158 218 255 87 10 10 9 19 24 24 23 60 176 255 133 54 54 54 53 52 83 195 229 113 49 174 255 128 47 46 50 176 251 126 
255 111 49 251 255 255 255 255 255 255 255 62 62 255 255 62 62 62 62 62 55 55 255 255 54 54 54 54 53 53 52 52 51 51 51 50 50 49 48 48 216 255 126 47 47 136 255 222 11 11 11 11 26 26 26 27 55 255 255 55 55 56 56 56 56 73 255 245 56 55 255 255 53 52 51 99 255 220 49 201 
255 109 47 236 255 71 62 62 63 255 255 62 62 255 255 62 62 62 62 62 50 50 255 255 50 51 51 51 51 51 51 51 51 51 51 51 51 50 50 50 124 255 206 50 50 216 255 122 14 13 13 13 16 17 18 19 51 255 255 52 52 55 55 55 55 85 255 229 56 56 255 255 57 55 54 216 255 150 53 203 
113 51 198 255 138 62 62 78 255 255 62 62 255 255 93 62 62 62 62 46 45 255 255 47 47 48 48 49 49 50 51 51 51 52 52 52 53 53 52 70 255 249 51 52 252 255 217 217 217 217 217 217 217 217 217 217 217 217 217 217 217 217 217 217 217 217 217 217 217 217 217 217 217 217 217 217 217 217 217 217 
62 63 155 240 255 255 255 204 93 173 255 255 255 247 122 46 46 46 46 46 46 46 46 46 46 46 47 45 45 127 225 184 152 218 210 99 3 5 5 5 9 13 13 13 54 83 196 250 142 59 49 50 117 217 247 126 51 52 175 255 150 135 169 118 65 52 52 112 170 127 66 50 61 73 131 173 140 83 62 62 
62 62 69 111 172 154 82 57 76 198 255 240 182 149 49 49 49 49 49 48 48 48 47 47 47 47 45 45 48 101 252 244 252 217 63 2 5 5 5 8 16 15 14 55 49 84 227 254 248 226 225 242 255 222 84 50 51 92 255 215 53 54 54 54 52 50 50 68 123 50 51 56 62 62 62 62 62 62 62 62 
62 62 62 62 62 62 50 51 255 255 52 53 54 54 54 53 53 53 53 53 54 54 53 53 53 52 52 52 255 255 255 255 51 51 17 17 17 16 18 17 15 16 50 50 50 198 255 255 255 255 239 91 49 49 49 50 255 255 52 51 50 50 50 50 49 179 255 101 46 47 62 62 62 62 62 62 62 62 62 62 
62 62 62 62 51 50 133 228 132 53 54 54 54 54 54 54 54 54 55 55 55 55 56 56 56 56 141 232 255 222 112 55 18 25 25 24 20 18 18 17 56 50 50 51 60 81 93 85 63 51 51 51 51 50 69 163 114 49 49 49 49 50 50 107 211 154 62 45 58 62 62 62 62 62 62 62 62 62 62 62 
62 62 51 49 49 59 56 51 51 52 52 52 52 52 52 52 52 52 52 53 53 53 53 54 63 87 98 81 60 54 18 24 24 24 22 20 19 17 55 50 50 50 49 48 49 51 52 53 54 54 54 55 54 52 53 52 52 51 50 50 50 51 51 51 50 50 60 62 62 62 62 62 62 62 62 62 62 62 62 62 
62 56 48 48 48 49 50 50 51 51 51 51 51 51 51 51 51 51 51 51 51 51 51 51 52 52 52 52 53 13 23 23 24 23 19 20 20 20 20 19 18 18 18 17 16 14 14 14 14 14 14 14 14 14 14 14 14 14 14 14 14 14 14 14 14 14 14 14 14 14 14 14 14 14 14 14 14 14 14 14 
19 19 20 20 21 22 22 22 22 22 21 21 21 21 21 22 22 22 22 22 22 21 21 13 14 17 19 21 22 22 21 21 21 20 20 20 20 18 16 16 16 16 16 16 16 16 16 16 16 16 16 16 16 16 16 16 16 16 16 16 16 16 16 16 16 16 16 16 16 16 16 16 16 16 16 16 16 16 16 16 
22 23 23 24 24 24 25 24 24 24 23 22 21 20 21 17 14 11 10 11 14 16 18 21 21 20 18 17 14 15 14 14 14 14 14 14 14 14 14 14 14 14 14 14 14 14 14 14 14 14 14 14 14 14 14 14 14 14 14 14 14 14 14 14 14 14 14 14 14 14 14 14 14 14 14 14 14 14 14 14 
27 24 17 18 18 15 16 17 16 14 14 14 14 14 14 14 14 14 14 14 14 14 14 14 14 14 14 14 14 14 14 14 14 14 14 14 14 14 14 14 14 14 14 14 14 14 14 14 14 14 14 14 14 14 14 14 14 14 14 14 14 14 14 14 14 14 14 14 14 14 14 14 14 14 14 14 14 14 14 14 
12 13 13 13 13 13 13 13 13 13 13 13 13 13 13 13 13 13 13 13 13 13 13 13 13 13 13 13 13 13 13 13 13 13 13 13 13 13 13 13 13 13 13 13 13 13 13 13 13 13 13 13 13 13 13 13 13 13 13 13 13 13 13 13 13 13 13 13 13 13 13 13 13 13 13 13 13 13 13 13 
15 15 14 13 13 13 13 13 10 9 11 11 11 11 11 11 11 11 11 11 11 11 11 11 11 11 11 11 11 11 11 11 11 11 11 11 11 11 11 11 11 11 11 11 11 11 11 11 11 11 11 11 11 11 11 11 11 11 11 11 11 11 11 11 11 11 11 11 11 11 11 11 11 11 11 11 11 11 11 11 
51 52 52 51 50 49 49 49 48 47 47 47 47 47 47 47 46 45 45 45 46 48 50 52 52 52 52 52 52 52 53 54 55 55 55 55 54 52 50 48 47 47 47 47 47 5 11 11 11 11 11 11 11 11 11 11 11 11 11 11 11 11 11 11 11 11 11 11 11 11 11 11 11 11 11 11 11 11 11 11 
46 46 47 48 50 51 51 51 52 53 53 52 51 51 50 50 50 49 48 48 48 48 49 49 48 49 49 50 50 51 51 50 49 48 48 12 14 16 17 18 14 18 18 51 53 53 53 52 47 46 48 51 51 52 53 53 53 54 50 49 51 52 52 51 49 49 49 52 53 53 54 54 55 55 52 49 48 46 46 46 
47 48 49 50 51 52 52 53 53 53 52 52 51 50 49 48 47 46 46 47 48 49 49 49 49 48 48 47 46 46 46 46 47 6 11 12 14 14 14 14 14 14 14 14 14 14 14 14 14 14 14 14 14 14 14 14 14 14 14 14 14 14 14 14 14 14 14 14 14 14 14 14 14 14 14 14 14 14 14 14 
53 53 52 51 49 47 46 46 45 46 47 48 50 50 50 49 48 47 47 46 46 46 5 11 12 12 12 12 12 12 12 12 12 12 12 12 12 12 12 12 12 12 12 12 12 12 12 12 12 12 12 12 12 12 12 12 12 12 12 12 12 12 12 12 12 12 12 12 12 12 12 12 12 12 12 12 12 12 12 12 
50 50 51 50 49 48 47 47 47 46 46 45 6 5 6 7 22 19 15 15 50 51 53 49 47 45 46 49 52 55 56 56 54 50 48 47 47 49 51 54 54 53 50 47 45 46 48 50 49 48 48 49 50 51 49 48 47 46 47 48 50 51 52 52 50 48 50 51 50 48 47 48 49 50 52 51 49 48 49 49 
51 52 53 54 52 51 50 50 50 50 9 15 14 14 14 14 14 14 14 14 14 14 14 14 14 14 14 14 14 14 14 14 14 14 14 14 14 14 14 14 14 14 14 14 14 14 14 14 14 14 14 14 14 14 14 14 14 14 14 14 14 14 14 14 14 14 14 14 14 14 14 14 14 14 14 14 14 14 14 14 
24 24 24 24 24 22 17 16 52 255 255 54 50 47 47 48 50 50 118 255 253 94 66 194 255 255 50 50 200 255 206 59 82 237 255 118 46 48 52 54 55 55 54 52 50 48 46 46 46 45 45 45 54 102 44 44 44 45 46 48 49 51 54 55 55 54 52 49 48 47 47 48 48 48 47 47 47 48 50 52 
23 21 23 24 19 13 53 174 255 133 54 52 49 48 48 48 112 215 210 104 54 55 176 255 128 46 171 253 132 50 48 136 230 172 74 46 48 51 54 55 55 55 55 52 49 48 47 47 47 46 46 173 166 72 49 50 51 52 54 54 54 55 54 53 52 51 50 49 48 47 46 46 46 46 45 46 47 48 11 19 
48 255 255 51 53 54 51 49 48 47 154 255 156 50 53 54 255 255 47 46 231 255 122 49 49 203 255 121 47 46 47 50 52 55 55 54 53 51 48 48 48 49 51 52 53 255 255 148 54 53 53 52 52 51 50 51 51 53 54 54 53 53 51 50 49 48 47 46 46 46 46 47 11 13 16 19 18 19 19 20 
255 47 49 51 52 51 48 47 155 255 156 49 51 52 255 255 47 46 132 255 254 247 248 255 255 120 48 48 48 49 50 52 53 52 50 48 46 46 48 246 246 246 246 255 255 255 169 52 49 48 47 48 49 51 53 54 55 55 55 55 55 54 53 52 50 48 48 48 47 46 8 9 10 13 11 13 16 20 54 255 
50 51 52 50 48 113 216 195 92 52 54 176 255 128 47 47 143 235 255 255 247 250 173 77 48 49 50 51 51 50 49 48 47 47 47 48 174 255 255 255 255 255 255 255 216 106 51 51 52 53 53 53 54 54 54 54 54 53 53 52 51 50 47 47 46 46 46 5 8 7 9 9 7 10 10 10 10 10 10 10 
94 255 213 50 51 53 99 218 144 188 254 216 216 216 216 216 216 216 216 216 216 216 216 216 216 216 216 216 216 216 216 216 216 216 216 216 216 216 216 216 216 216 216 216 216 216 216 216 216 216 216 216 216 216 216 216 216 216 216 216 216 216 216 216 216 216 216 216 216 216 216 216 216 216 216 216 216 216 216 216 
52 53 51 50 48 49 50 51 51 50 49 50 52 53 53 54 55 55 55 255 248 74 51 50 49 49 51 51 51 51 51 51 51 52 53 51 50 48 46 46 46 49 52 52 52 53 22 22 21 18 21 15 14 14 85 255 255 85 49 48 51 52 52 51 51 50 51 51 51 50 50 50 50 51 51 51 50 48 50 53 
55 55 54 52 49 49 48 49 48 48 49 50 52 54 55 56 55 55 170 137 60 55 53 50 48 48 49 50 51 52 52 53 53 53 51 48 46 46 47 48 50 51 51 51 51 11 18 20 20 22 23 20 16 10 255 255 85 130 48 48 49 49 50 49 49 50 52 53 51 50 50 51 51 52 52 52 51 49 48 50 
52 51 49 48 48 47 47 46 47 47 49 53 55 55 55 67 58 55 55 55 55 52 50 51 50 49 49 50 51 52 52 52 50 47 47 48 51 54 54 54 53 51 50 15 18 20 21 20 24 22 16 85 122 122 85 55 50 48 48 48 47 48 50 53 53 55 53 50 50 51 52 53 53 53 53 52 51 51 51 50 
48 48 48 48 47 46 46 46 47 48 50 52 53 54 54 55 55 55 54 52 51 50 49 48 47 46 47 48 50 50 49 48 49 51 54 55 54 53 52 51 10 14 13 12 13 18 22 18 10 85 85 85 132 53 51 48 47 46 47 49 52 54 55 54 53 50 49 50 51 52 53 54 54 53 53 52 51 49 47 46 
49 48 48 46 45 45 46 47 48 50 51 52 53 54 55 54 54 53 50 48 47 46 45 46 47 47 47 46 48 52 54 54 54 54 53 52 17 15 12 9 10 14 19 19 13 13 13 13 13 13 13 13 13 13 13 13 13 13 13 13 13 13 13 13 13 13 13 13 13 13 13 13 13 13 13 13 13 13 13 13 
6 6 7 11 18 22 24 22 21 19 18 16 13 10 10 13 13 13 13 13 13 13 13 13 13 13 13 13 13 13 13 13 13 13 13 13 13 13 13 13 13 13 13 13 13 13 13 13 13 13 13 13 13 13 13 13 13 13 13 13 13 13 13 13 13 13 13 13 13 13 13 13 13 13 13 13 13 13 13 13 
13 12 12 12 12 12 12 12 12 12 12 12 12 12 12 12 12 12 12 12 12 12 12 12 12 12 12 12 12 12 12 12 12 12 12 12 12 12 12 12 12 12 12 12 12 12 12 12 12 12 12 12 12 12 12 12 12 12 12 12 12 12 12 12 12 12 12 12 12 12 12 12 12 12 12 12 12 12 12 12 
12 12 12 12 12 12 12 12 12 12 12 12 12 12 12 12 12 12 12 12 12 12 12 12 12 12 12 12 12 12 12 12 12 12 12 12 12 12 12 12 12 12 12 12 12 12 12 12 12 12 12 12 12 12 12 12 12 12 12 12 12 12 12 12 12 12 12 12 12 12 12 12 12 12 12 12 12 12 12 12 
12 12 12 12 12 12 12 12 12 12 12 12 12 12 12 12 12 12 12 12 12 12 12 12 12 12 12 12 12 12 12 12 12 12 12 12 12 12 12 12 12 12 12 12 12 12 12 12 12 12 12 12 12 12 12 12 12 12 12 12 12 12 12 12 12 12 12 12 12 12 12 12 12 12 12 12 12 12 12 12 
12 12 12 12 12 12 12 12 12 12 12 12 12 12 12 12 12 12 12 12 12 12 12 12 12 12 12 12 12 12 12 12 12 12 12 12 12 12 12 12 12 12 12 12 12 12 12 12 12 12 12 12 12 12 12 12 12 12 12 12 12 12 12 12 12 12 12 12 12 12 12 12 12 12 12 12 12 12 12 12 
12 12 12 12 12 12 12 12 12 12 12 12 12 12 12 12 12 12 12 12 12 12 12 12 12 12 12 12 12 12 12 12 12 12 12 12 12 12 12 12 12 12 12 12 12 12 12 12 12 12 12 12 12 12 12 12 12 12 12 12 12 12 12 12 12 12 12 12 12 12 12 12 12 12 12 12 12 12 12 12 
12 12 12 12 12 12 12 12 12 12 12 12 12 12 12 12 12 12 12 12 12 12 12 12 12 12 12 12 12 12 12 12 12 12 12 12 12 12 12 12 12 12 12 12 12 12 12 12 12 12 12 12 12 12 12 12 12 12 12 12 12 12 12 12 12 12 12 12 12 12 12 12 12 12 12 12 12 12 12 12 
12 12 12 12 12 12 12 12 12 12 12 12 12 12 12 12 12 12 12 12 12 12 12 12 12 12 12 12 12 12 12 12 12 12 12 12 12 12 12 12 12 12 12 12 12 12 12 12 12 12 12 12 12 12 12 12 12 12 12 12 12 12 12 12 12 12 12 12 12 12 12 12 12 12 12 12 12 12 12 12 
12 12 12 12 12 12 12 12 12 12 12 12 12 12 12 12 12 12 12 12 12 12 12 12 12 12 12 12 12 12 12 12 12 12 12 12 12 12 12 12 12 12 12 12 12 12 12 12 12 12 12 12 12 12 12 12 12 12 12 12 12 12 12 12 12 12 12 12 12 12 12 12 12 12 12 12 12 12 12 12 
12 12 12 12 12 12 12 12 12 12 12 12 12 12 12 12 12 12 12 12 12 12 12 12 12 12 12 12 12 12 12 12 12 12 12 12 12 12 12 12 12 12 12 12 12 12 12 12 12 12 12 12 12 12 12 12 12 12 12 12 12 12 12 12 12 12 12 12 12 12 12 12 12 12 12 12 12 12 12 12 
12 12 12 12 12 12 12 12 12 12 12 12 12 12 12 12 12 12 12 12 12 12 12 12 12 12 12 12 12 12 12 12 12 12 12 12 12 12 12 12 12 12 12 12 12 12 12 12 12 12 12 12 12 12 12 12 12 12 12 12 12 12 12 12 12 12 12 12 12 12 12 12 12 12 12 12 12 12 12 12 
12 12 12 12 12 12 12 12 12 12 12 12 12 12 12 12 12 12 12 12 12 12 12 12 12 12 12 12 12 12 12 12 12 12 12 12 12 12 12 12 12 12 12 12 12 12 12 12 12 12 12 12 12 12 12 12 12 12 12 12 12 12 12 12 12 12 12 12 12 12 12 12 12 12 12 12 12 12 12 12 
12 12 12 12 12 12 12 12 12 12 12 12 12 12 12 12 12 12 12 12 12 12 12 12 12 12 12 12 12 12 12 12 12 12 12 12 12 12 12 12 12 12 12 12 12 12 12 12 12 12 12 12 12 12 12 12 12 12 12 12 12 12 12 12 12 12 12 12 12 12 12 12 12 12 12 12 12 12 12 12 
12 12 12 12 12 12 12 12 12 12 12 12 12 12 12 12 12 12 12 12 12 12 12 12 12 12 12 12 12 12 12 12 12 12 12 12 12 12 12 12 12 12 12 12 12 12 12 12 12 12 12 12 12 12 12 12 12 12 12 12 12 12 12 12 12 12 12 12 12 12 12 12 12 12 12 12 12 12 12 12 
12 12 12 12 12 12 12 12 12 12 12 12 12 12 12 12 12 12 12 12 12 12 12 12 12 12 12 12 12 12 12 12 12 12 12 12 12 12 12 12 12 12 12 12 12 12 12 12 12 12 12 12 12 12 12 12 12 12 12 12 12 12 12 12 12 12 12 12 12 12 12 12 12 12 12 12 12 12 12 12 
12 12 12 12 12 12 12 12 12 12 12 12 12 12 12 12 12 12 12 12 12 12 12 12 12 12 12 12 12 12 12 12 12 12 12 12 12 12 12 12 12 12 12 12 12 12 12 12 12 12 12 12 12 12 12 12 12 12 12 12 12 12 12 12 12 12 12 12 12 12 12 12 12 12 12 12 12 12 12 12 
12 12 12 12 12 12 12 12 12 12 12 12 12 12 12 12 12 12 12 12 12 12 12 12 12 12 12 12 12 12 12 12 12 12 12 12 12 12 12 12 12 12 12 12 12 12 12 12 12 12 12 12 12 12 12 12 12 12 12 12 12 12 12 12 12 12 12 12 12 12 12 12 12 12 12 12 12 12 12 12 
12 12 12 12 12 12 12 12 12 12 12 12 12 12 12 12 12 12 12 12 12 12 12 12 12 12 12 12 12 12 12 12 12 12 12 12 12 12 12 12 12 12 12 12 12 12 12 12 12 12 12 12 12 12 12 12 12 12 12 12 12 12 12 12 12 12 12 12 12 12 12 12 12 12 12 12 12 12 12 12 
12 12 12 12 12 12 12 12 12 12 12 12 12 12 12 12 12 12 12 12 12 12 12 12 12 12 12 12 12 12 12 12 12 12 12 12 12 12 12 12 12 12 12 12 12 12 12 12 12 12 12 12 12 12 12 12 12 12 12 12 12 12 12 12 12 12 12 12 12 12 12 12 12 12 12 12 12 12 12 12 
12 12 12 12 12 12 12 12 12 12 12 12 12 12 12 12 12 12 12 12 12 12 12 12 12 12 12 12 12 12 12 12 12 12 12 12 12 12 12 12 12 12 12 12 12 12 12 12 12 12 12 12 12 12 12 12 12 12 12 12 12 12 12 12 12 12 12 12 12 12 12 12 12 12 12 12 12 12 12 12 
12 12 12 12 12 12 12 12 12 12 12 12 12 12 12 12 12 12 12 12 12 12 12 12 12 12 12 12 12 12 12 12 12 12 12 12 12 12 12 12 12 12 12 12 12 12 12 12 12 12 12 12 12 12 12 12 12 12 12 12 12 12 12 12 12 12 12 12 12 12 12 12 12 12 12 12 12 12 12 12 
12 12 12 12 12 12 12 12 12 12 12 12 12 12 12 12 12 12 12 12 12 12 12 12 12 12 12 12 12 12 12 12 12 12 12 12 12 12 12 12 12 12 12 12 12 12 12 12 12 12 12 12 12 12 12 12 12 12 12 12 12 12 12 12 12 12 12 12 12 12 12 12 12 12 12 12 12 12 12 12 
12 12 12 12 12 12 12 12 12 12 12 12 12 12 12 12 12 12 12 12 12 12 12 12 12 12 12 12 12 12 12 12 12 12 12 12 12 12 12 12 12 12 12 12 12 12 12 12 12 12 12 12 12 12 12 12 12 12 12 12 12 12 12 12 12 12 12 12 12 12 12 12 12 12 12 12 12 12 12 12 
12 12 12 12 12 12 12 12 12 12 12 12 12 12 12 12 12 12 12 12 12 12 12 12 12 12 12 12 12 12 12 12 12 12 12 12 12 12 12 12 12 12 12 12 12 12 12 12 12 12 12 12 12 12 12 12 12 12 12 12 12 12 12 12 12 12 12 12 12 12 12 12 12 12 12 12 12 12 12 12 
12 12 12 12 12 12 12 12 12 12 12 12 12 12 12 12 12 12 12 12 12 12 12 12 12 12 12 12 12 12 12 12 12 12 12 12 12 12 12 12 12 12 12 12 12 12 12 12 12 12 12 12 12 12 12 12 12 12 12 12 12 12 12 12 12 12 12 12 12 12 12 12 12 12 12 12 12 12 12 12 
12 12 12 12 12 12 12 12 12 12 12 12 12 12 12 12 12 12 12 12 12 12 12 12 12 12 12 12 12 12 12 12 12 12 12 12 12 12 12 12 12 12 12 12 12 12 12 12 12 12 12 12 12 12 12 12 12 12 12 12 12 12 12 12 12 12 12 12 12 12 12 12 12 12 12 12 12 12 12 12 
12 12 12 12 12 12 12 12 12 12 12 12 12 12 12 12 12 12 12 12 12 12 12 12 12 12 12 12 12 12 12 12 12 12 12 12 12 12 12 12 12 12 12 12 12 12 12 12 12 12 12 12 12 12 12 12 12 12 12 12 12 12 12 12 12 12 12 12 12 12 12 12 12 12 12 12 12 12 12 12 
12 12 12 12 12 12 12 12 12 12 12 12 12 12 12 12 12 12 12 12 12 12 12 12 12 12 12 12 12 12 12 12 12 12 12 12 12 12 12 12 12 12 12 12 12 12 12 12 12 12 12 12 12 12 12 12 12 12 12 12 12 12 12 12 12 12 12 12 12 12 12 12 12 12 12 12 12 12 12 12 
12 12 12 12 12 12 12 12 12 12 12 12 12 12 12 12 12 12 12 12 12 12 12 12 12 12 12 12 12 12 12 12 12 12 12 12 12 12 12 12 12 12 12 12 12 12 12 12 12 12 12 12 12 12 12 12 12 12 12 12 12 12 12 12 12 12 12 12 12 12 12 12 12 12 12 12 12 12 12 12 
12 12 12 12 12 12 12 12 12 12 12 12 12 12 12 12 12 12 12 12 12 12 12 12 12 12 12 12 12 12 12 12 12 12 12 12 12 12 12 12 12 12 12 12 12 12 12 12 12 12 12 12 12 12 12 12 12 12 12 12 12 12 12 12 12 12 12 12 12 12 12 12 12 12 12 12 12 12 12 12 
12 12 12 12 12 12 12 12 12 12 12 12 12 12 12 12 12 12 12 12 12 12 12 12 12 12 12 12 12 12 12 12 12 12 12 12 12 12 12 12 12 12 12 12 12 12 12 12 12 12 12 12 12 12 12 12 12 12 12 12 12 12 12 12 12 12 12 12 12 12 12 12 12 12 12 12 12 12 12 12 
12 12 12 12 12 12 12 12 12 12 12 12 12 12 12 12 12 12 12 12 12 12 12 12 12 12 12 12 12 12 12 12 12 12 12 12 12 12 12 12 12 12 12 12 12 12 12 12 12 12 12 12 12 12 12 12 12 12 12 12 12 12 12 12 12 12 12 12 12 12 12 12 12 12 12 12 12 12 12 12 
12 12 12 12 12 12 12 12 12 12 12 12 12 12 12 12 12 12 12 12 12 12 12 12 12 12 12 12 12 12 12 12 12 12 12 12 12 12 12 12 12 12 12 12 12 12 12 12 12 12 12 12 12 12 12 12 12 12 12 12 12 12 12 12 12 12 12 12 12 12 12 12 12 12 12 12 12 12 12 12 
12 12 12 12 12 12 12 12 12 12 12 12 12 12 12 12 12 12 12 12 12 12 12 12 12 12 12 12 12 12 12 12 12 12 12 12 12 12 12 12 12 12 12 12 12 12 12 12 12 12 12 12 12 12 12 12 12 12 12 12 12 12 12 12 12 12 12 12 12 12 12 12 12 12 12 12 12 12 12 12 
12 12 12 12 12 12 12 12 12 12 12 12 12 12 12 12 12 12 12 12 12 12 12 12 12 12 12 12 12 12 12 12 12 12 12 12 12 12 12 12 12 12 12 12 12 12 12 12 12 12 12 12 12 12 12 12 12 12 12 12 12 12 12 12 12 12 12 12 12 12 12 12 12 12 12 12 12 12 12 12 
12 12 12 12 12 12 12 12 12 12 12 12 12 12 12 12 12 12 12 12 12 12 12 12 12 12 12 12 12 12 12 12 12 12 12 12 12 12 12 12 12 12 12 12 12 12 12 12 12 12 12 12 12 12 12 12 12 12 12 12 12 12 12 12 12 12 12 12 12 12 12 12 12 12 12 12 12 12 12 12 
12 12 12 12 12 12 12 12 12 12 12 12 12 12 12 12 12 12 12 12 12 12 12 12 12 12 12 12 12 12 12 12 12 12 12 12 12 12 12 12 12 12 12 12 12 12 12 12 12 12 12 12 12 12 12 12 12 12 12 12 12 12 12 12 12 12 12 12 12 12 12 12 12 12 12 12 12 12 12 12 
12 12 12 12 12 12 12 12 12 12 12 12 12 12 12 12 12 12 12 12 12 12 12 12 12 12 12 12 12 12 12 12 12 12 12 12 12 12 12 12 12 12 12 12 12 12 12 12 12 12 12 12 12 12 12 12 12 12 12 12 12 12 12 12 12 12 12 12 12 12 12 12 12 12 12 12 12 12 12 12 
