26 26 26 26 26 26 26 26 26 26 26 26 26 26 26 26 26 26 26 26 26 26 26 26 25 25 25 25 25 25 24 24 24 24 23 23 22 22 21 21 21 20 20 20 19 19 18 18 17 17 16 16 16 15 15 15 14 14 15 15 15 15 16 16 16 16 17 17 17 17 18 18 18 18 18 19 19 19 19 19 
26 26 26 26 26 26 26 26 26 26 26 26 26 26 26 26 26 26 26 26 26 25 25 25 25 25 25 24 24 24 23 23 23 22 22 21 21 20 20 19 19 18 18 18 17 17 16 16 16 15 15 15 15 15 15 15 15 16 16 16 16 17 17 17 17 18 18 18 18 19 19 19 19 19 20 20 24 25 26 26 
26 26 26 26 26 26 26 26 26 26 26 26 26 26 26 26 26 26 25 25 25 25 24 24 23 23 23 22 22 21 21 21 20 20 19 19 18 18 17 17 16 16 16 15 15 15 15 15 16 16 16 16 17 17 17 17 18 18 18 18 19 19 19 19 19 20 20 20 20 20 20 25 25 25 25 25 25 25 25 25 
26 26 26 26 26 26 26 26 26 26 26 26 26 26 26 25 25 25 24 24 23 23 23 22 22 21 21 20 20 19 19 18 18 18 17 17 16 16 15 15 15 15 16 16 16 16 17 17 17 17 18 18 18 18 19 19 19 20 20 20 20 20 20 21 21 21 21 25 25 25 25 25 25 25 25 25 25 25 25 25 
25 25 25 25 25 25 25 25 25 25 25 25 25 25 24 24 23 23 22 22 21 21 20 20 19 19 19 18 18 17 17 16 16 16 15 16 16 16 16 17 17 17 17 18 18 18 18 19 19 19 20 20 20 21 21 21 21 21 21 21 21 22 23 24 24 24 24 25 25 25 25 25 25 25 25 25 25 25 25 25 
25 25 25 25 25 25 25 25 25 25 24 24 24 23 23 22 22 21 21 20 20 19 19 18 18 17 17 17 16 16 16 16 16 16 17 17 17 17 18 18 18 19 19 19 19 20 20 20 21 21 21 21 22 22 22 22 22 22 22 23 24 24 24 24 24 24 24 24 24 24 24 24 24 24 24 24 24 24 24 24 
25 25 25 25 25 24 24 24 23 23 23 23 22 22 21 21 20 20 19 19 18 18 17 17 16 16 16 16 17 17 17 17 18 18 18 18 19 19 19 19 20 20 20 21 21 21 21 22 22 22 22 22 23 23 23 23 23 24 24 24 24 24 24 24 24 24 24 24 24 24 24 24 24 24 24 24 24 24 24 24 
24 24 24 24 24 24 23 23 23 22 22 21 21 21 20 20 19 19 18 18 17 17 17 16 16 17 17 17 18 18 18 18 19 19 19 20 20 20 20 21 21 21 22 22 22 22 22 23 23 23 23 23 24 24 24 24 24 24 24 24 24 24 24 24 24 24 24 24 24 24 24 24 24 24 24 24 24 24 24 24 
24 24 23 23 23 22 22 22 21 21 21 20 20 19 19 19 18 18 17 17 17 17 17 17 18 18 18 19 19 19 19 20 20 20 21 21 21 22 22 22 22 22 23 23 23 23 23 24 24 24 24 24 25 24 24 24 24 24 24 23 23 23 23 23 23 23 23 23 23 23 23 23 23 23 23 23 23 23 24 23 
23 22 22 22 22 21 21 21 20 20 19 19 19 18 18 17 17 17 17 18 18 18 18 19 19 19 20 20 20 21 21 21 21 22 22 22 23 23 23 23 23 23 24 24 24 24 24 25 25 25 25 24 24 24 24 24 24 23 23 23 23 23 23 23 23 23 23 23 23 23 23 23 23 23 23 23 23 23 23 22 
22 22 21 21 21 20 20 20 19 19 18 18 18 17 17 18 18 18 18 19 19 19 20 20 20 20 21 21 21 22 22 22 23 23 23 23 23 24 24 24 24 24 24 25 25 25 25 25 26 26 24 24 24 24 24 24 23 23 23 23 23 23 23 23 23 23 23 22 22 22 23 23 23 23 23 22 22 22 22 22 
21 21 20 20 20 19 19 19 19 18 18 18 18 18 18 19 19 19 20 20 20 21 21 21 22 22 22 23 23 23 23 23 24 24 24 24 24 24 25 25 25 25 25 25 25 26 26 26 24 24 24 24 24 24 23 23 23 23 23 23 23 23 23 22 22 22 22 22 22 22 22 22 22 22 22 22 21 21 21 21 
20 20 20 19 19 19 18 18 18 18 19 19 19 19 20 20 20 21 21 21 22 22 22 23 23 23 24 24 24 24 24 24 24 25 25 25 25 25 25 25 25 26 26 26 25 25 24 24 24 24 24 24 23 23 23 23 23 23 23 23 22 22 22 22 22 22 22 22 22 22 21 21 21 21 21 21 21 21 20 20 
19 19 19 18 18 19 19 19 19 20 20 20 20 21 21 21 22 22 22 23 23 23 24 24 24 24 25 25 25 25 25 25 25 25 25 26 26 26 26 25 25 25 25 24 24 24 24 24 24 24 23 23 23 23 23 23 22 22 22 22 22 22 22 22 22 22 21 21 21 21 21 21 21 21 20 20 20 20 20 19 
19 19 19 19 20 20 20 20 21 21 21 22 22 22 23 23 23 23 24 24 24 25 25 25 25 25 25 25 26 26 26 26 26 26 26 25 25 25 25 24 24 24 24 24 24 24 24 23 23 23 23 23 22 22 22 22 22 22 22 22 21 21 21 21 21 21 21 21 21 21 20 20 20 20 20 20 20 19 19 19 
20 20 20 21 21 21 22 22 22 22 23 23 23 24 24 24 24 25 25 25 25 25 25 25 26 26 26 26 26 26 25 25 25 25 24 24 24 23 23 24 24 24 24 24 23 23 23 23 23 22 22 22 22 22 21 21 21 21 21 21 21 21 21 21 21 21 20 20 20 20 20 20 20 20 19 20 20 20 20 20 
21 21 21 21 22 22 22 23 23 23 23 23 24 24 24 24 25 25 25 25 25 25 26 26 26 26 26 25 25 25 25 24 24 24 24 23 23 22 24 24 24 24 24 23 23 23 23 23 22 22 22 22 22 21 21 21 21 21 21 21 21 21 21 21 21 20 20 20 20 20 20 20 20 20 20 20 20 21 21 21 
21 22 22 22 22 23 23 23 23 23 23 24 24 24 24 25 25 25 25 25 26 26 26 26 25 25 25 25 25 24 24 24 23 23 23 22 22 21 24 24 24 24 23 23 23 23 23 22 22 22 22 21 21 21 21 21 20 20 20 21 21 21 20 20 20 20 20 20 20 20 20 20 20 20 21 21 21 21 21 22 
22 22 22 23 23 23 23 23 23 24 24 24 24 24 24 25 25 25 25 26 26 26 25 25 25 25 24 24 24 23 23 23 22 22 21 21 20 19 24 24 24 24 23 23 23 23 22 22 22 22 21 21 21 21 20 20 20 20 20 20 20 20 20 20 20 20 20 20 20 20 20 20 21 21 21 21 22 22 22 22 
23 23 23 23 24 24 24 24 24 24 24 24 24 24 25 25 25 25 25 25 25 25 24 24 24 24 23 23 23 22 22 22 21 20 20 19 18 17 24 24 24 24 23 23 23 22 22 22 22 21 21 21 20 20 20 20 20 20 20 20 20 20 20 20 20 20 20 20 20 21 21 21 21 22 22 22 23 23 23 23 
24 24 24 24 24 24 24 24 24 24 24 24 24 24 24 24 24 24 24 24 24 24 23 23 23 23 23 22 22 21 21 20 19 18 17 17 16 18 23 23 23 23 23 22 22 22 21 21 21 20 20 20 20 19 19 19 20 20 20 20 20 20 20 20 20 20 20 20 21 21 22 22 22 23 23 24 24 24 24 25 
24 24 24 24 24 24 24 24 24 24 24 23 23 23 23 23 23 23 23 23 23 23 23 22 22 21 21 20 20 19 18 17 17 16 15 15 23 23 23 22 22 22 22 21 21 21 20 20 20 19 19 19 19 19 19 19 19 19 19 19 19 19 19 19 20 20 21 21 22 22 23 23 24 24 24 25 25 25 24 24 
23 23 22 22 22 22 22 21 21 21 21 21 21 21 21 21 21 21 20 20 20 20 19 18 18 17 17 17 17 17 20 21 21 21 21 21 21 20 20 20 19 19 19 19 18 18 18 18 18 18 18 18 18 18 18 18 18 19 20 21 21 22 22 23 23 24 24 25 25 25 24 24 23 23 23 22 22 22 22 21 
20 20 19 19 19 19 19 18 19 19 19 19 19 19 19 18 18 18 18 18 19 19 20 20 20 20 20 17 17 17 17 17 17 18 18 18 18 18 18 17 17 17 17 17 17 17 17 17 16 16 16 16 17 18 19 20 20 21 22 23 24 24 25 25 24 24 23 23 22 22 21 21 21 20 20 19 19 18 18 18 
17 17 17 17 17 17 17 17 17 18 18 19 19 20 20 21 21 21 22 22 22 13 13 13 13 13 14 14 14 14 14 14 14 14 15 15 15 16 16 16 16 16 15 15 15 16 17 18 19 20 21 22 23 23 24 24 24 23 23 22 21 21 20 20 19 19 18 17 17 16 16 15 15 14 14 14 14 14 15 15 
18 19 19 20 21 21 22 22 22 22 22 22 22 18 9 9 9 10 10 10 10 10 10 10 10 10 10 10 10 10 10 10 10 10 10 10 10 10 10 10 10 10 10 10 10 10 10 10 10 10 10 10 10 10 10 10 10 10 10 10 10 10 10 10 10 10 10 10 10 10 10 10 10 10 10 10 10 10 10 10 
22 22 22 11 11 11 11 11 11 12 12 12 12 13 14 15 16 17 18 19 20 20 20 21 21 21 22 22 22 23 23 23 23 23 22 22 22 22 21 20 19 18 17 16 15 14 13 12 12 11 11 11 11 12 12 12 13 15 16 17 18 20 21 22 23 22 22 22 22 22 22 22 22 22 22 22 22 22 22 22 
21 19 15 15 15 15 15 15 15 15 16 16 16 17 18 18 19 20 20 20 19 19 19 19 19 19 19 20 21 21 22 22 22 69 152 153 154 154 155 155 156 157 157 158 158 159 159 160 161 108 11 12 14 15 16 17 19 20 21 22 22 22 23 23 23 23 23 23 23 22 22 22 22 22 22 22 22 22 22 22 
18 18 18 18 18 18 18 18 18 18 17 17 17 17 17 17 17 17 17 17 17 17 17 17 16 16 16 16 16 16 112 152 153 154 154 155 155 156 156 157 158 158 159 159 160 161 58 15 15 15 16 16 17 17 18 18 19 19 20 20 21 21 22 22 22 22 22 22 22 22 22 22 22 22 23 22 22 22 12 0 
0 0 0 0 8 10 3 0 0 2 2 0 0 6 18 18 18 18 18 18 18 18 16 15 15 112 152 153 154 154 155 155 156 156 157 158 158 159 159 160 160 58 14 14 14 14 14 13 13 13 13 14 15 15 16 16 17 18 18 19 19 19 20 21 21 21 21 20 20 20 20 20 20 12 0 1 1 0 0 0 
0 0 2 6 3 0 0 0 1 0 0 0 0 0 0 1 0 0 1 1 1 2 1 51 152 153 153 154 155 155 156 156 157 158 158 159 159 160 160 111 20 20 19 19 19 19 19 19 19 19 19 18 18 18 18 17 17 16 17 17 18 18 18 18 19 19 19 19 19 19 19 16 0 1 0 0 0 0 0 0 
0 0 0 0 0 0 0 0 0 0 0 0 1 1 1 1 1 101 152 153 153 154 155 155 156 156 157 157 158 159 159 160 160 163 164 165 55 0 1 0 8 21 22 23 23 22 22 22 22 22 22 21 21 21 21 21 21 21 21 20 20 20 20 21 21 12 0 1 0 0 0 0 0 0 1 0 0 0 0 0 
0 0 0 0 0 0 0 0 0 0 0 2 3 1 1 1 1 101 152 153 153 154 155 155 156 156 157 157 158 159 159 160 160 163 164 164 55 1 1 1 1 1 0 0 0 1 2 2 1 1 1 1 7 19 19 20 20 20 20 20 20 20 20 20 20 12 0 1 0 0 0 0 0 0 1 0 0 0 0 0 
0 0 0 0 0 0 0 0 5 5 1 0 0 0 101 152 153 153 154 154 155 156 156 157 157 158 159 159 159 160 162 164 164 55 1 1 1 1 0 0 0 0 1 2 1 1 2 2 1 0 0 0 1 0 0 0 0 0 6 18 18 18 11 0 0 0 0 0 0 0 0 1 0 0 0 0 0 0 1 1 
0 0 0 0 0 0 0 0 6 7 2 0 0 0 101 152 153 153 154 154 155 156 156 157 157 158 158 159 159 160 162 163 164 55 1 1 1 1 0 0 0 1 1 1 0 1 2 2 1 0 0 0 0 0 0 0 0 0 2 2 0 0 0 0 0 0 1 0 0 0 0 1 0 0 0 1 0 1 2 2 
1 1 1 1 0 0 0 1 4 4 1 0 0 0 101 152 153 153 154 154 155 155 156 157 157 158 158 159 159 160 162 163 164 55 1 1 1 1 0 0 0 1 2 0 0 0 1 1 0 0 0 0 0 1 1 1 0 1 2 1 0 0 0 0 0 0 1 0 0 0 0 1 0 0 0 1 0 2 3 3 
2 1 1 1 0 0 0 2 2 1 1 1 0 0 101 152 153 153 154 154 155 155 156 157 157 158 158 159 159 160 162 163 164 55 1 1 0 0 0 0 0 2 1 0 0 0 0 0 0 0 0 0 0 1 2 3 1 2 1 0 0 0 1 0 0 0 1 0 0 0 1 1 0 0 0 1 0 2 3 4 
5 2 1 1 1 0 0 1 1 0 0 0 0 0 101 152 152 153 154 154 155 155 156 157 157 158 158 158 159 159 162 163 163 55 0 0 0 0 0 0 0 2 1 0 0 0 0 0 0 0 0 0 0 1 1 2 1 2 1 0 2 5 3 0 0 0 1 0 0 1 2 1 0 0 0 1 0 0 1 6 
9 4 1 1 1 1 0 1 1 0 0 0 0 0 101 152 152 153 154 154 155 155 156 156 157 157 158 158 159 159 162 163 163 55 0 0 0 0 0 0 0 1 2 0 0 0 0 0 0 0 0 0 0 1 1 1 0 1 1 1 4 10 5 0 0 0 1 0 0 1 2 1 0 0 1 1 0 0 0 6 
4 1 1 1 1 0 1 1 0 0 0 0 0 101 152 152 153 154 154 155 155 156 156 157 157 158 158 159 159 161 162 163 55 0 0 0 0 0 0 0 1 2 1 1 1 0 0 0 0 0 0 0 0 0 0 0 0 0 0 5 12 7 2 0 0 0 1 0 0 1 0 0 0 0 0 0 0 0 4 6 
3 1 0 0 1 0 0 1 0 0 0 0 0 101 152 152 153 153 154 155 155 156 156 157 157 158 158 159 159 161 162 163 55 0 0 0 0 0 0 0 2 2 1 1 1 1 1 0 0 0 0 0 0 0 0 0 0 0 0 3 7 6 3 0 0 0 1 1 1 1 0 0 0 0 0 0 0 1 2 2 
1 0 0 0 1 0 0 0 1 0 0 0 0 101 152 152 153 153 154 155 155 156 156 157 157 157 158 158 159 161 162 163 55 0 0 0 0 0 1 1 3 2 1 1 2 2 0 0 0 0 0 0 0 0 0 0 0 0 0 0 1 3 2 0 0 0 1 1 1 1 0 0 0 0 0 0 0 0 1 1 
1 0 0 0 0 0 0 1 1 0 0 0 0 101 152 152 153 153 154 154 155 155 156 156 157 157 158 158 159 161 162 162 55 0 0 0 0 0 0 1 2 1 1 1 2 1 0 0 0 0 0 1 0 0 1 0 0 1 0 0 0 1 1 0 0 0 1 1 1 1 1 0 0 0 0 0 0 0 1 0 
0 0 0 0 0 0 0 1 0 0 0 0 0 101 152 152 153 153 154 154 155 155 156 156 157 157 158 158 159 161 162 55 0 0 0 0 0 0 0 1 1 0 0 1 2 1 0 0 0 0 0 0 0 0 1 1 2 1 1 0 0 0 0 0 0 0 1 1 1 1 1 0 0 0 0 0 0 0 0 0 
0 0 0 0 0 0 1 1 0 0 0 0 0 100 151 152 153 153 154 154 155 155 156 156 157 157 158 158 159 160 161 54 0 0 0 0 0 0 0 1 0 0 0 1 1 0 0 0 0 0 1 0 0 0 1 1 2 2 1 1 0 0 0 0 0 0 0 0 1 1 1 0 0 0 0 0 0 0 0 0 
0 0 0 0 0 0 1 0 0 0 0 0 0 100 151 152 153 153 154 154 155 155 156 156 156 157 157 158 158 53 0 0 0 1 0 0 0 0 0 1 1 1 1 1 1 0 0 0 0 0 1 1 0 0 0 1 1 1 0 0 0 1 1 0 0 0 0 0 1 1 1 0 0 0 0 0 0 0 0 0 
0 0 0 0 0 0 0 0 0 1 0 0 0 100 151 152 152 153 153 154 154 155 155 156 156 157 157 158 158 53 0 0 0 1 1 1 0 0 0 1 1 2 2 1 1 0 0 0 0 0 0 0 0 0 0 0 0 0 0 0 0 1 1 0 0 0 0 0 1 1 1 0 0 0 0 0 0 0 0 0 
0 0 0 0 0 0 0 0 0 1 0 0 0 100 151 152 152 153 153 154 154 155 155 156 156 157 157 158 158 53 0 0 0 1 1 1 1 1 1 1 1 1 1 1 1 0 0 1 1 1 0 0 0 0 0 0 0 0 0 0 0 0 0 0 0 1 1 1 1 0 0 1 0 0 0 0 0 0 0 0 
0 0 0 1 0 0 0 0 0 0 0 0 0 100 151 152 152 153 153 154 154 155 155 156 156 157 157 158 158 53 0 0 1 1 1 1 3 2 1 1 2 1 0 0 1 0 1 2 1 0 0 0 0 0 0 0 0 0 0 0 0 0 1 1 1 1 1 1 1 0 0 0 0 0 0 0 0 0 0 0 
0 0 0 1 0 0 0 0 0 0 0 0 0 1 1 1 0 1 1 1 2 1 0 0 0 0 0 0 0 0 0 0 1 0 0 1 4 4 1 1 1 0 0 0 0 0 1 2 1 0 0 0 0 0 0 0 0 0 0 0 0 2 2 1 1 1 1 1 1 0 0 0 0 0 0 0 0 0 0 0 
0 0 0 1 1 0 0 0 0 0 0 0 0 1 1 1 1 1 1 0 0 1 0 0 0 1 0 0 0 0 0 1 1 0 0 0 2 1 1 1 1 1 0 0 0 0 0 1 1 0 0 0 0 0 0 0 1 1 0 0 0 3 3 1 0 0 0 0 1 1 0 0 0 0 0 1 0 0 0 0 
0 0 0 0 1 0 0 0 0 0 0 0 0 1 0 0 1 1 0 0 0 1 1 0 0 1 0 0 0 0 1 1 0 0 0 0 1 0 0 1 1 1 1 0 0 0 0 0 0 0 0 0 0 0 0 0 2 1 0 0 1 3 3 1 0 0 0 1 1 1 0 0 0 0 0 1 0 0 0 0 
0 0 0 0 1 0 0 0 0 0 0 0 0 1 0 0 0 0 0 0 0 1 1 0 0 1 1 1 1 2 2 2 0 0 0 0 0 0 0 1 1 1 0 0 0 0 0 0 0 0 0 0 0 0 0 1 2 1 0 0 0 3 3 0 0 0 1 2 1 1 0 0 0 0 0 0 0 0 0 0 
0 0 0 0 1 0 0 0 0 0 0 0 0 1 1 1 1 0 0 0 2 3 1 0 1 3 2 2 2 3 3 2 1 0 0 0 0 0 1 1 1 1 0 0 0 0 2 1 0 0 0 0 0 0 0 1 1 0 0 0 0 3 2 0 0 0 1 1 1 1 0 0 0 0 0 0 0 0 0 0 
0 0 0 0 1 0 0 0 0 0 0 0 0 1 1 1 0 0 0 0 3 3 1 0 1 4 3 3 3 4 4 3 1 0 0 0 0 0 1 0 0 0 0 0 0 0 3 2 0 0 0 0 0 0 0 1 0 0 0 0 0 3 2 0 0 0 0 1 0 0 0 0 0 0 0 0 0 0 0 0 
0 0 0 0 0 0 0 0 0 0 0 0 0 1 1 1 0 0 0 0 1 2 0 0 0 2 2 2 2 3 2 2 2 2 0 0 0 0 0 0 0 0 0 0 0 0 1 1 0 0 0 0 0 0 0 0 0 0 0 0 0 2 1 0 0 0 0 0 0 0 0 1 1 0 0 0 0 0 0 0 
0 0 0 0 0 0 0 1 0 0 1 0 0 0 0 1 0 0 0 0 0 0 0 0 0 0 1 1 1 1 0 0 3 4 1 0 0 0 0 0 0 0 0 0 0 0 0 0 0 0 0 1 1 0 0 0 0 0 0 0 1 1 1 0 0 0 0 0 0 0 0 1 1 0 0 0 0 0 0 0 
0 0 0 0 0 0 0 1 0 0 1 1 1 0 0 1 1 0 0 0 0 0 0 0 0 0 0 1 1 0 0 0 2 3 1 0 0 0 0 0 0 0 0 0 0 0 0 0 0 0 0 0 0 0 0 0 0 0 0 1 1 1 0 0 0 1 0 0 0 0 0 1 1 0 0 0 1 1 1 0 
0 0 0 0 0 0 1 1 0 0 0 1 1 1 0 0 1 0 0 0 1 0 0 0 0 1 0 0 1 1 2 1 1 2 1 0 0 0 0 0 0 0 0 1 0 0 0 0 0 0 0 0 0 0 1 0 0 0 0 1 0 0 0 0 1 1 0 0 0 0 0 1 1 0 0 0 1 1 1 0 
0 0 0 0 0 0 1 1 0 0 0 1 2 1 0 0 1 1 0 0 1 0 0 0 0 1 0 0 0 0 3 1 0 0 1 0 0 0 0 0 0 0 0 1 0 0 1 2 1 0 0 0 0 0 1 0 0 0 1 1 0 0 0 1 1 1 1 0 0 0 0 1 1 0 0 0 1 1 0 0 
0 0 0 0 0 0 0 1 1 1 1 1 1 1 1 1 1 1 0 0 0 0 0 0 0 0 0 0 0 0 3 1 0 0 0 0 0 0 0 0 0 0 0 1 1 1 1 4 4 1 0 0 0 0 1 0 0 1 1 1 0 0 0 1 2 2 1 0 0 0 0 0 0 0 0 0 1 1 0 0 
0 0 0 0 0 0 0 0 1 1 1 0 0 0 1 1 1 1 0 0 0 0 0 0 0 0 0 0 0 0 3 1 0 0 0 0 0 0 0 0 0 0 0 0 1 2 1 7 9 2 0 0 0 1 0 0 0 1 1 0 0 0 1 1 2 2 1 1 0 0 0 0 0 2 3 2 1 1 0 0 
0 0 0 0 0 1 0 0 0 1 1 0 0 0 0 1 1 1 1 1 0 0 0 0 0 0 0 0 0 0 2 1 0 0 0 0 0 0 1 2 1 0 0 0 0 1 1 6 7 2 0 0 1 1 0 0 0 1 1 0 0 0 1 1 1 1 1 1 1 1 1 0 0 4 8 3 1 0 0 0 
0 0 0 0 0 3 1 0 0 0 1 1 0 0 0 1 2 1 1 2 0 0 0 0 0 0 0 0 0 0 0 0 0 0 0 0 0 0 2 5 2 0 0 0 0 0 0 2 3 1 0 1 2 2 6 2 0 0 0 0 0 1 1 1 1 1 1 1 1 1 1 0 0 5 10 5 2 0 0 0 
0 0 0 0 1 4 2 0 0 0 0 1 0 0 0 1 2 2 2 2 1 1 1 0 0 0 0 0 0 0 0 0 0 0 0 0 0 0 3 7 3 0 0 0 0 0 0 0 0 0 1 2 3 15 8 0 0 0 0 0 0 0 1 1 1 1 1 2 1 1 1 1 0 3 6 3 2 1 0 0 
0 0 0 1 1 2 1 0 0 0 0 1 0 0 0 1 2 2 2 2 1 4 3 0 0 0 0 0 0 0 0 0 0 0 0 1 1 1 2 5 6 2 1 1 0 0 0 0 0 1 1 3 3 30 47 16 0 0 1 1 0 0 0 1 2 0 1 2 1 1 0 0 1 1 1 1 3 3 0 0 
0 0 0 1 1 1 0 0 0 0 0 0 0 0 0 1 1 2 2 1 1 7 6 1 0 0 0 0 0 0 0 0 0 0 0 1 3 2 1 3 8 4 2 2 0 0 0 0 2 3 1 5 4 1 0 0 0 1 2 3 1 0 0 1 1 0 0 1 1 0 0 0 1 1 0 0 2 2 0 0 
1 2 2 0 0 0 0 0 1 1 0 0 0 1 1 1 2 1 1 6 5 1 0 0 0 0 0 0 0 0 0 0 0 1 2 1 0 2 7 3 1 2 0 0 0 0 1 2 1 4 4 33 16 33 16 4 9 18 7 0 0 0 1 0 0 1 1 0 0 0 1 1 0 0 1 1 0 0 0 0 
3 3 1 0 0 0 0 1 0 0 0 0 0 0 1 1 2 1 5 4 1 0 0 0 1 1 0 0 0 0 0 0 0 1 0 0 1 4 2 1 1 0 0 0 0 1 1 0 1 2 1 0 0 34 51 22 32 47 16 0 0 0 0 0 1 1 0 0 0 1 1 0 0 0 0 1 1 0 0 2 
3 3 1 0 0 0 1 2 1 0 0 0 0 0 0 1 2 2 4 3 0 0 0 0 1 1 1 0 0 0 1 0 0 0 0 0 0 1 0 0 0 0 0 0 0 0 0 1 0 0 34 28 5 0 0 0 0 0 1 1 0 0 2 2 1 1 0 0 0 0 1 1 0 0 0 1 17 16 0 1 
2 2 0 0 0 0 1 2 2 0 0 0 0 0 0 1 2 1 2 1 0 0 1 2 1 1 0 0 0 1 1 0 0 0 0 0 0 1 0 0 0 0 0 0 0 0 2 6 3 1 1 1 0 0 0 0 0 0 2 2 0 1 159 81 84 96 62 53 77 78 72 73 37 0 41 82 83 77 71 72 
77 62 62 77 42 5 1 7 8 39 38 0 37 37 38 39 39 40 41 46 47 66 64 41 1 0 0 0 0 2 2 0 0 1 0 0 1 0 0 0 0 0 0 0 0 0 3 11 6 0 154 78 37 18 33 50 88 69 18 1 0 1 4 3 7 176 207 96 58 112 82 72 42 0 5 42 79 74 63 72 
56 51 45 46 37 0 1 7 8 1 0 0 1 1 1 6 6 26 26 42 42 42 59 18 1 0 0 0 0 1 2 0 0 1 0 0 1 0 0 0 1 1 0 0 0 0 2 9 5 0 34 51 51 187 255 119 167 125 26 1 0 0 170 142 57 62 34 0 42 43 1 1 1 0 39 79 41 0 0 0 
0 1 0 37 37 0 1 26 26 29 28 0 28 28 29 30 31 34 38 43 49 65 65 40 1 1 1 1 0 0 1 1 0 1 1 0 0 0 0 1 2 2 1 0 0 0 1 5 3 1 34 51 17 2 1 0 34 17 0 0 0 0 2 1 0 0 0 0 0 1 1 1 1 0 0 0 1 0 0 0 
1 1 0 0 0 0 1 1 1 1 0 0 1 2 2 1 0 0 1 0 0 0 1 0 0 1 1 1 0 0 1 1 0 1 1 0 0 0 0 2 3 2 1 0 0 0 0 1 0 0 1 1 0 2 1 0 0 0 0 0 0 0 16 54 38 38 47 40 74 84 78 78 84 82 41 43 83 68 42 53 
37 1 39 65 67 55 15 1 1 0 51 95 95 51 1 46 46 0 1 0 0 1 1 48 47 0 1 0 0 0 1 0 0 1 0 0 0 0 2 2 2 2 1 1 0 0 0 0 0 0 34 51 48 37 11 0 0 17 8 0 0 0 27 27 0 0 16 21 47 84 42 14 55 48 26 25 8 29 44 18 
0 0 60 80 11 84 0 1 0 0 102 0 0 0 102 1 0 1 0 0 1 1 102 0 0 1 0 0 0 1 0 0 0 0 0 0 0 1 3 1 1 1 1 0 0 0 0 0 0 17 51 48 40 21 0 0 17 32 0 0 0 1 36 60 0 0 0 0 1 0 0 0 85 0 1 3 2 0 0 0 
0 0 81 46 80 34 1 1 1 0 102 0 1 0 0 0 1 1 1 1 1 1 0 102 0 1 1 0 0 1 1 1 1 0 0 1 1 1 3 1 0 1 2 1 0 0 0 0 0 0 51 51 1 1 0 0 1 2 2 2 2 2 2 2 2 2 2 2 2 2 2 2 2 2 2 2 2 2 2 2 
2 2 2 2 2 2 2 2 2 2 2 2 2 2 2 2 2 2 2 2 2 2 2 2 2 2 2 2 2 2 2 2 2 2 2 2 2 2 2 2 2 2 2 2 2 2 2 2 2 2 2 2 2 2 2 2 2 2 2 2 2 2 2 2 2 2 2 2 2 2 2 2 2 2 2 2 2 2 2 2 
2 2 2 2 2 2 2 2 2 2 2 2 2 2 2 2 2 2 2 2 2 2 2 2 2 2 2 2 2 2 2 2 2 2 2 2 2 2 2 2 2 2 2 2 2 2 2 2 2 2 2 2 2 2 2 2 2 2 2 2 2 2 2 2 2 2 2 2 2 2 2 2 2 2 2 2 2 2 2 2 
