106 107 107 107 108 108 109 109 109 109 110 110 110 110 110 110 111 111 111 111 111 110 110 110 110 110 110 110 109 109 109 109 108 108 108 107 107 107 106 106 106 106 105 105 105 104 104 103 103 102 102 101 101 99 97 95 93 92 90 88 87 85 84 83 82 81 80 79 78 77 76 75 75 74 74 74 74 74 76 77 
106 107 107 108 108 109 109 109 110 110 110 110 111 111 111 111 111 111 111 111 111 111 111 111 111 111 111 110 110 109 109 109 109 109 108 108 108 107 107 107 106 106 106 105 105 104 104 104 103 103 102 102 100 98 95 94 92 90 88 86 85 83 82 81 79 78 77 76 75 74 73 73 72 72 71 71 73 75 76 77 
107 107 108 108 109 109 109 110 110 110 110 111 111 111 112 112 112 112 112 112 112 112 112 112 112 111 111 111 110 110 110 109 109 109 109 109 108 108 108 107 107 107 106 106 105 105 104 104 104 103 103 100 98 96 94 91 89 87 85 84 82 80 79 78 77 75 74 73 72 71 70 69 69 69 70 72 73 75 76 77 
107 108 108 109 109 109 110 110 110 111 111 111 111 112 112 112 113 113 113 113 113 113 113 113 113 113 112 112 111 110 110 110 110 109 109 109 109 109 108 108 108 107 107 107 106 106 105 105 104 103 101 99 96 94 92 89 87 85 83 81 79 78 76 75 73 72 71 69 68 68 67 66 68 69 71 73 74 76 77 78 
108 108 109 109 109 110 110 110 111 111 111 112 112 112 113 113 113 114 114 114 114 114 114 114 114 114 113 113 112 111 111 111 110 110 110 110 109 109 109 109 108 108 108 107 107 107 106 106 104 102 99 97 94 92 89 87 85 82 80 78 76 74 73 71 69 68 66 65 64 63 64 67 69 71 72 74 75 77 79 80 
108 109 109 110 110 110 111 111 111 112 112 112 113 113 113 113 114 114 114 114 115 115 115 115 115 114 114 113 113 112 111 111 111 111 111 111 110 110 110 110 109 109 109 108 108 107 107 105 102 99 97 94 92 89 86 84 81 79 77 75 72 71 69 66 65 63 63 63 63 63 63 63 63 63 63 63 63 63 63 63 
113 114 114 114 115 115 115 115 115 115 116 116 116 116 115 115 114 114 113 113 113 113 113 113 112 112 112 112 111 111 111 111 110 109 106 104 101 98 95 92 89 86 84 81 78 76 73 70 68 66 64 61 60 60 60 60 60 60 60 60 60 60 60 60 60 60 60 60 60 60 60 60 60 60 60 60 60 60 60 60 
117 117 116 116 116 115 115 114 114 114 114 114 114 114 114 114 114 114 114 114 112 109 106 102 99 96 92 89 86 83 79 76 74 71 68 66 66 66 66 66 66 66 66 66 66 66 66 66 66 66 66 66 66 66 66 66 66 66 66 66 66 66 66 66 66 66 66 66 66 66 66 66 66 66 66 66 66 66 66 66 
115 115 115 115 115 115 115 113 110 106 103 100 96 92 88 85 81 77 74 71 67 64 61 60 60 60 60 60 60 60 60 60 60 60 60 60 60 60 60 60 60 60 60 60 60 60 60 60 60 60 60 60 60 60 60 60 60 60 60 60 60 60 60 60 60 60 60 60 60 60 60 60 60 60 60 60 60 60 60 60 
92 88 84 80 76 72 68 63 59 55 52 52 54 56 58 61 63 65 67 69 72 74 76 79 81 84 86 89 91 92 94 95 96 98 99 100 102 105 109 109 109 109 110 110 110 110 111 111 112 113 113 113 114 115 115 116 116 117 118 118 118 119 119 119 119 119 119 118 118 118 118 119 117 114 110 106 103 99 95 91 
87 83 79 75 71 66 62 58 54 52 54 55 56 56 56 56 56 56 56 56 56 56 56 56 56 56 56 56 56 56 56 56 56 56 56 56 56 56 56 56 56 56 56 56 56 56 56 56 56 56 56 56 56 56 56 56 56 56 56 56 56 56 56 56 56 56 56 56 56 56 56 56 56 56 56 56 56 56 56 56 
61 62 62 62 62 62 62 62 62 62 62 62 62 62 62 62 62 62 62 62 62 62 62 62 62 62 62 62 62 62 62 62 62 62 62 62 62 62 62 62 62 62 62 62 62 62 62 62 62 62 62 62 62 62 62 62 62 62 62 62 62 62 62 62 62 62 62 62 62 62 62 62 62 62 62 62 62 62 62 62 
89 92 95 99 101 104 106 108 111 109 106 103 100 96 93 90 104 104 104 104 104 104 104 104 104 104 104 104 104 104 105 106 107 107 108 108 109 109 110 111 111 112 113 113 112 110 107 104 102 99 96 93 90 87 83 79 75 70 70 70 70 70 70 70 70 70 70 70 70 70 70 70 70 70 70 70 70 70 70 70 
96 93 90 87 84 92 101 101 102 102 102 102 102 101 102 101 101 102 102 103 103 104 105 106 106 107 107 108 109 109 109 108 106 104 102 100 98 96 94 92 90 87 84 81 78 76 74 72 70 69 68 68 68 68 68 68 68 68 68 68 68 68 68 68 68 68 68 68 68 68 68 68 68 68 68 68 68 68 68 68 
101 101 102 102 102 102 103 103 103 103 103 103 104 104 105 105 105 105 103 102 100 98 96 95 93 90 88 86 84 82 80 79 77 75 74 72 71 69 69 69 69 69 69 69 69 69 69 69 69 69 69 69 69 69 69 69 69 69 69 69 69 69 69 69 69 69 69 69 69 69 69 69 69 69 69 69 69 69 69 69 
102 102 102 100 97 94 92 89 86 84 82 79 77 75 74 73 71 71 70 68 67 65 64 62 61 62 62 63 64 65 65 65 65 65 65 65 65 65 65 65 65 65 65 65 65 65 65 65 65 65 65 65 65 65 65 65 65 65 65 65 65 65 65 65 65 65 65 65 65 65 65 65 65 65 65 65 65 65 65 65 
63 62 61 60 59 59 59 59 59 59 59 59 59 59 59 59 59 59 59 59 59 59 59 59 59 59 59 59 59 59 59 59 59 59 59 59 59 59 59 59 59 59 59 59 59 59 59 59 59 59 59 59 59 59 59 59 59 59 59 59 59 59 59 59 59 59 59 59 59 59 59 59 59 59 59 59 59 59 59 59 
41 41 41 41 41 41 41 41 41 41 38 72 73 74 74 73 73 73 74 75 75 76 76 77 78 78 79 79 80 81 81 80 80 79 78 77 76 75 74 73 71 69 71 76 74 73 73 73 73 73 73 73 74 74 73 73 73 73 73 73 71 66 65 65 65 65 65 65 65 65 65 65 65 65 65 65 65 65 65 65 
63 63 63 64 66 67 69 70 72 74 77 79 79 79 79 79 78 78 77 77 76 75 74 73 72 71 69 68 68 67 67 67 0 1 1 1 0 0 0 0 0 0 0 7 5 1 0 0 2 1 0 1 0 0 0 1 1 0 1 1 1 3 2 1 41 41 41 41 41 41 41 41 41 41 41 41 41 41 41 41 
62 63 65 66 68 69 71 72 73 74 75 76 77 78 79 81 82 84 86 88 89 88 76 75 87 85 84 83 81 80 78 77 0 2 1 0 0 1 0 0 1 0 0 1 1 1 0 0 0 0 0 1 0 1 0 0 0 0 1 1 1 1 1 1 41 41 41 41 41 41 41 41 41 41 41 41 41 41 41 41 
1 0 1 0 1 2 0 3 1 0 0 1 82 81 81 80 79 79 78 77 77 76 75 94 96 97 98 99 95 91 87 83 0 1 1 0 0 1 0 0 1 1 0 0 0 0 0 0 0 0 0 1 0 1 0 0 0 0 4 3 1 1 1 1 41 41 41 41 41 41 41 41 41 41 41 41 41 41 41 41 
1 0 1 1 1 2 1 2 1 0 0 1 1 3 2 1 2 1 1 1 1 1 0 0 0 77 77 77 77 77 100 101 0 1 1 0 0 0 0 0 1 1 0 0 0 0 0 0 1 1 0 0 1 0 0 0 0 1 7 5 0 0 0 0 41 41 41 41 41 41 41 41 41 41 41 41 41 41 41 41 
0 1 0 1 1 2 1 2 0 0 1 0 2 2 1 1 3 2 1 0 0 1 1 0 0 0 0 0 3 3 1 0 0 0 0 1 0 0 0 0 1 2 0 0 0 0 0 0 2 1 0 0 1 0 0 0 0 1 9 6 0 0 0 0 41 41 41 41 41 41 41 41 41 41 41 41 41 41 41 41 
0 1 0 1 1 1 2 1 0 0 1 1 2 1 0 2 3 2 1 0 0 0 1 0 0 0 0 0 3 2 0 0 0 0 0 1 1 0 0 0 1 2 0 0 1 1 0 2 3 2 1 1 1 1 0 0 0 2 6 4 0 1 0 0 41 41 41 41 41 41 41 41 41 41 41 41 41 41 41 41 
0 1 1 1 1 1 1 1 0 0 1 2 2 0 0 1 2 1 0 0 0 0 1 1 1 2 0 2 2 1 0 0 1 0 0 1 2 0 0 0 1 2 0 0 1 2 0 3 4 3 2 1 1 1 0 0 0 3 2 1 1 2 0 1 41 41 41 41 41 41 41 41 41 41 41 41 41 41 41 41 
0 1 3 1 1 1 0 1 0 0 1 3 1 0 0 0 0 0 0 0 0 0 1 1 3 3 0 3 1 0 0 1 1 0 0 1 2 0 0 1 2 1 0 0 1 2 0 3 3 5 6 1 1 1 1 0 0 2 1 0 0 1 0 1 41 41 41 41 41 41 41 41 41 41 41 41 41 41 41 41 
0 1 2 1 0 0 0 1 0 0 1 3 1 0 0 0 0 0 0 0 0 0 1 1 2 3 0 3 1 0 3 6 2 0 0 1 2 0 0 2 2 1 0 0 1 1 0 1 2 8 10 1 2 1 1 1 0 2 1 0 0 1 0 1 41 41 41 41 41 41 41 41 41 41 41 41 41 41 41 41 
1 2 1 0 0 0 0 0 0 1 2 2 0 0 0 0 1 0 0 0 0 1 1 1 2 0 2 1 1 6 12 2 0 0 1 2 0 0 2 3 0 0 1 1 1 0 0 1 9 12 1 2 1 1 1 0 2 1 0 0 0 0 1 41 41 41 41 41 41 41 41 41 41 41 41 41 41 41 41 0 
1 1 1 0 0 0 0 0 0 1 2 2 1 1 1 0 1 0 0 0 0 1 0 0 1 0 1 0 1 7 15 4 1 0 0 1 1 0 1 2 0 0 0 0 0 0 0 1 6 7 1 1 0 1 1 0 1 1 0 0 0 0 0 41 41 41 41 41 41 41 41 41 41 41 41 41 41 41 41 0 
1 2 1 0 0 0 0 0 0 1 3 2 1 1 2 1 1 0 0 0 0 1 0 0 1 0 0 0 1 4 9 5 2 0 0 0 2 1 1 1 0 1 0 0 0 0 0 2 3 2 1 0 0 1 1 0 0 1 1 0 0 0 0 41 41 41 41 41 41 41 41 41 41 41 41 41 41 41 41 0 
1 3 1 0 1 0 0 1 1 2 4 1 1 2 2 2 0 1 0 0 0 1 0 0 1 0 0 0 0 1 2 4 1 0 0 1 2 1 1 1 0 1 0 0 0 0 0 1 1 1 1 0 0 0 0 0 1 1 1 0 0 0 0 41 41 41 41 41 41 41 41 41 41 41 41 41 41 41 41 1 
1 2 1 0 0 0 0 0 1 2 3 1 1 2 2 1 0 1 0 0 1 1 0 1 1 0 1 1 0 0 0 2 1 0 0 1 2 1 1 1 1 0 1 0 0 0 0 1 1 0 0 0 0 0 0 0 1 1 0 0 0 0 0 41 41 41 41 41 41 41 41 41 41 41 41 41 41 41 41 1 
1 2 0 0 0 0 0 0 1 1 1 0 1 2 2 1 0 1 0 0 1 0 0 1 1 1 3 1 1 0 0 1 0 0 0 1 1 1 1 2 1 0 1 0 0 0 0 0 0 0 0 0 0 0 0 0 2 1 0 0 0 0 0 41 41 41 41 41 41 41 41 41 41 41 41 41 41 41 41 2 
1 1 0 0 0 0 0 0 1 1 0 0 1 1 1 0 0 1 0 1 2 0 0 1 2 1 3 2 1 1 0 1 0 0 0 0 0 1 1 1 1 0 0 0 0 0 0 0 0 0 0 0 0 0 0 1 1 0 0 1 0 0 0 41 41 41 41 41 41 41 41 41 41 41 41 41 41 41 41 1 
0 0 1 1 0 0 0 0 1 2 1 1 1 1 1 0 0 0 0 1 1 1 0 0 1 1 2 1 0 0 0 2 1 0 0 0 0 1 1 1 2 0 0 0 0 0 0 0 0 0 0 0 0 0 0 1 0 0 1 1 0 0 0 41 41 41 41 41 41 41 41 41 41 41 41 41 41 41 41 0 
0 0 1 1 1 1 0 0 1 2 1 3 2 1 1 0 0 0 0 1 0 1 0 0 0 1 0 0 0 0 0 2 1 0 0 1 0 1 1 1 1 0 0 0 0 0 0 0 0 0 0 0 0 0 0 1 0 0 1 1 0 0 0 41 41 41 41 41 41 41 41 41 41 41 41 41 41 41 41 0 
0 0 1 1 1 1 2 1 1 2 1 2 1 1 1 0 1 1 1 1 0 1 0 0 0 1 0 0 0 0 0 1 0 0 1 1 1 1 1 0 1 1 0 0 0 0 0 0 0 0 0 0 1 1 0 0 1 0 0 0 0 0 0 41 41 41 41 41 41 41 41 41 41 41 41 41 41 41 41 0 
0 1 1 1 1 1 4 2 1 2 2 1 0 1 1 0 2 2 1 0 1 0 0 0 0 0 0 0 0 0 0 1 1 1 1 2 1 1 1 0 0 1 0 0 0 0 0 0 0 0 0 0 1 1 0 0 1 0 0 0 0 0 1 1 2 1 0 2 1 1 3 1 0 0 0 1 0 1 0 0 
0 1 1 0 0 2 6 3 1 1 2 0 0 0 1 0 2 3 1 0 1 0 0 0 0 0 0 0 0 0 0 3 2 1 1 1 1 1 1 0 0 1 0 0 0 0 0 0 0 0 0 0 1 1 1 0 0 0 0 0 0 0 1 1 1 1 1 1 1 0 1 1 0 0 1 1 0 1 0 0 
1 1 1 0 0 1 3 1 1 1 1 1 0 0 0 0 1 1 1 0 1 0 0 0 0 0 2 1 0 0 0 5 3 1 0 0 0 1 1 1 0 1 0 0 1 1 0 0 0 0 0 0 0 1 1 0 0 0 0 0 0 0 1 1 0 0 2 1 0 0 0 2 1 0 1 1 0 1 0 1 
2 1 0 0 0 1 1 0 1 1 1 2 1 0 0 0 0 0 0 0 1 0 0 0 1 0 3 1 0 1 1 5 3 1 0 0 1 1 1 1 0 1 0 0 1 1 0 0 0 0 0 0 0 1 1 0 0 0 0 0 0 0 1 1 0 0 1 0 0 0 1 2 1 0 1 2 1 1 2 2 
2 2 0 0 0 1 0 0 1 1 1 1 0 0 0 0 1 0 0 0 1 0 0 0 1 1 3 1 0 0 1 5 2 0 0 0 2 2 1 1 0 0 0 0 0 0 1 0 0 0 0 0 0 1 1 0 0 0 0 0 0 0 1 1 1 1 1 0 0 1 3 3 1 0 2 4 2 2 3 4 
3 2 1 0 0 1 0 1 1 1 1 1 0 0 0 1 3 1 0 0 0 0 0 0 1 2 1 0 0 0 1 4 1 0 0 0 2 1 1 1 0 0 0 0 0 0 1 0 0 1 0 0 0 1 1 0 0 0 0 0 0 0 1 1 1 1 0 0 0 1 4 3 1 0 2 5 3 3 4 5 
4 3 1 0 0 1 0 1 1 0 1 0 0 0 0 1 4 1 0 0 0 0 0 0 1 2 0 0 0 0 1 4 1 0 0 0 1 1 0 0 0 1 0 0 0 0 0 0 0 0 0 0 0 0 1 0 0 0 0 0 1 0 1 1 1 1 0 0 0 1 2 2 0 0 1 3 2 2 3 3 
2 2 3 2 0 0 0 1 0 0 0 0 0 0 0 1 2 1 0 0 0 1 0 0 0 1 0 0 0 0 1 3 1 0 0 0 0 0 0 0 0 2 1 0 0 1 0 0 0 0 1 0 0 0 0 0 1 1 0 1 2 0 0 0 1 2 0 0 0 1 0 0 0 0 0 1 1 2 1 1 
0 0 5 4 0 0 0 0 0 0 0 0 0 0 0 0 0 0 0 0 0 2 1 0 0 0 0 0 0 1 1 2 1 0 0 0 0 0 0 0 1 2 1 0 0 1 0 1 0 0 1 0 0 0 0 0 1 1 0 1 2 1 1 0 1 2 1 0 0 1 0 0 0 0 0 0 1 1 1 0 
1 0 4 3 0 0 0 0 0 0 0 0 0 0 0 0 1 0 0 0 0 1 0 0 0 0 0 0 1 1 1 1 0 0 1 1 0 0 0 0 1 2 1 0 0 1 1 1 1 0 0 0 0 0 0 0 2 1 0 0 1 1 1 1 0 1 1 0 0 1 1 0 0 0 1 1 0 1 1 1 
3 0 2 2 1 0 0 0 0 0 0 0 1 1 0 0 1 0 0 0 0 1 0 1 1 0 0 0 1 1 0 1 0 1 1 1 0 0 0 0 1 2 1 0 0 1 1 2 1 0 0 0 0 0 0 0 2 1 0 0 0 2 2 1 0 1 2 1 0 1 1 0 0 0 1 1 0 1 0 1 
4 0 0 1 1 0 0 1 0 0 0 0 1 1 0 0 2 2 1 0 0 0 0 1 1 0 0 1 1 1 0 0 1 1 1 1 1 0 0 0 1 1 1 0 0 1 1 1 0 0 0 0 0 0 0 0 1 1 1 1 1 1 1 1 1 1 1 1 0 0 0 0 0 0 0 0 0 0 0 1 
4 0 0 0 1 0 0 0 0 0 0 0 1 1 1 1 1 6 4 0 0 0 0 1 1 0 0 2 1 1 0 0 1 2 2 2 1 0 0 0 0 0 0 0 0 0 2 1 0 0 1 0 0 0 0 0 0 1 1 2 1 0 0 1 1 1 1 1 0 0 0 0 0 0 0 0 0 0 0 1 
4 0 0 0 0 0 0 0 0 0 0 0 0 1 1 3 1 11 8 0 0 0 1 1 0 0 1 2 1 0 0 1 1 2 2 2 1 1 0 0 1 0 0 3 4 1 2 1 0 0 1 0 0 0 1 2 0 0 1 1 1 0 0 0 1 1 2 1 1 1 0 0 0 0 0 0 0 0 0 1 
3 0 0 0 0 0 0 0 2 3 0 0 0 0 1 2 1 9 6 0 0 1 1 1 0 0 1 2 1 0 0 1 1 1 1 1 2 1 1 1 1 0 0 6 9 1 1 0 0 0 1 0 0 0 1 4 0 0 0 1 1 1 0 0 1 2 2 1 2 2 0 1 0 0 0 0 0 0 0 0 
1 0 0 0 0 0 0 0 4 6 0 0 0 0 0 1 0 4 3 0 1 2 2 2 8 0 0 1 0 0 0 2 1 1 1 1 2 1 1 1 2 0 0 8 12 2 2 0 0 0 1 0 0 0 2 5 1 0 0 0 1 1 0 0 1 2 3 2 2 3 0 2 1 0 0 0 0 0 0 0 
0 0 0 0 1 0 0 0 5 8 1 0 0 0 0 0 0 0 0 1 1 3 3 21 2 0 0 0 0 0 0 1 1 1 2 1 2 2 1 1 1 1 0 5 7 1 3 1 0 0 1 0 1 1 1 3 0 0 0 0 1 1 0 0 1 2 2 2 2 2 1 6 2 0 0 0 0 0 0 0 
0 0 0 0 1 1 2 1 3 6 6 1 1 1 0 0 0 0 1 2 1 5 3 44 49 0 0 1 2 1 0 0 1 2 2 0 2 2 1 1 0 1 1 1 1 1 5 2 0 0 1 0 1 1 1 1 0 0 0 1 0 1 0 0 1 1 2 2 2 1 1 10 4 0 0 0 0 0 0 0 
0 1 0 1 2 4 1 1 4 10 1 3 2 0 0 0 1 3 3 1 8 3 1 0 0 0 2 3 3 0 0 1 2 1 0 1 2 1 0 0 1 1 1 0 0 4 1 0 0 1 0 2 3 2 0 0 0 0 1 1 1 0 0 1 1 1 2 2 1 1 9 4 0 0 0 0 1 0 0 0 
1 0 0 2 3 1 0 3 9 1 2 2 0 0 0 1 2 2 1 6 3 48 0 50 0 7 10 23 0 0 0 1 1 0 1 2 1 0 0 0 2 1 0 0 2 1 0 0 0 0 3 4 3 0 0 0 0 1 2 0 0 0 0 0 1 1 2 2 1 8 3 0 0 0 1 1 1 0 0 0 
0 0 1 1 0 0 2 5 1 1 1 0 0 0 1 1 1 0 2 2 1 0 0 51 51 8 45 48 0 0 0 0 1 0 2 1 0 0 0 2 1 0 0 0 1 1 1 0 0 3 4 3 0 0 0 1 2 3 1 0 0 0 0 0 1 2 2 2 6 2 0 1 0 1 2 1 1 0 0 1 
1 0 0 0 0 0 1 2 0 1 0 0 0 0 1 0 1 2 0 1 51 17 0 0 1 0 0 0 2 1 0 1 3 2 1 1 0 0 0 1 1 1 0 0 0 2 33 0 0 2 2 2 0 0 0 1 2 3 2 0 0 0 0 0 1 2 2 1 3 1 0 1 2 2 1 1 0 0 0 2 
1 0 0 0 0 0 1 1 0 0 0 0 0 0 0 0 3 8 1 1 1 1 0 0 0 0 0 0 3 2 0 2 238 3 138 80 38 72 84 72 73 73 1 0 82 81 84 69 72 72 82 42 81 74 9 1 2 13 3 76 0 0 75 0 76 2 76 3 80 12 83 49 79 2 1 0 0 0 0 3 
2 0 1 1 0 1 1 0 0 0 0 0 0 0 0 0 5 14 2 0 231 2 55 0 50 51 107 50 3 1 0 2 5 2 13 255 191 43 84 121 61 82 1 0 10 74 84 64 61 82 30 72 18 74 0 1 2 12 3 1 0 1 1 1 1 11 1 52 0 84 0 84 34 2 1 0 0 0 0 2 
2 0 1 1 0 1 1 0 0 1 1 1 0 0 0 0 4 12 2 0 51 51 51 255 255 51 225 75 2 1 0 1 255 86 56 68 0 0 84 1 1 1 2 0 78 79 2 0 0 0 1 1 0 74 0 1 2 51 2 57 0 1 56 1 57 2 60 7 69 18 80 51 80 1 1 1 1 1 0 1 
1 1 0 2 1 0 0 0 1 2 2 2 1 0 0 0 2 7 1 1 51 51 0 3 1 0 51 0 1 0 0 1 3 0 0 0 0 0 1 1 1 1 2 0 0 1 1 0 0 1 1 1 0 0 0 1 2 1 2 1 0 1 2 2 2 1 0 1 1 0 0 1 2 0 1 1 1 1 0 1 
1 1 0 2 1 0 0 0 1 3 3 2 1 0 1 0 1 2 0 1 1 1 0 3 1 0 1 0 1 0 0 1 31 77 0 76 18 63 84 84 72 83 84 80 3 83 83 52 32 74 1 1 0 0 82 28 1 1 1 0 102 89 101 1 1 92 0 1 1 0 1 1 1 95 0 1 1 0 0 1 
1 0 1 1 0 0 0 0 3 2 2 2 1 1 0 0 0 1 0 1 51 51 47 32 1 0 1 25 0 0 0 1 54 1 0 0 32 10 84 84 1 27 84 11 41 8 7 52 36 0 0 0 1 0 11 84 0 1 1 0 102 0 1 0 102 1 0 1 1 0 1 2 102 1 0 1 1 0 0 1 
0 0 0 0 0 0 0 2 2 1 1 1 1 0 0 0 0 0 0 34 51 46 36 10 0 0 33 16 0 0 0 18 48 30 0 0 0 0 1 0 0 42 43 0 2 3 1 0 0 0 0 2 2 40 57 17 1 1 0 51 51 0 0 0 0 0 1 1 1 1 1 0 51 51 0 1 0 0 0 1 
1 1 0 0 0 1 1 1 2 0 0 1 1 0 0 0 0 0 0 17 51 34 1 0 0 0 1 2 2 2 2 2 2 2 2 2 2 2 2 2 2 2 2 2 2 2 2 2 2 2 2 2 2 2 2 2 2 2 2 2 2 2 2 2 2 2 2 2 2 2 2 2 2 2 2 2 2 2 2 2 
2 2 2 2 2 2 2 2 2 2 2 2 2 2 2 2 2 2 2 2 2 2 2 2 2 2 2 2 2 2 2 2 2 2 2 2 2 2 2 2 2 2 2 2 2 2 2 2 2 2 2 2 2 2 2 2 2 2 2 2 2 2 2 2 2 2 2 2 2 2 2 2 2 2 2 2 2 2 2 2 
2 2 2 2 2 2 2 2 2 2 2 2 2 2 2 2 2 2 2 2 2 2 2 2 2 2 2 2 2 2 2 2 2 2 2 2 2 2 2 2 2 2 2 2 2 2 2 2 2 2 2 2 2 2 2 2 2 2 2 2 2 2 2 2 2 2 2 2 2 2 2 2 2 2 2 2 2 2 2 2 
2 2 2 2 2 2 2 2 2 2 2 2 2 2 2 2 2 2 2 2 2 2 2 2 2 2 2 2 2 2 2 2 2 2 2 2 2 2 2 2 2 2 2 2 2 2 2 2 2 2 2 2 2 2 2 2 2 2 2 2 2 2 2 2 2 2 2 2 2 2 2 2 2 2 2 2 2 2 2 2 
2 2 2 2 2 2 2 2 2 2 2 2 2 2 2 2 2 2 2 2 2 2 2 2 2 2 2 2 2 2 2 2 2 2 2 2 2 2 2 2 2 2 2 2 2 2 2 2 2 2 2 2 2 2 2 2 2 2 2 2 2 2 2 2 2 2 2 2 2 2 2 2 2 2 2 2 2 2 2 2 
2 2 2 2 2 2 2 2 2 2 2 2 2 2 2 2 2 2 2 2 2 2 2 2 2 2 2 2 2 2 2 2 2 2 2 2 2 2 2 2 2 2 2 2 2 2 2 2 2 2 2 2 2 2 2 2 2 2 2 2 2 2 2 2 2 2 2 2 2 2 2 2 2 2 2 2 2 2 2 2 
2 2 2 2 2 2 2 2 2 2 2 2 2 2 2 2 2 2 2 2 2 2 2 2 2 2 2 2 2 2 2 2 2 2 2 2 2 2 2 2 2 2 2 2 2 2 2 2 2 2 2 2 2 2 2 2 2 2 2 2 2 2 2 2 2 2 2 2 2 2 2 2 2 2 2 2 2 2 2 2 
2 2 2 2 2 2 2 2 2 2 2 2 2 2 2 2 2 2 2 2 2 2 2 2 2 2 2 2 2 2 2 2 2 2 2 2 2 2 2 2 2 2 2 2 2 2 2 2 2 2 2 2 2 2 2 2 2 2 2 2 2 2 2 2 2 2 2 2 2 2 2 2 2 2 2 2 2 2 2 2 
2 2 2 2 2 2 2 2 2 2 2 2 2 2 2 2 2 2 2 2 2 2 2 2 2 2 2 2 2 2 2 2 2 2 2 2 2 2 2 2 2 2 2 2 2 2 2 2 2 2 2 2 2 2 2 2 2 2 2 2 2 2 2 2 2 2 2 2 2 2 2 2 2 2 2 2 2 2 2 2 
2 2 2 2 2 2 2 2 2 2 2 2 2 2 2 2 2 2 2 2 2 2 2 2 2 2 2 2 2 2 2 2 2 2 2 2 2 2 2 2 2 2 2 2 2 2 2 2 2 2 2 2 2 2 2 2 2 2 2 2 2 2 2 2 2 2 2 2 2 2 2 2 2 2 2 2 2 2 2 2 
2 2 2 2 2 2 2 2 2 2 2 2 2 2 2 2 2 2 2 2 2 2 2 2 2 2 2 2 2 2 2 2 2 2 2 2 2 2 2 2 2 2 2 2 2 2 2 2 2 2 2 2 2 2 2 2 2 2 2 2 2 2 2 2 2 2 2 2 2 2 2 2 2 2 2 2 2 2 2 2 
2 2 2 2 2 2 2 2 2 2 2 2 2 2 2 2 2 2 2 2 2 2 2 2 2 2 2 2 2 2 2 2 2 2 2 2 2 2 2 2 2 2 2 2 2 2 2 2 2 2 2 2 2 2 2 2 2 2 2 2 2 2 2 2 2 2 2 2 2 2 2 2 2 2 2 2 2 2 2 2 
2 2 2 2 2 2 2 2 2 2 2 2 2 2 2 2 2 2 2 2 2 2 2 2 2 2 2 2 2 2 2 2 2 2 2 2 2 2 2 2 2 2 2 2 2 2 2 2 2 2 2 2 2 2 2 2 2 2 2 2 2 2 2 2 2 2 2 2 2 2 2 2 2 2 2 2 2 2 2 2 
2 2 2 2 2 2 2 2 2 2 2 2 2 2 2 2 2 2 2 2 2 2 2 2 2 2 2 2 2 2 2 2 2 2 2 2 2 2 2 2 2 2 2 2 2 2 2 2 2 2 2 2 2 2 2 2 2 2 2 2 2 2 2 2 2 2 2 2 2 2 2 2 2 2 2 2 2 2 2 2 
