115 116 117 117 118 119 120 120 121 122 122 123 123 123 123 123 123 123 123 123 123 123 123 123 123 123 123 123 122 122 123 123 124 124 125 125 125 126 126 126 127 127 127 128 128 129 130 130 130 130 130 130 130 130 130 130 131 131 131 131 131 131 131 131 131 130 129 128 126 125 124 123 122 121 120 118 117 116 115 113 
114 115 116 117 117 118 119 120 121 121 122 123 123 123 123 123 123 123 123 123 123 123 123 123 123 123 123 122 122 122 123 123 123 124 124 125 125 125 126 126 126 127 127 128 128 129 129 129 129 129 129 129 129 130 130 130 130 130 130 130 130 131 131 130 130 128 127 126 125 124 123 121 120 119 118 116 115 114 112 112 
113 114 115 116 116 117 118 119 120 121 121 122 122 122 123 123 123 123 123 123 123 123 123 122 122 122 122 122 122 122 122 123 123 124 124 124 125 125 125 126 126 127 127 128 128 129 129 129 129 129 129 129 129 129 129 129 129 130 130 130 130 130 130 129 128 127 126 124 123 122 121 120 118 117 116 114 113 112 111 111 
112 113 114 115 115 116 117 118 119 120 121 121 122 122 122 122 122 122 122 122 122 122 122 122 122 122 122 122 122 122 122 122 123 123 124 124 124 125 125 125 126 126 127 127 128 128 128 128 128 128 128 128 128 129 129 129 129 129 129 129 129 129 128 128 126 125 124 123 122 120 119 118 117 115 114 112 111 111 110 110 
111 112 113 113 114 115 116 117 118 119 120 120 121 121 121 121 122 122 122 122 122 122 122 122 122 122 122 122 122 122 122 122 123 123 123 124 124 124 125 125 126 126 127 127 127 127 127 127 127 127 127 128 128 128 128 128 128 128 128 128 128 127 127 126 125 123 122 121 120 119 117 116 115 113 112 111 111 111 110 109 
109 110 111 112 113 114 115 116 117 118 119 120 120 120 121 121 121 121 121 121 121 121 121 121 121 121 121 121 121 121 121 122 122 123 123 123 124 124 124 125 125 126 126 127 127 126 126 126 127 127 127 127 127 127 127 127 127 127 127 127 127 126 125 124 123 122 121 119 118 117 116 114 113 112 111 111 111 109 108 107 
107 108 109 110 112 113 114 115 116 117 118 119 119 120 120 120 120 121 121 121 121 121 121 120 120 121 121 121 121 121 121 121 121 122 123 123 123 124 124 124 125 125 126 126 126 126 126 126 126 126 126 126 126 126 126 126 126 126 126 126 126 125 124 122 121 120 119 118 116 115 114 113 112 112 111 110 109 108 106 105 
105 107 108 109 110 111 112 114 115 116 117 118 119 119 119 120 120 120 120 120 120 120 120 120 120 120 120 120 120 120 120 120 121 121 122 122 123 123 123 124 124 125 125 125 125 125 125 125 125 125 125 125 125 125 125 125 125 125 125 125 124 123 122 121 120 118 117 116 115 114 112 112 112 111 110 108 107 106 104 103 
104 105 106 107 108 110 111 112 114 115 116 117 118 118 119 119 119 120 120 120 120 120 120 119 119 119 119 119 119 119 119 119 120 120 121 121 122 122 123 123 124 124 124 124 124 124 124 124 124 124 124 124 124 124 124 124 124 124 124 123 123 121 120 119 118 117 116 115 113 112 112 112 110 109 108 106 105 103 102 101 
103 104 105 106 107 108 110 111 112 114 115 116 117 118 118 119 119 119 119 119 119 119 119 119 119 118 118 118 119 119 119 118 119 119 120 120 121 121 122 122 123 123 123 123 123 123 123 123 123 123 123 123 123 123 123 123 123 123 123 122 121 120 119 118 117 116 114 113 112 112 111 110 108 107 106 104 103 102 100 98 
101 102 103 104 105 107 108 109 111 112 114 115 116 117 118 118 118 118 118 118 118 118 118 118 118 118 118 118 118 118 118 118 118 118 119 119 120 121 121 122 122 122 122 122 122 122 122 122 122 122 122 122 122 122 122 122 122 122 121 121 120 119 118 116 115 114 113 113 112 111 109 108 107 105 104 102 101 99 98 96 
97 98 99 100 102 103 105 107 109 111 112 114 115 116 117 117 118 118 118 118 118 117 117 117 117 117 117 117 117 117 117 117 117 117 118 119 119 120 120 121 121 121 121 121 121 121 121 121 121 121 121 121 121 121 121 121 121 121 121 120 118 117 116 115 114 113 113 112 110 109 108 106 105 103 101 100 98 97 95 94 
92 93 94 96 97 98 100 102 104 106 108 110 111 113 114 115 116 116 117 117 117 117 116 116 116 116 116 116 116 116 116 116 116 116 117 118 118 119 119 119 119 119 119 120 120 119 119 119 119 119 120 120 120 120 120 120 120 120 119 118 117 116 115 114 113 113 112 110 108 107 105 104 102 101 99 97 96 94 93 91 
87 88 89 91 92 93 95 97 99 101 103 105 107 108 109 110 111 112 113 113 113 114 114 115 115 115 115 115 115 115 115 115 115 115 116 117 117 118 118 118 118 118 118 118 118 118 118 118 118 118 119 119 119 119 119 119 119 119 118 117 116 115 114 114 113 111 110 108 107 105 103 102 100 98 96 94 93 91 90 88 
82 83 84 86 87 88 90 91 93 95 97 99 101 103 104 105 106 107 108 109 110 110 111 111 112 112 113 113 113 113 113 113 113 114 115 115 116 116 116 116 117 117 117 117 117 117 117 117 117 118 118 118 119 119 119 119 119 118 117 116 115 114 114 113 111 110 108 107 105 103 102 100 98 96 94 93 91 88 85 83 
76 77 79 80 81 83 84 86 88 90 92 94 96 98 99 100 101 103 104 105 106 107 107 108 109 109 110 111 111 111 111 112 112 113 113 114 115 115 115 115 115 115 116 116 116 116 116 116 116 117 117 118 118 118 118 118 118 117 116 115 115 114 113 111 110 108 107 105 104 102 101 99 97 95 93 91 88 85 82 78 
70 71 73 74 76 77 79 80 82 84 86 88 91 92 94 95 96 98 99 101 102 103 104 105 106 107 108 108 109 109 110 110 111 112 112 113 113 114 114 114 114 114 114 115 115 115 115 115 116 116 117 117 117 118 118 118 117 116 116 115 114 113 111 110 109 107 106 104 103 101 99 98 96 93 90 87 84 81 77 73 
67 68 69 69 69 69 69 69 69 69 69 69 69 69 69 69 69 69 69 69 69 69 69 69 69 69 69 69 69 69 69 69 69 69 69 69 69 69 69 69 69 69 69 69 69 69 69 69 69 69 69 69 69 69 69 69 69 69 69 69 69 69 69 69 69 69 69 69 69 69 69 69 69 69 69 69 69 69 69 69 
72 74 75 77 78 80 82 84 86 88 90 92 94 96 98 100 102 104 105 106 106 107 107 108 108 109 109 110 110 111 111 111 111 110 110 110 110 110 109 109 110 110 110 110 110 109 109 108 108 105 104 103 102 102 101 101 99 97 94 91 88 84 82 78 75 72 68 65 62 57 59 59 60 61 62 63 64 65 66 67 
68 69 70 71 73 74 77 79 80 82 84 86 88 90 92 94 97 98 99 100 101 102 103 104 105 106 107 108 109 109 108 108 107 106 105 105 105 104 103 103 103 103 103 102 101 100 100 99 99 98 97 96 96 95 94 92 90 88 86 84 82 79 77 74 71 68 66 64 62 60 62 61 60 60 60 60 60 61 61 61 
62 63 64 65 66 67 67 67 67 67 67 67 67 67 67 67 67 67 67 67 67 67 67 67 67 67 67 67 67 67 67 67 67 67 67 67 67 67 67 67 67 67 67 67 67 67 67 67 67 67 67 67 67 67 67 67 67 67 67 67 67 67 67 67 67 67 67 67 67 67 67 67 67 67 67 67 67 67 67 67 
71 71 71 71 71 71 71 71 71 71 71 71 71 71 71 71 71 71 71 71 71 71 71 71 71 71 71 71 71 71 71 71 71 71 71 71 71 71 71 71 71 71 71 71 71 71 71 71 71 71 71 71 71 71 71 71 71 71 71 71 71 71 71 71 71 71 71 71 71 71 71 71 71 71 71 71 71 71 71 71 
48 50 53 57 60 63 67 69 72 74 77 79 81 83 85 86 87 87 88 89 91 92 93 94 96 97 98 99 100 100 101 103 104 106 107 109 110 111 110 109 106 105 103 101 99 97 96 94 76 78 80 82 82 83 83 83 84 84 84 85 85 84 81 77 74 71 71 71 71 71 71 71 71 71 71 71 71 71 71 71 
102 105 109 112 113 114 115 117 118 120 122 123 124 124 124 124 125 125 125 125 124 124 122 122 120 119 118 116 115 115 114 113 113 112 111 110 109 84 75 74 74 74 74 74 74 74 75 75 75 75 76 76 76 76 75 74 73 72 72 71 71 69 68 67 65 65 67 70 74 77 81 85 88 92 96 100 103 106 110 114 
117 119 120 120 120 121 121 122 123 122 121 120 120 119 119 119 119 120 120 120 120 120 120 119 119 119 119 118 118 118 117 117 116 116 115 115 115 92 81 79 77 76 74 73 72 71 70 69 69 68 67 68 67 67 67 68 68 70 73 76 78 80 82 84 86 89 91 93 95 82 41 41 41 41 41 41 41 41 41 41 
41 41 41 41 41 68 115 114 113 112 111 110 109 109 111 112 113 115 116 117 118 117 117 116 116 116 116 115 115 115 115 116 117 118 119 120 120 93 79 75 73 73 74 74 75 75 75 74 74 75 76 77 78 79 80 80 81 82 82 83 83 84 84 84 85 85 86 87 88 79 41 41 41 41 41 41 41 41 41 41 
41 41 41 41 41 62 107 107 107 107 107 106 107 107 107 107 107 108 108 106 105 103 102 102 101 101 100 99 99 99 99 98 98 99 101 102 103 59 0 0 1 1 0 0 0 0 0 0 8 10 3 0 0 2 2 0 0 0 0 34 84 85 85 86 87 88 88 89 102 86 41 41 41 41 41 41 41 41 41 41 
41 41 41 41 41 60 106 106 105 105 105 104 102 100 97 95 92 90 88 86 84 81 78 76 73 73 69 68 68 68 68 68 68 68 68 68 68 68 68 68 68 68 68 68 68 68 68 68 68 68 68 68 68 68 68 68 68 68 68 68 68 68 68 68 68 68 68 68 68 68 68 68 68 68 68 68 68 68 68 68 
1 1 2 0 0 14 83 85 87 89 91 92 93 95 97 98 100 101 100 99 99 99 98 98 98 97 78 0 1 0 0 0 0 0 0 1 0 0 0 0 0 0 0 0 0 0 0 0 0 0 0 0 1 3 2 1 1 1 14 41 41 41 41 41 41 41 41 41 41 41 41 41 41 41 27 0 0 1 1 1 
1 1 1 0 0 0 1 1 2 1 1 1 1 1 1 1 0 13 78 77 76 68 69 69 69 69 58 0 1 0 0 0 0 0 0 1 0 0 0 0 0 0 0 1 0 0 0 0 0 0 0 0 3 6 3 0 0 0 13 41 41 41 41 41 41 41 41 41 41 41 41 41 41 41 27 0 0 0 1 1 
1 1 1 0 0 0 0 2 1 1 1 2 1 0 0 0 1 0 0 0 0 0 1 3 2 0 0 0 0 0 0 0 0 0 0 1 1 0 0 0 0 0 0 1 0 0 0 0 0 0 0 0 3 8 4 0 0 0 13 41 41 41 41 41 41 41 41 41 41 41 41 41 41 41 27 0 0 0 1 1 
1 1 0 0 0 1 1 1 0 0 2 2 1 0 0 0 0 0 0 0 0 0 1 2 1 0 0 0 0 0 1 0 0 0 0 1 1 0 0 1 0 0 2 2 1 1 1 1 0 0 0 0 3 5 2 0 0 0 13 41 41 41 41 41 41 41 41 41 41 41 41 41 41 41 27 0 1 1 1 1 
1 1 0 0 0 1 2 1 0 0 1 1 0 0 0 0 0 1 1 1 1 0 2 1 0 0 0 0 0 0 1 1 0 0 0 1 1 0 0 1 1 1 3 3 2 1 1 1 0 0 0 1 2 1 1 1 1 0 14 41 41 41 41 41 41 41 41 41 41 41 41 41 41 41 27 0 1 2 1 1 
0 0 0 0 0 1 2 0 0 0 0 0 0 0 0 0 0 1 1 3 2 1 2 0 0 0 1 0 0 0 1 1 0 0 1 1 0 0 0 1 1 1 3 3 5 4 1 1 1 0 0 0 1 0 0 0 0 0 14 41 41 41 41 41 41 41 41 41 41 41 41 41 41 41 27 0 1 1 0 0 
0 0 0 0 0 1 2 0 0 0 0 0 0 0 0 0 0 1 1 2 2 1 2 0 1 4 4 1 0 0 1 1 0 0 2 1 0 0 0 1 0 0 1 4 8 7 1 1 1 1 0 0 1 0 0 0 0 0 14 41 41 41 41 41 41 41 41 41 41 41 41 41 41 41 27 0 1 1 0 0 
0 0 0 0 1 2 1 0 0 0 0 0 0 0 0 0 1 1 1 1 0 1 1 2 8 8 1 0 0 1 1 0 0 2 2 0 0 1 1 0 0 0 3 10 8 1 1 1 1 0 0 1 0 0 0 0 0 14 41 41 41 41 41 41 41 41 41 41 41 41 41 41 41 27 0 1 1 0 0 0 
0 0 0 0 1 2 1 1 1 0 0 0 0 0 0 0 0 0 0 0 0 0 0 3 9 11 3 0 0 0 1 0 0 1 1 0 0 0 0 0 0 0 2 6 5 1 0 0 1 0 0 1 0 0 0 0 0 13 41 41 41 41 41 41 41 41 41 41 41 41 41 41 41 27 0 1 1 0 0 0 
0 0 0 0 1 2 1 1 1 1 1 0 0 0 0 0 0 0 0 0 0 0 0 2 5 7 4 1 0 0 0 1 1 1 0 0 0 0 0 0 0 0 2 2 1 0 0 0 1 0 0 0 1 0 0 0 0 13 41 41 41 41 41 41 41 41 41 41 41 41 41 41 41 27 0 1 2 0 0 0 
0 0 1 1 2 3 1 1 2 2 1 0 0 0 0 0 0 0 0 0 0 0 0 0 1 2 3 0 0 0 1 1 1 1 0 0 0 0 0 0 0 0 1 1 1 0 0 0 0 0 0 1 1 0 0 0 0 13 41 41 41 41 41 41 41 41 41 41 41 41 41 41 41 27 1 1 1 0 0 0 
0 0 0 1 2 2 1 1 2 1 0 0 0 0 0 1 0 0 1 0 0 1 0 0 0 0 1 0 0 0 1 1 1 1 1 0 0 0 0 0 0 0 1 0 0 0 0 0 0 0 0 1 0 0 0 0 0 13 41 41 41 41 41 41 41 41 41 41 41 41 41 41 41 27 1 1 1 0 0 0 
0 0 0 1 1 0 0 1 2 1 0 0 0 0 0 0 0 0 1 1 1 2 1 0 0 0 0 0 0 0 1 1 1 1 1 0 0 0 0 0 0 0 0 0 0 0 0 0 0 0 0 1 0 0 0 0 0 13 41 41 41 41 41 41 41 41 41 41 41 41 41 41 41 28 1 1 0 0 0 0 
0 0 0 1 0 0 0 1 1 0 0 0 0 0 1 1 0 0 1 1 1 2 1 1 0 0 0 0 0 0 0 0 1 1 1 0 0 0 0 0 0 0 0 0 0 0 0 0 0 0 1 0 0 0 0 0 0 13 41 41 41 41 41 41 41 41 41 41 41 41 41 41 41 27 0 0 0 1 0 0 
0 0 0 1 1 1 1 1 1 0 0 0 0 0 1 1 0 0 0 1 1 1 0 0 0 0 1 0 0 0 0 0 1 1 1 1 0 0 0 0 0 0 0 0 0 0 0 0 0 0 0 0 0 1 0 0 0 13 41 41 41 41 41 41 41 41 41 41 41 41 41 41 41 27 0 0 0 1 1 1 
0 0 0 1 1 1 2 1 1 0 0 0 0 0 0 0 0 0 0 0 0 0 0 0 0 0 1 0 0 0 0 0 1 1 1 0 0 0 0 0 0 0 0 0 0 0 0 0 0 0 0 0 0 1 0 0 0 13 41 41 41 41 41 41 41 41 41 41 41 41 41 41 41 27 0 0 0 1 1 1 
1 1 1 1 1 1 1 1 1 0 0 1 1 1 0 0 0 0 0 0 0 0 0 0 0 0 0 0 0 1 1 1 1 0 0 1 0 0 0 0 0 0 0 0 0 0 0 1 0 0 0 0 0 0 0 0 0 13 41 41 41 41 41 41 41 41 41 41 41 41 41 41 41 27 0 0 1 1 1 1 
2 3 1 1 2 1 0 0 1 0 0 2 1 0 0 0 0 0 0 0 0 0 0 0 0 0 1 1 1 1 1 1 1 0 0 0 0 0 0 0 0 0 0 0 0 0 0 1 0 0 0 0 0 0 0 0 0 1 1 1 0 0 1 1 1 2 0 0 0 0 0 0 0 0 0 0 1 0 0 0 
3 5 2 1 1 1 0 0 0 0 0 2 2 0 0 0 0 0 0 0 0 0 0 0 0 1 2 1 1 1 1 1 1 0 0 0 0 0 0 0 0 0 0 0 0 0 0 1 1 0 0 0 0 0 0 0 0 1 1 1 1 1 1 0 0 1 0 0 0 1 0 0 0 0 0 1 1 0 0 0 
1 2 1 1 1 1 0 0 0 0 0 1 1 0 0 0 0 0 0 0 0 1 0 0 0 1 4 2 0 0 0 0 1 1 0 0 0 0 0 1 0 0 0 0 0 0 0 0 1 0 0 0 0 0 0 0 0 1 0 0 0 1 0 0 0 0 1 0 0 1 0 0 0 0 1 1 0 0 0 0 
1 0 0 1 1 1 1 0 0 0 0 0 0 0 0 0 0 0 0 0 1 2 0 0 1 2 4 2 0 0 0 1 1 1 0 0 0 0 0 1 0 0 0 0 0 0 0 0 1 0 0 0 0 0 0 0 0 1 0 0 0 0 0 0 0 1 1 0 0 1 1 1 1 2 2 2 1 0 0 0 
0 0 0 1 1 1 0 0 0 0 0 0 0 0 0 0 0 0 0 1 1 2 0 0 0 2 4 1 0 0 0 2 1 1 0 0 0 0 0 0 0 0 0 0 0 0 0 0 1 0 0 0 0 0 0 0 0 1 1 1 1 0 0 0 1 3 2 0 0 2 3 2 2 3 3 2 1 0 0 0 
0 0 1 1 1 1 0 0 0 0 1 2 0 0 0 0 0 0 0 1 1 0 0 0 0 2 3 0 0 0 0 1 1 1 0 0 0 0 0 0 0 0 0 0 0 0 0 0 1 0 0 0 0 0 0 0 0 1 1 1 0 0 0 0 2 3 2 0 0 3 4 3 3 4 4 3 2 0 0 0 
0 0 1 0 0 0 0 0 0 0 2 3 0 0 0 0 0 0 0 1 1 0 0 0 0 2 3 0 0 0 0 1 0 0 0 0 0 0 0 0 0 0 0 0 0 0 0 0 0 0 0 0 0 0 0 0 0 1 1 1 0 0 0 0 1 2 1 0 0 1 2 2 2 3 2 2 2 2 1 0 
0 0 0 0 0 0 0 0 0 0 1 1 0 0 0 0 0 0 0 0 0 0 0 0 0 1 2 0 0 0 0 0 0 0 0 0 1 0 0 0 0 0 0 0 0 0 0 0 0 0 0 1 0 0 1 1 0 0 0 1 1 0 0 0 0 0 0 0 0 0 1 1 1 1 0 0 1 4 2 0 
0 0 0 0 0 0 0 0 0 0 0 0 0 0 0 0 1 0 0 0 0 0 0 0 1 1 1 0 0 0 0 0 0 0 0 1 1 0 0 0 0 0 0 0 0 0 0 0 0 0 0 1 0 0 1 1 1 0 0 1 1 0 0 0 0 0 0 0 0 0 0 1 1 0 0 0 1 3 2 0 
0 0 0 0 0 0 0 0 0 0 0 0 0 0 0 0 0 0 0 0 0 0 0 1 1 1 0 0 0 1 0 0 0 0 0 1 1 0 0 0 1 1 1 0 0 0 0 0 0 0 0 1 0 0 0 1 1 1 0 0 1 0 0 0 1 0 0 0 0 1 0 0 1 1 1 2 0 2 1 0 
0 0 0 0 0 0 0 1 0 0 0 0 0 0 0 0 0 0 1 0 0 0 0 1 0 0 0 0 1 1 0 0 0 0 0 1 1 0 0 0 1 1 1 0 0 0 0 0 0 0 0 1 0 0 0 0 2 1 0 0 1 1 0 0 1 0 0 0 0 1 0 0 0 0 2 2 0 0 1 0 
0 0 0 0 0 0 0 1 0 0 0 2 1 0 0 0 0 0 1 0 0 0 1 1 0 0 0 1 1 1 1 0 0 0 0 1 1 0 0 0 1 1 0 0 0 0 0 0 0 0 0 1 1 1 1 1 1 1 1 1 1 1 0 0 0 0 0 0 0 0 0 0 0 0 2 2 0 0 0 0 
0 0 0 0 0 0 0 1 1 1 1 2 5 2 0 0 0 0 1 0 0 0 1 1 0 0 0 1 2 2 1 0 0 0 0 0 0 0 0 0 0 1 0 0 0 0 0 0 0 0 0 0 1 1 1 0 0 0 1 1 1 1 0 0 0 0 0 0 0 0 0 0 0 0 2 2 0 0 0 0 
0 0 0 0 0 0 0 0 1 1 2 4 10 5 0 0 0 1 0 0 0 1 1 0 0 0 1 1 2 2 1 1 0 0 0 0 0 1 3 3 1 1 0 0 0 0 0 0 0 1 1 0 0 1 1 0 0 0 0 1 1 1 1 1 0 0 0 0 0 0 0 0 0 0 1 2 0 0 0 0 
0 0 0 2 2 0 0 0 0 1 1 3 8 4 0 0 1 1 0 0 0 1 1 0 0 0 1 1 1 1 1 1 1 1 1 0 0 2 7 6 1 0 0 0 0 0 0 0 0 2 2 0 0 0 1 1 0 0 0 1 2 1 1 2 1 0 0 0 0 0 0 0 0 0 0 0 0 0 0 0 
0 0 1 4 4 0 0 0 0 0 0 1 3 2 0 1 2 2 4 5 0 0 0 0 0 0 1 1 1 1 1 1 1 1 1 1 0 2 9 8 2 1 0 0 0 0 0 0 0 3 3 0 0 0 0 1 0 0 0 1 2 2 2 2 2 0 1 0 0 0 0 0 0 0 0 0 0 0 0 0 
0 0 1 6 5 0 0 0 0 0 0 0 0 0 1 1 3 9 14 1 0 0 0 0 0 0 1 1 1 1 1 2 1 1 1 1 0 1 5 5 1 2 0 0 0 0 0 1 1 1 2 0 0 0 0 1 0 0 0 1 2 2 2 2 1 2 4 1 0 0 0 0 0 0 0 0 0 0 0 1 
1 1 1 4 6 4 1 1 0 0 0 0 0 1 1 2 4 16 45 32 0 0 1 1 0 0 0 1 2 1 0 2 1 1 0 0 1 1 1 1 2 4 1 0 0 0 0 1 1 1 0 0 0 0 0 0 0 0 0 1 1 2 2 1 1 4 8 2 0 0 0 0 0 0 0 0 0 0 0 1 
3 1 2 6 7 1 2 1 0 0 0 1 3 2 3 6 2 0 0 0 0 2 3 2 0 0 1 1 0 0 1 1 0 0 0 1 1 0 0 1 3 0 0 0 0 0 2 2 1 0 0 0 0 1 1 0 0 0 1 1 1 2 1 1 3 7 2 0 0 0 0 0 0 0 0 0 0 0 0 2 
0 1 5 6 1 2 1 0 0 0 1 2 1 2 5 18 32 16 33 2 8 14 15 0 0 0 1 0 0 1 1 0 0 0 0 1 0 0 0 1 0 0 0 0 1 3 3 2 0 0 0 0 1 1 0 0 0 0 0 1 1 2 1 3 6 2 0 0 0 1 1 0 0 0 0 0 0 0 1 0 
0 3 3 1 1 0 0 0 0 1 1 0 0 2 1 0 0 17 51 36 20 46 32 0 0 0 0 0 0 1 0 0 0 0 1 0 0 0 0 1 1 0 0 1 3 3 2 0 0 0 1 2 2 0 0 0 0 0 0 1 2 2 3 4 1 0 0 0 1 1 1 0 0 0 1 0 0 0 0 0 
0 1 1 0 0 0 0 0 0 0 0 1 1 0 17 39 11 0 0 0 0 0 0 1 0 0 1 2 1 1 0 0 0 0 1 1 0 0 0 0 2 32 0 0 2 2 1 0 0 0 1 2 2 1 0 0 0 0 0 1 2 1 1 2 0 0 1 2 1 1 0 0 0 0 1 0 0 0 0 0 
0 1 0 0 0 0 0 0 0 0 1 4 5 1 1 1 0 0 0 0 0 0 1 2 1 0 80 159 29 111 87 34 69 84 72 73 73 0 0 82 81 84 69 72 72 82 42 81 74 9 1 2 13 2 76 0 0 75 0 76 2 77 2 80 12 83 48 80 1 0 0 0 0 1 2 1 0 1 0 0 
1 0 0 0 0 0 0 0 0 0 1 8 10 1 77 154 19 36 16 50 69 88 34 2 0 0 3 4 1 98 223 148 32 103 102 61 83 0 0 10 74 84 64 61 82 30 72 18 74 0 1 2 13 2 0 0 1 1 1 1 11 0 52 0 84 0 84 34 1 0 0 0 0 0 2 1 0 1 0 0 
1 0 0 0 1 1 0 0 0 0 1 6 8 1 17 51 51 119 255 187 109 175 50 1 0 0 85 198 57 56 68 0 0 85 1 1 1 1 0 78 80 1 0 0 0 1 0 0 74 0 1 1 51 1 57 0 1 56 1 57 2 61 7 69 18 80 51 80 1 1 1 1 0 0 1 1 0 0 1 0 
0 0 0 1 2 2 1 0 0 0 0 3 5 1 17 51 34 1 2 0 17 34 0 0 0 0 1 2 0 0 0 0 0 1 1 1 1 1 0 0 1 0 0 0 1 1 0 0 0 0 1 1 1 1 0 0 1 2 2 1 0 0 1 0 0 0 1 1 0 1 1 1 0 0 1 1 0 0 1 0 
0 0 0 1 3 2 1 0 0 0 0 1 1 0 1 1 0 1 2 0 0 0 0 0 0 0 1 30 77 0 76 18 63 84 84 72 83 84 80 3 83 83 52 32 74 1 0 76 66 82 29 1 1 0 0 102 89 101 1 0 92 0 1 0 0 1 1 0 95 0 1 0 0 0 1 0 0 1 0 0 
0 0 1 2 2 2 1 1 0 0 0 0 0 0 17 51 49 42 21 0 0 9 16 0 0 0 1 54 0 0 0 32 10 84 84 1 26 84 11 42 8 6 52 36 0 0 0 64 46 11 84 0 1 0 0 102 0 0 0 102 1 0 1 0 0 1 1 102 0 0 1 0 0 0 1 0 0 0 0 0 
1 0 4 2 1 1 2 1 0 0 0 0 0 1 51 51 44 32 0 0 1 49 0 0 0 1 36 60 0 0 0 0 1 1 0 1 84 1 0 3 4 0 1 0 0 0 78 74 80 34 1 1 1 0 102 0 1 0 0 0 1 1 1 1 1 1 0 102 0 1 1 0 0 1 1 1 1 0 0 1 
1 1 2 1 0 0 1 1 0 0 0 0 0 0 34 51 17 1 0 0 0 1 2 2 2 2 2 2 2 2 2 2 2 2 2 2 2 2 2 2 2 2 2 2 2 2 2 2 2 2 2 2 2 2 2 2 2 2 2 2 2 2 2 2 2 2 2 2 2 2 2 2 2 2 2 2 2 2 2 2 
2 2 2 2 2 2 2 2 2 2 2 2 2 2 2 2 2 2 2 2 2 2 2 2 2 2 2 2 2 2 2 2 2 2 2 2 2 2 2 2 2 2 2 2 2 2 2 2 2 2 2 2 2 2 2 2 2 2 2 2 2 2 2 2 2 2 2 2 2 2 2 2 2 2 2 2 2 2 2 2 
2 2 2 2 2 2 2 2 2 2 2 2 2 2 2 2 2 2 2 2 2 2 2 2 2 2 2 2 2 2 2 2 2 2 2 2 2 2 2 2 2 2 2 2 2 2 2 2 2 2 2 2 2 2 2 2 2 2 2 2 2 2 2 2 2 2 2 2 2 2 2 2 2 2 2 2 2 2 2 2 
2 2 2 2 2 2 2 2 2 2 2 2 2 2 2 2 2 2 2 2 2 2 2 2 2 2 2 2 2 2 2 2 2 2 2 2 2 2 2 2 2 2 2 2 2 2 2 2 2 2 2 2 2 2 2 2 2 2 2 2 2 2 2 2 2 2 2 2 2 2 2 2 2 2 2 2 2 2 2 2 
2 2 2 2 2 2 2 2 2 2 2 2 2 2 2 2 2 2 2 2 2 2 2 2 2 2 2 2 2 2 2 2 2 2 2 2 2 2 2 2 2 2 2 2 2 2 2 2 2 2 2 2 2 2 2 2 2 2 2 2 2 2 2 2 2 2 2 2 2 2 2 2 2 2 2 2 2 2 2 2 
2 2 2 2 2 2 2 2 2 2 2 2 2 2 2 2 2 2 2 2 2 2 2 2 2 2 2 2 2 2 2 2 2 2 2 2 2 2 2 2 2 2 2 2 2 2 2 2 2 2 2 2 2 2 2 2 2 2 2 2 2 2 2 2 2 2 2 2 2 2 2 2 2 2 2 2 2 2 2 2 
