0 0 0 1 2 0 0 0 1 1 3 1 0 0 1 1 1 2 2 0 2 1 22 22 23 23 23 23 23 24 24 24 24 24 24 24 24 24 24 24 23 23 23 23 23 23 23 23 22 22 22 22 21 21 20 20 46 65 60 72 82 101 71 54 60 57 65 79 70 72 80 74 70 67 55 55 55 55 55 55 
79 80 93 87 78 71 84 95 94 92 82 69 56 1 1 1 1 0 0 0 0 1 0 23 24 24 24 25 25 25 25 25 26 26 26 26 26 26 26 26 26 26 26 26 26 26 26 26 26 26 26 26 26 26 26 26 26 25 25 25 25 25 25 25 25 25 24 24 24 24 24 23 23 23 23 22 22 21 21 20 
30 70 80 83 76 74 85 95 103 104 107 86 58 0 0 0 1 1 0 0 0 0 0 23 24 24 25 25 25 25 25 26 26 26 26 26 26 26 26 26 26 26 26 26 26 26 26 26 26 26 26 26 26 26 26 26 26 26 25 25 25 25 25 25 25 25 24 24 24 24 24 24 23 23 23 22 22 22 21 20 
36 82 79 83 77 81 88 81 87 105 117 101 67 0 0 0 1 1 1 0 0 0 22 23 24 24 25 25 25 25 26 26 26 26 26 26 26 26 26 26 26 26 26 26 26 26 26 26 26 26 26 26 26 26 26 26 26 26 25 25 25 25 25 25 25 25 25 24 24 24 24 24 23 23 23 23 22 22 21 21 
34 73 70 80 81 84 98 92 98 109 111 105 75 0 0 0 1 2 1 0 0 0 23 24 24 25 25 25 25 25 26 26 26 26 26 26 26 26 26 26 26 26 26 26 26 26 26 26 26 26 26 26 26 26 26 26 26 26 26 25 25 25 25 25 25 25 25 25 24 24 24 24 24 23 23 23 22 22 22 21 
20 26 62 80 83 83 86 83 90 80 82 87 75 0 0 0 1 2 1 0 0 0 23 24 24 25 25 25 25 26 26 26 26 26 26 26 26 26 26 26 26 26 26 26 26 26 26 26 26 26 26 26 26 26 26 26 26 26 26 26 25 25 25 25 25 25 25 25 24 24 24 24 24 23 23 23 23 22 22 21 
20 28 65 86 94 89 85 78 83 77 79 87 75 0 0 0 1 1 1 0 0 0 24 24 25 25 25 25 26 26 26 26 26 26 26 26 26 26 26 26 26 26 26 26 26 26 26 26 26 26 26 26 26 26 26 26 26 26 26 26 26 25 25 25 25 25 25 25 25 24 24 24 24 24 23 23 23 22 22 21 
21 29 69 95 104 99 87 86 85 78 79 86 67 0 0 0 1 0 0 1 0 23 24 24 25 25 25 25 26 26 26 26 26 26 26 26 26 26 26 26 26 26 26 26 26 26 26 26 26 26 26 26 26 26 26 26 26 26 26 26 26 25 25 25 25 25 25 25 25 24 24 24 24 24 23 23 23 22 22 22 
21 20 34 84 97 95 100 96 70 52 65 89 76 0 1 1 1 0 0 0 0 23 24 25 25 25 25 26 26 26 26 26 26 26 26 26 26 26 26 26 26 26 26 26 26 26 26 26 26 26 26 26 26 26 26 26 26 26 26 26 26 26 25 25 25 25 25 25 25 25 24 24 24 24 23 23 23 23 22 22 
21 20 33 78 81 81 85 99 84 50 54 76 77 0 2 1 1 0 0 0 0 24 24 25 25 25 25 26 26 26 26 26 26 26 26 26 26 26 26 26 27 27 27 27 27 26 26 26 26 26 26 26 26 26 26 26 26 26 26 26 26 26 25 25 25 25 25 25 25 25 24 24 24 24 24 23 23 23 22 22 
21 21 42 93 79 81 79 96 103 89 58 61 61 1 2 1 1 0 0 0 22 24 24 25 25 25 26 26 26 26 26 26 26 26 26 26 26 27 27 27 27 27 27 27 27 27 27 26 26 26 26 26 26 26 26 26 26 26 26 26 26 26 26 25 25 25 25 25 25 25 24 24 24 24 24 23 23 23 22 22 
21 21 45 101 90 83 75 80 77 80 69 69 64 1 4 3 1 0 0 0 23 24 25 25 25 25 26 26 26 26 26 26 26 26 26 26 27 27 27 27 27 27 27 27 27 27 27 27 27 26 26 26 26 26 26 26 26 26 26 26 26 26 26 25 25 25 25 25 25 25 25 24 24 24 24 23 23 23 23 22 
22 21 20 32 72 83 85 86 69 56 64 88 76 2 5 5 2 0 0 0 23 24 25 25 25 26 26 26 26 26 26 26 26 26 26 27 27 27 27 27 27 27 27 27 27 99 217 217 216 216 216 216 216 215 215 215 215 214 214 142 26 26 26 26 25 25 25 25 25 25 25 24 24 24 24 24 23 23 23 22 
22 21 20 27 57 75 95 94 74 62 71 81 79 2 4 4 2 0 0 0 24 24 25 25 25 26 26 26 26 26 26 26 26 26 27 27 27 27 27 27 27 27 27 27 27 99 217 217 217 217 217 216 216 216 216 215 215 215 215 143 26 26 26 26 25 25 25 25 25 25 25 24 24 24 24 24 23 23 23 22 
22 21 21 30 63 70 83 88 79 90 81 72 74 0 2 3 2 0 0 0 24 24 25 25 25 26 26 26 26 26 26 26 26 27 27 27 27 27 27 27 27 27 27 27 27 99 218 218 218 217 217 217 217 216 216 216 216 216 215 143 26 26 26 26 26 25 25 25 25 25 25 25 24 24 24 24 23 23 23 22 
22 21 21 41 97 94 88 80 88 106 91 74 77 0 0 1 1 0 0 23 24 25 25 25 26 26 26 26 26 26 26 26 27 27 27 27 27 27 27 27 27 27 27 27 27 100 218 218 218 218 218 217 217 217 217 217 216 216 216 144 26 26 26 26 26 25 25 25 25 25 25 25 24 24 24 24 23 23 23 22 
22 22 21 40 93 92 71 82 81 97 84 70 59 0 1 1 0 0 0 23 24 25 25 25 26 26 26 26 26 26 26 27 27 27 27 27 27 27 27 27 27 27 27 27 27 100 219 219 219 218 218 218 218 218 217 217 217 217 216 144 26 26 26 26 26 25 25 25 25 25 25 25 24 24 24 24 24 23 23 23 
22 22 21 20 19 0 0 11 67 90 110 101 71 0 1 0 0 0 0 23 24 25 25 25 26 26 26 26 26 26 26 27 27 27 27 27 27 27 27 27 27 27 27 27 27 100 220 219 219 219 219 219 218 218 218 218 217 217 217 144 26 26 26 26 26 26 25 25 25 25 25 25 24 24 24 24 24 23 23 23 
22 22 21 20 19 0 0 0 0 1 3 2 0 0 1 0 0 0 0 23 24 25 25 25 26 26 26 26 26 26 27 27 27 27 27 27 27 27 27 27 27 27 27 27 27 100 220 220 220 220 219 219 219 219 219 218 218 218 217 144 26 26 26 26 26 26 25 25 25 25 25 25 25 24 24 24 24 23 23 23 
22 22 21 20 19 0 0 0 0 2 2 1 0 0 1 0 0 0 0 24 24 25 25 26 26 26 26 26 26 26 27 27 27 27 27 27 27 27 27 27 27 27 27 27 27 101 221 221 220 220 220 220 220 219 219 219 218 218 218 145 26 26 26 26 26 26 25 25 25 25 25 25 25 24 24 24 24 23 23 23 
22 22 21 21 19 0 0 0 1 3 2 0 0 0 0 0 0 0 0 24 25 25 25 26 26 26 26 26 26 26 27 27 27 27 27 27 27 27 27 27 27 27 27 27 27 101 221 221 221 221 221 220 220 220 220 219 219 219 218 145 26 26 26 26 26 26 26 25 25 25 25 25 25 24 24 24 24 23 23 23 
22 22 21 21 19 0 0 0 1 2 1 0 0 0 0 0 1 0 0 24 25 25 25 26 26 26 26 26 26 27 27 27 27 27 27 27 27 27 27 27 27 27 27 27 27 101 222 222 222 221 221 221 221 220 220 220 219 219 219 146 26 26 26 26 26 26 26 25 25 25 25 25 25 24 24 24 24 23 23 23 
22 22 21 21 20 1 1 0 2 1 0 0 0 0 0 0 1 1 0 24 25 25 25 26 26 26 26 26 26 27 27 27 27 27 27 27 27 27 27 27 27 27 27 27 27 101 223 222 222 222 222 221 221 221 221 220 220 220 219 146 26 26 26 26 26 26 26 25 25 25 25 25 25 24 24 24 24 24 23 23 
23 22 22 21 21 3 2 1 2 0 0 0 1 0 0 0 1 1 0 24 25 25 25 26 26 26 26 26 26 27 27 27 27 27 27 27 27 27 27 27 27 27 27 27 27 101 223 223 223 222 222 222 222 221 221 221 220 220 220 146 26 26 26 26 26 26 26 25 25 25 25 25 25 24 24 24 24 24 23 23 
23 22 22 21 21 2 2 1 2 0 1 4 4 1 0 0 1 1 0 24 25 25 25 26 26 26 26 26 27 27 27 27 27 27 27 27 27 27 27 27 27 27 27 27 27 102 224 223 223 223 223 222 222 222 222 221 221 221 220 146 26 26 26 26 26 26 26 25 25 25 25 25 25 25 24 24 24 24 23 23 
23 22 22 21 20 1 1 0 1 1 2 8 8 1 0 0 1 1 0 24 25 25 26 26 26 26 26 26 27 27 27 27 27 27 27 27 27 27 27 27 27 27 27 27 27 102 224 224 224 224 223 223 223 222 222 222 221 221 221 147 26 26 26 26 26 26 26 25 25 25 25 25 25 25 24 24 24 24 23 23 
23 22 22 21 20 0 0 0 0 0 3 9 11 3 0 0 0 1 0 24 25 25 26 26 26 26 26 26 27 27 27 27 27 27 27 27 27 27 27 27 27 27 27 27 27 102 225 225 224 224 224 223 223 223 223 222 222 222 221 147 26 26 26 26 26 26 26 26 25 25 25 25 25 25 24 24 24 24 23 23 
23 22 22 21 20 0 0 0 0 0 2 5 7 4 1 0 0 0 1 24 25 25 26 26 26 26 26 26 27 27 27 27 27 27 27 27 27 27 27 27 27 27 27 27 27 102 225 225 225 225 224 224 224 223 223 223 222 222 222 148 26 26 26 26 26 26 26 26 25 25 25 25 25 25 24 24 24 24 23 23 
23 22 22 21 20 0 0 0 0 0 0 1 2 3 0 0 0 1 1 24 25 25 26 26 26 26 26 26 27 27 27 27 27 27 27 27 27 27 27 27 27 27 27 27 27 102 226 226 225 225 225 224 224 224 223 223 223 223 222 148 26 26 26 26 26 26 26 26 25 25 25 25 25 25 24 24 24 24 23 23 
23 22 22 21 20 1 0 0 1 0 0 0 0 1 0 0 0 1 1 24 25 25 26 26 26 26 26 26 27 27 27 27 27 27 27 27 27 27 27 27 27 27 27 27 27 103 226 226 226 225 225 225 225 224 224 224 223 223 223 148 26 26 26 26 26 26 26 26 25 25 25 25 25 25 24 24 24 24 23 23 
23 22 22 21 20 1 1 1 2 1 0 0 0 0 0 0 0 1 0 24 25 25 26 26 26 26 26 26 27 27 27 27 27 27 27 27 27 27 27 27 27 27 27 27 27 103 227 227 226 226 226 225 225 225 224 224 224 223 223 148 26 26 26 26 26 26 26 26 25 25 25 25 25 25 24 24 24 24 23 23 
23 22 22 21 20 1 1 1 2 1 1 0 0 0 0 0 0 0 0 24 25 25 26 26 26 26 26 26 27 27 27 27 27 27 27 27 27 27 27 27 27 27 27 27 27 103 227 227 227 226 226 226 225 225 225 225 224 224 224 149 26 26 26 26 26 26 26 26 25 25 25 25 25 25 24 24 24 24 23 23 
23 22 22 21 20 0 1 1 1 0 0 0 0 1 0 0 0 0 0 24 25 25 26 26 26 26 26 26 27 27 27 27 27 27 27 27 27 27 27 27 27 27 27 27 27 57 91 91 91 91 91 91 91 91 91 91 91 91 91 60 26 26 26 26 26 26 26 26 25 25 25 25 25 25 24 24 24 24 23 23 
23 22 22 21 20 0 0 0 0 0 0 0 0 1 0 0 0 0 0 24 25 25 26 26 26 26 26 26 27 27 27 27 27 27 27 27 27 27 27 27 27 27 27 27 27 27 57 91 91 91 91 91 91 91 91 91 91 91 60 26 26 26 26 26 26 26 26 26 25 25 25 25 25 25 24 24 24 24 23 23 
23 22 22 21 20 0 0 0 0 0 0 0 0 0 0 0 1 1 0 24 25 25 25 26 26 26 26 26 27 27 27 27 27 27 27 27 27 27 27 27 27 27 27 27 27 27 57 91 91 91 91 91 91 91 91 91 91 91 60 26 26 26 26 26 26 26 26 26 25 25 25 25 25 25 24 24 24 24 23 23 
23 22 22 21 19 0 0 0 0 0 0 0 0 1 1 1 1 1 0 24 25 25 25 26 26 26 26 26 27 27 27 27 27 27 27 27 27 27 27 27 27 27 27 27 27 27 27 27 27 27 27 27 27 27 27 27 27 27 26 26 26 26 26 26 26 26 26 26 25 25 25 25 25 25 24 24 24 24 23 23 
23 22 21 21 19 0 0 0 0 0 0 0 1 2 1 1 1 1 0 24 25 25 25 26 26 26 26 26 27 27 27 27 27 27 27 27 27 27 27 27 27 27 27 27 27 27 27 27 27 27 27 27 27 27 27 27 27 27 26 26 26 26 26 26 26 26 26 26 25 25 25 25 25 25 24 24 24 24 23 23 
23 22 21 21 19 0 0 0 1 0 0 0 1 4 2 0 0 0 0 23 24 25 25 26 26 26 26 26 27 27 27 27 27 27 27 27 27 27 27 27 27 27 27 27 27 27 27 27 27 27 27 27 27 27 27 27 27 27 26 26 26 26 26 26 26 26 26 26 25 25 25 25 25 25 24 24 24 24 23 23 
22 22 21 20 0 0 0 1 2 0 0 1 2 4 2 0 0 0 1 0 24 25 25 26 26 26 26 26 27 27 27 27 27 27 27 27 27 27 27 27 27 27 27 27 27 27 27 27 27 27 27 27 27 27 27 27 27 27 26 26 26 26 26 26 26 26 26 26 25 25 25 25 25 25 24 24 24 24 23 23 
22 22 21 20 0 0 1 1 2 0 0 0 2 4 1 0 0 0 2 1 24 25 25 26 26 26 26 26 26 27 27 27 27 27 27 27 27 27 27 27 27 27 27 27 27 27 27 27 27 27 27 27 27 27 27 27 27 26 26 26 26 26 26 26 26 26 26 25 25 25 25 25 25 24 24 24 24 23 23 23 
22 22 21 20 0 0 1 1 0 0 0 0 2 3 0 0 0 0 1 0 24 25 25 26 26 26 26 26 26 27 27 27 27 27 27 27 27 27 27 27 27 27 27 27 27 27 27 27 27 27 27 27 27 27 27 27 27 26 26 26 26 26 26 26 26 26 26 25 25 25 25 25 25 24 24 24 24 23 23 23 
22 22 21 20 0 0 1 1 0 0 0 0 2 3 0 0 0 0 1 0 24 25 25 25 26 26 26 26 26 27 27 27 27 27 27 27 27 27 27 27 27 27 27 27 27 27 27 27 27 27 27 27 27 27 27 27 27 26 26 26 26 26 26 26 26 26 26 25 25 25 25 25 25 24 24 24 24 23 23 23 
22 22 21 19 0 0 0 0 0 0 0 0 1 2 0 0 0 0 0 0 23 24 25 25 26 26 26 26 26 26 27 27 27 27 27 27 27 27 27 27 27 27 27 27 27 27 27 27 27 27 27 27 27 27 27 27 27 26 26 26 26 26 26 26 26 26 26 25 25 25 25 25 25 24 24 24 24 23 23 23 
22 21 21 1 0 0 0 0 0 0 0 1 1 1 0 0 0 0 0 0 0 24 25 25 26 26 26 26 26 26 27 27 27 27 27 27 27 27 27 27 27 27 27 27 27 27 27 27 27 27 27 27 27 27 27 27 26 26 26 26 26 26 26 26 26 26 26 25 25 25 25 25 25 24 24 24 24 23 23 22 
22 21 21 0 0 0 0 0 0 0 1 1 1 0 0 0 1 0 0 0 0 24 25 25 26 26 26 26 26 26 27 27 27 27 27 27 27 27 27 27 27 27 27 27 27 27 27 27 27 27 27 27 27 27 27 27 26 26 26 26 26 26 26 26 26 26 25 25 25 25 25 25 25 24 24 24 24 23 23 22 
22 21 20 0 0 1 0 0 0 0 1 0 0 0 0 1 1 0 0 0 0 24 25 25 25 26 26 26 26 26 26 27 27 27 27 27 27 27 27 27 27 27 27 27 27 27 27 27 27 27 27 27 27 27 27 27 26 26 26 26 26 26 26 26 26 26 25 25 25 25 25 25 24 24 24 24 23 23 23 22 
22 21 20 0 0 1 0 0 0 1 1 0 0 0 1 1 1 1 0 0 0 23 24 25 25 26 26 26 26 26 26 27 27 27 27 27 27 27 27 27 27 27 27 27 27 27 27 27 27 27 27 27 27 27 27 26 26 26 26 26 26 26 26 26 26 26 25 25 25 25 25 25 24 24 24 24 23 23 23 22 
22 21 0 0 0 1 0 0 0 1 1 0 0 0 1 2 2 1 0 0 0 0 24 25 25 26 26 26 26 26 26 26 27 27 27 27 27 27 27 27 27 27 27 27 27 27 27 27 27 27 27 27 27 27 27 26 26 26 26 26 26 26 26 26 26 26 25 25 25 25 25 25 24 24 24 24 23 23 23 22 
21 20 0 0 1 0 0 0 1 1 0 0 0 1 1 2 2 1 1 0 0 0 24 25 25 25 26 26 26 26 26 26 27 27 27 27 27 27 27 27 27 27 27 27 27 27 27 27 27 27 27 27 27 27 26 26 26 26 26 26 26 26 26 26 26 25 25 25 25 25 25 24 24 24 24 24 23 23 22 22 
21 20 0 1 1 0 0 0 1 1 0 0 0 1 1 1 1 1 1 1 1 0 23 24 25 25 26 26 26 26 26 26 26 27 27 27 27 27 27 27 27 27 27 27 27 27 27 27 27 27 27 27 27 27 26 26 26 26 26 26 26 26 26 26 26 25 25 25 25 25 25 24 24 24 24 23 23 23 22 22 
21 0 1 2 1 0 0 0 0 0 0 0 0 1 1 1 1 1 1 1 1 1 1 24 25 25 25 26 26 26 26 26 26 26 27 27 27 27 27 27 27 27 27 27 27 27 27 27 27 27 27 27 27 26 26 26 26 26 26 26 26 26 26 26 26 25 25 25 25 25 25 24 24 24 24 23 23 23 22 21 
21 1 1 3 2 0 0 0 0 0 0 0 0 1 1 1 1 1 2 1 1 1 0 24 25 25 25 26 26 26 26 26 26 26 26 27 27 27 27 27 27 27 27 27 27 27 27 27 27 27 27 27 26 26 26 26 26 26 26 26 26 26 26 26 25 25 25 25 25 25 24 24 24 24 24 23 23 22 22 21 
21 1 2 4 2 0 0 0 0 1 1 0 0 0 1 2 1 0 2 1 1 0 0 23 24 25 25 25 26 26 26 26 26 26 26 26 27 27 27 27 27 27 27 27 27 27 27 27 27 27 27 26 26 26 26 26 26 26 26 26 26 26 26 26 25 25 25 25 25 25 24 24 24 24 23 23 23 22 22 22 
3 2 3 6 2 0 0 0 0 2 3 2 0 0 1 1 0 0 1 1 0 0 0 0 24 25 25 25 26 26 26 26 26 26 26 26 26 27 27 27 27 27 27 27 27 27 27 27 27 27 26 26 26 26 26 26 26 26 26 26 26 26 26 25 25 25 25 25 25 25 24 24 24 24 23 23 23 22 21 21 
2 1 2 5 2 0 0 0 0 2 2 1 0 0 0 1 0 0 1 1 0 0 0 0 23 24 25 25 25 26 26 26 26 26 26 26 26 26 27 27 27 27 27 27 27 27 27 27 26 26 26 26 26 26 26 26 26 26 26 26 26 26 26 25 25 25 25 25 25 24 24 24 24 23 23 23 22 22 21 1 
1 0 0 2 1 0 0 0 0 1 1 0 0 0 0 0 0 0 0 1 0 0 0 0 1 24 25 25 25 26 26 26 26 26 26 26 26 26 26 26 26 27 27 27 27 27 26 26 26 26 26 26 26 26 26 26 26 26 26 26 26 26 25 25 25 25 25 25 25 24 24 24 24 23 23 23 22 21 21 0 
0 1 1 0 1 0 0 0 0 0 0 0 0 1 0 0 1 2 1 1 0 0 0 0 0 23 24 25 25 25 26 26 26 26 26 26 26 26 26 26 26 26 26 26 26 26 26 26 26 26 26 26 26 26 26 26 26 26 26 26 26 25 25 25 25 25 25 25 24 24 24 24 23 23 23 22 22 21 19 0 
1 4 5 1 1 1 0 0 0 0 0 0 1 2 1 0 3 4 2 0 0 0 0 0 0 0 24 25 25 25 25 26 26 26 26 26 26 26 26 26 26 26 26 26 26 26 26 26 26 26 26 26 26 26 26 26 26 26 26 26 26 25 25 25 25 25 25 25 24 24 24 24 23 23 23 22 21 20 0 0 
1 8 10 1 0 1 0 0 0 0 0 0 1 2 0 0 3 4 1 0 0 0 0 0 0 0 23 24 25 25 25 25 26 26 26 26 26 26 26 26 26 26 26 26 26 26 26 26 26 26 26 26 26 26 26 26 26 26 26 26 25 25 25 25 25 25 25 24 24 24 24 23 23 23 22 22 21 0 0 0 
1 6 8 1 0 1 0 0 0 0 0 0 0 1 0 0 2 3 0 0 0 0 0 1 1 1 0 24 24 25 25 25 26 26 26 26 26 26 26 26 26 26 26 26 26 26 26 26 26 26 26 26 26 26 26 26 26 26 26 25 25 25 25 25 25 25 25 24 24 24 24 23 23 23 22 21 21 0 0 0 
0 3 5 1 1 1 0 1 2 0 0 0 0 0 0 0 1 2 0 0 0 0 0 1 1 1 1 1 24 25 25 25 25 26 26 26 26 26 26 26 26 26 26 26 26 26 26 26 26 26 26 26 26 26 26 26 26 26 25 25 25 25 25 25 25 25 24 24 24 24 23 23 23 22 22 22 1 0 0 0 
0 1 1 0 1 1 0 1 2 0 0 0 0 0 0 0 1 1 0 0 0 0 0 0 0 1 1 0 23 24 25 25 25 25 26 26 26 26 26 26 26 26 26 26 26 26 26 26 26 26 26 26 26 26 26 26 26 25 25 25 25 25 25 25 25 24 24 24 24 24 23 23 22 22 21 21 1 1 0 0 
0 0 0 0 1 1 0 0 1 0 0 1 0 0 0 0 1 1 0 0 0 0 0 0 0 1 0 0 0 24 24 25 25 25 25 25 26 26 26 26 26 26 26 26 26 26 26 26 26 26 26 26 26 26 26 26 25 25 25 25 25 25 25 25 24 24 24 24 24 23 23 23 22 22 21 1 1 1 0 0 
0 0 0 0 1 1 0 0 0 0 0 1 1 0 0 0 1 1 0 0 0 0 0 1 0 0 0 0 0 0 24 24 25 25 25 25 25 26 26 26 26 26 26 26 26 26 26 26 26 26 26 26 26 26 26 25 25 25 25 25 25 25 25 25 24 24 24 24 23 23 23 22 22 21 0 0 1 1 0 0 
0 0 0 0 0 1 1 1 1 0 0 1 2 2 2 2 2 2 2 2 2 2 2 2 2 2 2 2 2 2 2 2 2 2 2 2 2 2 2 2 2 2 2 2 2 2 2 2 2 2 2 2 2 2 2 2 2 2 2 2 2 2 2 2 2 2 2 2 2 2 2 2 2 2 2 2 2 2 2 2 
2 2 2 2 2 2 2 2 2 2 2 2 2 2 2 2 2 2 2 2 2 2 2 2 2 2 2 2 2 2 2 2 2 2 2 2 2 2 2 2 2 2 2 2 2 2 2 2 2 2 2 2 2 2 2 2 2 2 2 2 2 2 2 2 2 2 2 2 2 2 2 2 2 2 2 2 2 2 2 2 
2 2 2 2 2 2 2 2 2 2 2 2 2 2 2 2 2 2 2 2 2 2 2 2 2 2 2 2 2 2 2 2 2 2 2 2 2 2 2 2 2 2 2 2 2 2 2 2 2 2 2 2 2 2 2 2 2 2 2 2 2 2 2 2 2 2 2 2 2 2 2 2 2 2 2 2 2 2 2 2 
2 2 2 2 2 2 2 2 2 2 2 2 2 2 2 2 2 2 2 2 2 2 2 2 2 2 2 2 2 2 2 2 2 2 2 2 2 2 2 2 2 2 2 2 2 2 2 2 2 2 2 2 2 2 2 2 2 2 2 2 2 2 2 2 2 2 2 2 2 2 2 2 2 2 2 2 2 2 2 2 
2 2 2 2 2 2 2 2 2 2 2 2 2 2 2 2 2 2 2 2 2 2 2 2 2 2 2 2 2 2 2 2 2 2 2 2 2 2 2 2 2 2 2 2 2 2 2 2 2 2 2 2 2 2 2 2 2 2 2 2 2 2 2 2 2 2 2 2 2 2 2 2 2 2 2 2 2 2 2 2 
2 2 2 2 2 2 2 2 2 2 2 2 2 2 2 2 2 2 2 2 2 2 2 2 2 2 2 2 2 2 2 2 2 2 2 2 2 2 2 2 2 2 2 2 2 2 2 2 2 2 2 2 2 2 2 2 2 2 2 2 2 2 2 2 2 2 2 2 2 2 2 2 2 2 2 2 2 2 2 2 
2 2 2 2 2 2 2 2 2 2 2 2 2 2 2 2 2 2 2 2 2 2 2 2 2 2 2 2 2 2 2 2 2 2 2 2 2 2 2 2 2 2 2 2 2 2 2 2 2 2 2 2 2 2 2 2 2 2 2 2 2 2 2 2 2 2 2 2 2 2 2 2 2 2 2 2 2 2 2 2 
2 2 2 2 2 2 2 2 2 2 2 2 2 2 2 2 2 2 2 2 2 2 2 2 2 2 2 2 2 2 2 2 2 2 2 2 2 2 2 2 2 2 2 2 2 2 2 2 2 2 2 2 2 2 2 2 2 2 2 2 2 2 2 2 2 2 2 2 2 2 2 2 2 2 2 2 2 2 2 2 
2 2 2 2 2 2 2 2 2 2 2 2 2 2 2 2 2 2 2 2 2 2 2 2 2 2 2 2 2 2 2 2 2 2 2 2 2 2 2 2 2 2 2 2 2 2 2 2 2 2 2 2 2 2 2 2 2 2 2 2 2 2 2 2 2 2 2 2 2 2 2 2 2 2 2 2 2 2 2 2 
2 2 2 2 2 2 2 2 2 2 2 2 2 2 2 2 2 2 2 2 2 2 2 2 2 2 2 2 2 2 2 2 2 2 2 2 2 2 2 2 2 2 2 2 2 2 2 2 2 2 2 2 2 2 2 2 2 2 2 2 2 2 2 2 2 2 2 2 2 2 2 2 2 2 2 2 2 2 2 2 
2 2 2 2 2 2 2 2 2 2 2 2 2 2 2 2 2 2 2 2 2 2 2 2 2 2 2 2 2 2 2 2 2 2 2 2 2 2 2 2 2 2 2 2 2 2 2 2 2 2 2 2 2 2 2 2 2 2 2 2 2 2 2 2 2 2 2 2 2 2 2 2 2 2 2 2 2 2 2 2 
2 2 2 2 2 2 2 2 2 2 2 2 2 2 2 2 2 2 2 2 2 2 2 2 2 2 2 2 2 2 2 2 2 2 2 2 2 2 2 2 2 2 2 2 2 2 2 2 2 2 2 2 2 2 2 2 2 2 2 2 2 2 2 2 2 2 2 2 2 2 2 2 2 2 2 2 2 2 2 2 
2 2 2 2 2 2 2 2 2 2 2 2 2 2 2 2 2 2 2 2 2 2 2 2 2 2 2 2 2 2 2 2 2 2 2 2 2 2 2 2 2 2 2 2 2 2 2 2 2 2 2 2 2 2 2 2 2 2 2 2 2 2 2 2 2 2 2 2 2 2 2 2 2 2 2 2 2 2 2 2 
2 2 2 2 2 2 2 2 2 2 2 2 2 2 2 2 2 2 2 2 2 2 2 2 2 2 2 2 2 2 2 2 2 2 2 2 2 2 2 2 2 2 2 2 2 2 2 2 2 2 2 2 2 2 2 2 2 2 2 2 2 2 2 2 2 2 2 2 2 2 2 2 2 2 2 2 2 2 2 2 
2 2 2 2 2 2 2 2 2 2 2 2 2 2 2 2 2 2 2 2 2 2 2 2 2 2 2 2 2 2 2 2 2 2 2 2 2 2 2 2 2 2 2 2 2 2 2 2 2 2 2 2 2 2 2 2 2 2 2 2 2 2 2 2 2 2 2 2 2 2 2 2 2 2 2 2 2 2 2 2 
2 2 2 2 2 2 2 2 2 2 2 2 2 2 2 2 2 2 2 2 2 2 2 2 2 2 2 2 2 2 2 2 2 2 2 2 2 2 2 2 2 2 2 2 2 2 2 2 2 2 2 2 2 2 2 2 2 2 2 2 2 2 2 2 2 2 2 2 2 2 2 2 2 2 2 2 2 2 2 2 
