0 0 0 1 2 0 0 0 1 1 3 1 0 0 1 1 1 2 2 0 2 1 0 1 0 1 0 0 1 1 2 1 0 0 0 0 0 0 1 2 1 1 1 1 0 0 0 0 0 0 0 2 2 1 1 1 1 1 1 1 1 0 0 1 1 0 0 0 0 0 0 0 1 2 3 1 0 0 1 1 
0 0 0 1 2 0 0 0 1 1 3 2 0 0 1 2 1 0 0 0 2 1 0 1 0 1 0 0 1 1 2 1 0 0 0 0 0 0 1 2 1 2 1 0 0 0 0 0 0 0 0 2 2 1 1 1 1 1 1 2 0 0 0 1 1 0 0 0 0 0 0 0 1 3 4 0 0 0 0 1 
0 0 0 1 1 0 0 0 0 1 2 1 0 0 1 1 1 0 0 1 1 1 0 0 0 0 0 0 1 1 1 0 0 0 0 0 0 0 1 1 1 1 1 0 0 0 0 0 0 0 0 1 1 1 1 1 0 0 1 1 0 0 0 1 1 0 0 0 0 0 0 0 0 2 3 0 0 0 0 0 
0 0 0 1 1 0 0 0 0 0 0 0 0 0 1 0 0 0 0 1 0 1 0 0 0 0 0 0 1 1 0 0 0 0 0 0 0 0 0 0 1 1 1 0 0 0 1 0 0 0 0 1 1 1 1 0 0 0 0 0 0 0 0 1 2 0 1 0 0 0 0 0 0 1 2 0 0 0 0 0 
0 0 0 1 1 0 0 0 0 0 0 0 0 0 1 0 0 1 1 1 0 0 0 0 0 0 1 1 1 1 0 0 0 0 0 0 0 0 1 0 1 1 0 0 0 0 1 1 0 0 1 1 1 1 1 0 0 0 0 0 0 0 1 1 2 0 0 0 0 1 0 0 0 0 1 0 0 0 0 0 
0 0 0 1 1 0 1 1 0 0 0 0 0 0 0 0 0 2 3 0 0 0 0 0 0 0 1 1 0 0 1 0 0 0 0 0 0 1 1 1 1 1 0 0 0 0 1 1 0 0 1 1 1 1 0 0 0 0 0 0 0 1 1 1 1 0 0 0 0 1 0 0 0 0 1 1 0 0 0 1 
0 0 0 0 1 0 1 1 1 0 0 1 0 0 0 0 0 3 4 0 0 0 0 0 0 0 2 1 0 0 1 0 0 0 0 0 0 1 2 1 1 0 0 0 0 0 1 1 1 0 2 1 0 1 0 0 1 0 0 0 0 1 1 1 1 0 0 0 1 2 0 0 0 0 0 1 0 0 0 1 
0 0 0 0 0 0 1 1 0 0 0 0 0 0 0 0 0 4 5 0 0 1 1 1 1 0 1 1 0 0 0 1 1 0 0 0 0 1 1 0 0 0 0 0 0 0 1 1 0 0 1 0 0 0 0 0 0 0 0 0 0 1 1 1 1 1 1 0 0 1 0 0 0 0 0 0 0 0 0 0 
0 0 0 0 0 0 0 0 0 0 0 0 0 1 1 0 0 5 7 1 0 1 2 2 2 0 0 0 0 0 0 2 1 0 0 0 0 1 1 0 0 1 0 0 1 1 0 0 0 0 1 0 0 0 0 0 0 0 0 0 0 0 1 1 2 1 2 1 0 0 0 0 0 0 1 0 0 0 0 0 
0 0 0 0 0 0 0 0 0 0 0 0 0 1 1 0 0 4 6 1 0 2 3 3 2 0 0 0 0 0 1 2 1 0 0 0 0 1 0 0 0 1 1 1 1 1 0 0 0 0 1 0 0 1 0 0 0 0 0 0 0 0 0 1 1 1 1 1 0 0 0 0 0 0 1 0 0 0 1 2 
0 0 0 1 1 0 0 0 0 1 1 0 0 0 0 0 0 2 3 0 1 2 4 4 1 0 0 0 0 0 3 2 1 0 1 0 1 1 0 0 0 1 1 1 0 0 1 1 0 0 0 0 1 2 1 0 0 0 0 0 0 0 0 0 1 0 1 0 0 0 0 0 0 0 1 0 0 0 1 4 
1 0 0 1 1 0 0 0 0 1 1 0 0 0 0 0 0 1 1 0 1 3 5 4 1 0 0 0 0 1 4 2 0 0 1 0 1 1 0 0 0 1 1 1 0 0 1 1 1 0 0 0 1 2 1 0 0 0 0 0 0 0 0 0 0 0 0 0 0 0 0 1 0 0 1 0 1 1 2 6 
0 0 0 0 0 0 0 0 0 1 1 0 0 34 0 0 0 0 1 0 1 3 5 4 1 0 0 1 1 1 2 1 0 1 2 0 1 1 0 0 0 0 1 1 1 0 1 1 0 1 1 0 1 1 0 0 0 0 0 0 1 0 0 0 0 0 1 1 0 0 1 1 0 0 0 0 1 1 1 3 
0 0 0 0 0 0 0 0 0 1 0 1 0 31 0 1 0 0 0 0 1 4 5 3 1 0 1 2 2 2 1 1 0 1 3 0 0 1 1 0 1 0 1 1 2 0 1 1 0 1 2 1 0 0 0 0 0 0 0 0 2 1 0 1 0 0 2 1 0 0 2 1 0 0 0 0 1 1 0 1 
1 0 0 0 0 0 0 0 1 1 0 1 0 62 16 2 1 0 0 0 1 4 4 2 1 0 1 1 2 1 0 1 0 1 2 0 0 0 0 0 1 0 0 1 2 0 1 0 0 1 3 1 0 0 1 0 1 1 0 0 2 1 0 1 0 0 2 2 1 0 2 1 0 0 0 0 1 1 1 2 
2 1 1 1 0 0 0 0 1 1 1 0 0 0 16 3 2 1 0 0 0 3 3 1 0 1 0 1 1 1 1 0 0 0 1 0 0 0 0 0 0 0 0 1 1 1 0 0 1 1 4 1 0 0 1 1 3 2 0 1 2 1 0 1 1 0 1 2 1 0 2 1 0 0 0 0 1 1 2 4 
2 1 1 1 0 0 0 0 1 1 1 0 0 0 9 10 2 1 52 20 0 2 2 1 0 1 0 0 0 0 1 0 0 0 0 0 0 0 0 0 0 0 0 0 1 1 0 0 1 1 5 2 0 1 2 1 4 2 0 1 2 1 1 1 1 0 1 2 2 0 2 1 0 0 0 0 1 1 2 5 
1 1 1 1 1 0 0 0 1 1 1 1 0 0 11 26 24 24 24 24 24 24 24 24 24 24 24 24 24 24 24 24 24 24 24 24 24 24 24 24 24 24 24 24 24 24 24 24 24 24 24 24 24 24 24 24 24 24 24 24 24 24 24 24 24 24 24 24 24 24 24 24 24 24 24 24 24 24 24 24 
0 1 0 14 16 12 36 23 9 9 2 0 1 1 1 1 0 0 1 0 0 0 0 1 1 1 0 0 0 0 1 2 2 1 1 1 0 0 0 0 0 0 0 0 0 1 1 1 1 0 0 1 2 1 0 1 2 1 0 0 0 0 0 0 1 1 1 1 0 0 0 0 0 2 2 1 0 0 0 0 
0 0 0 0 19 19 44 40 40 40 40 40 40 40 40 40 40 40 40 40 40 40 40 40 40 40 40 40 40 40 40 40 40 40 40 40 40 40 40 40 40 40 40 40 40 40 40 40 40 40 40 40 40 40 40 40 40 40 40 40 40 40 40 40 40 40 40 40 40 40 40 40 40 40 40 40 40 40 40 40 
3 1 0 0 0 0 0 0 0 0 0 1 0 0 1 0 0 0 0 0 0 1 0 0 0 0 0 0 1 1 0 0 0 2 2 1 1 2 1 1 1 1 1 1 1 2 1 0 0 0 0 1 2 3 1 0 0 1 0 0 0 0 1 0 0 1 1 0 0 0 1 1 2 8 29 50 42 18 43 24 
5 2 0 0 0 0 0 0 0 0 0 1 0 0 0 0 0 0 0 0 0 0 0 0 0 0 0 2 2 1 0 0 0 5 3 1 1 1 1 1 1 0 0 0 2 3 1 0 0 0 1 3 4 2 0 0 0 2 1 0 1 1 1 0 0 0 1 0 0 0 0 1 1 28 52 56 44 27 21 9 
4 1 0 0 1 2 0 0 0 0 0 0 0 0 0 0 0 0 0 0 0 0 0 0 0 0 1 1 1 1 0 0 1 4 3 0 0 1 1 1 1 1 1 1 1 2 1 0 0 0 1 2 3 2 0 0 0 1 0 1 2 1 1 0 0 0 0 0 0 0 0 0 1 27 62 60 46 33 19 5 
2 0 0 1 5 4 1 0 0 0 0 0 0 1 0 0 0 0 0 0 1 1 0 0 0 1 2 1 1 1 0 1 3 3 1 0 1 0 1 1 1 3 5 1 1 1 0 0 1 1 2 2 3 1 0 0 0 1 0 3 2 1 1 0 0 0 0 1 0 0 0 0 0 31 77 49 45 26 11 1 
1 0 0 2 6 5 1 0 0 0 0 0 0 1 0 0 0 0 0 0 1 2 0 0 0 2 3 0 0 1 1 1 3 0 0 0 1 0 1 1 2 4 7 2 0 0 0 0 1 2 1 1 2 0 0 0 0 0 0 4 4 2 0 0 1 1 1 0 0 2 1 0 0 20 67 48 48 28 11 9 
0 0 1 1 3 2 1 0 0 0 1 0 0 0 0 0 0 0 0 0 1 0 0 0 0 1 1 0 0 1 1 1 2 0 0 0 0 1 2 2 2 3 3 0 0 0 0 1 1 1 1 1 1 1 0 0 0 0 2 5 5 2 0 0 1 2 1 0 1 2 1 1 6 47 53 48 43 22 10 9 
0 0 0 0 1 1 1 1 0 0 1 1 0 0 0 0 1 1 0 0 0 0 0 0 0 0 1 1 1 1 1 1 1 0 0 0 0 1 3 2 2 1 0 0 1 1 1 1 1 0 0 0 1 2 1 1 1 3 14 4 4 2 0 0 1 1 0 0 2 5 3 1 11 173 160 49 41 20 9 9 
1 1 0 0 0 0 1 2 0 0 1 1 0 0 0 65 195 192 190 125 0 0 0 1 0 0 0 1 1 1 1 1 1 1 0 0 0 1 3 2 1 0 0 0 1 1 1 1 1 1 0 0 1 2 1 1 1 2 12 2 3 2 0 0 1 1 0 0 3 9 5 0 11 124 147 52 37 19 44 22 
1 1 0 0 0 2 3 1 1 1 1 1 0 0 65 194 192 189 125 0 0 1 2 0 0 0 1 1 0 0 0 1 1 0 0 0 1 1 2 1 1 0 0 1 1 1 1 1 2 1 0 0 1 1 1 1 1 11 0 1 1 0 0 0 0 0 0 4 11 6 0 9 110 140 51 34 43 33 16 9 
1 1 0 0 0 2 3 2 1 1 1 1 0 0 65 194 192 189 125 1 0 1 3 0 0 0 1 0 0 0 0 1 1 0 0 0 0 0 2 1 0 0 0 1 0 0 0 1 2 1 0 0 1 1 1 1 2 11 1 1 0 0 0 0 0 0 0 2 6 3 0 0 0 0 0 0 0 0 0 0 
0 0 0 0 194 192 189 187 1 1 0 0 1 1 1 0 1 0 1 2 0 3 1 0 0 1 0 4 3 0 1 0 1 1 1 2 0 0 0 0 1 0 1 3 3 0 16 1 1 0 0 1 0 0 1 1 0 0 0 0 0 71 162 52 36 36 36 36 36 36 36 36 36 36 36 36 36 36 36 36 
0 0 1 0 0 0 0 1 1 1 1 0 0 0 0 1 2 1 1 2 2 1 0 0 0 1 0 0 0 0 0 2 3 1 0 8 12 0 0 0 0 0 0 0 1 0 0 0 0 0 56 85 85 85 85 85 85 85 85 85 85 85 85 85 85 85 85 85 85 85 85 85 85 85 85 85 85 85 85 85 
0 0 0 1 2 1 0 0 1 1 0 0 0 0 0 1 1 1 1 0 2 1 0 0 2 12 0 0 1 1 0 0 0 1 1 0 0 1 1 11 77 45 21 11 10 10 9 9 0 1 2 1 1 1 1 0 1 1 0 0 0 1 65 192 189 187 124 0 0 0 0 0 0 0 1 2 1 1 0 0 
0 0 0 1 2 0 0 0 0 0 0 0 0 0 0 1 1 3 2 1 2 0 0 0 2 12 0 0 1 1 0 0 1 1 0 0 0 1 1 10 72 36 18 10 17 10 9 8 0 0 1 0 0 0 0 0 1 1 0 0 0 0 64 191 189 187 124 0 0 0 0 0 0 0 1 1 0 0 0 0 
0 0 0 1 2 0 0 0 0 0 0 0 0 0 0 1 1 2 2 1 2 0 1 4 6 15 15 0 1 1 0 0 2 1 0 0 0 1 0 0 4 29 10 9 14 10 9 8 0 0 1 0 0 0 0 0 1 1 0 0 0 0 64 191 189 186 124 0 0 0 0 0 0 0 1 1 0 0 0 0 
0 0 0 1 2 1 0 0 0 0 0 0 0 0 0 1 1 1 1 0 1 1 2 8 10 16 16 0 1 1 0 0 2 2 0 0 1 1 0 0 2 22 9 9 12 10 9 8 0 0 1 0 0 0 0 0 1 1 0 0 0 0 64 191 188 186 123 0 0 0 0 0 0 0 1 1 0 0 0 0 
0 0 0 1 2 1 1 1 0 0 0 0 0 0 0 0 0 0 0 0 0 0 5 12 12 20 12 0 0 1 0 0 1 0 0 0 0 0 0 0 10 11 10 11 9 9 2 1 0 0 1 0 0 0 0 0 0 1 0 0 0 0 127 189 187 185 61 0 0 0 0 0 0 0 1 1 0 0 0 0 
0 0 0 2 2 1 1 1 1 1 0 0 0 0 0 0 0 0 0 0 0 0 3 7 11 23 12 0 0 1 1 1 1 0 0 0 0 0 0 0 1 2 8 9 9 10 2 1 0 0 0 1 0 0 0 0 0 1 0 0 0 0 127 189 187 185 61 0 0 0 0 0 0 0 2 1 0 0 0 0 
0 1 1 3 2 1 1 2 2 0 0 0 0 0 0 0 0 0 0 0 0 0 0 1 8 23 13 0 0 1 1 1 1 0 0 0 0 0 0 0 0 1 1 1 7 1 0 0 0 0 1 1 0 0 0 0 0 0 0 0 0 0 127 189 187 185 62 1 0 0 0 1 1 1 1 1 0 0 0 0 
0 0 1 2 1 1 1 2 1 0 0 0 0 0 1 0 0 1 0 0 1 0 0 0 7 22 13 0 0 1 1 1 1 1 0 0 0 0 0 0 0 1 0 0 0 0 0 0 0 0 1 0 0 0 0 0 0 0 0 0 0 0 127 189 186 185 62 1 0 0 1 1 1 1 1 0 0 0 0 0 
0 1 1 1 0 1 2 2 1 0 1 0 0 1 0 0 1 1 1 3 1 1 0 0 18 24 0 0 1 1 1 1 2 1 0 1 0 0 0 0 0 0 0 0 0 0 0 0 0 2 1 0 0 0 0 0 1 1 0 1 0 0 190 188 186 184 1 1 0 1 2 2 2 1 1 0 0 0 0 0 
0 1 0 0 0 1 1 0 0 0 0 0 1 1 0 0 1 1 1 2 1 1 0 3 20 19 0 0 0 0 1 1 1 0 0 0 0 0 0 0 0 0 0 0 0 0 0 0 1 0 0 0 0 0 0 0 1 0 0 0 0 63 189 187 185 122 0 0 0 0 1 1 0 0 0 1 0 0 0 0 
0 1 1 1 1 1 1 0 0 0 0 0 1 1 0 0 0 1 1 1 0 0 0 3 21 25 20 0 0 0 1 1 1 1 0 0 0 0 0 0 0 0 0 0 0 0 0 0 0 0 0 1 0 0 0 0 1 0 0 0 0 63 189 187 185 122 0 0 0 0 0 0 0 0 0 1 1 1 0 0 
0 1 1 1 2 1 1 0 0 0 0 0 0 0 0 0 0 0 0 0 0 0 0 3 19 25 20 0 0 0 1 1 1 0 0 0 0 0 0 0 0 0 0 0 0 0 0 0 0 0 0 1 0 0 0 0 1 0 0 0 1 64 189 187 185 122 0 0 0 0 0 0 0 0 0 1 1 1 1 1 
1 1 1 1 1 1 1 0 0 1 1 1 0 0 0 0 0 0 0 0 0 0 0 2 16 23 20 1 1 1 1 0 0 1 0 0 0 0 0 0 0 0 0 0 0 1 0 0 0 0 0 0 0 0 0 0 1 1 0 0 1 63 188 186 185 122 0 0 0 0 0 0 0 0 1 1 1 1 2 3 
1 1 2 1 0 0 1 0 0 2 1 0 0 0 0 0 0 0 0 0 0 0 0 1 3 3 3 3 3 3 3 3 3 3 3 3 3 3 3 3 3 3 3 3 3 3 3 3 3 3 3 3 3 3 3 3 3 3 3 3 3 3 3 3 3 3 3 3 3 3 3 3 3 3 3 3 3 3 3 3 
1 0 1 0 0 0 0 0 2 1 0 0 0 9 11 11 11 11 11 11 11 11 11 11 11 11 11 11 11 11 11 11 11 11 11 11 11 11 11 11 11 11 11 11 11 11 11 11 11 11 11 11 11 11 11 11 11 11 11 11 11 11 11 11 11 11 11 11 11 11 11 11 11 11 11 11 11 11 11 11 
0 0 7 16 12 7 0 1 2 1 1 0 0 0 0 0 0 0 0 0 0 0 0 0 0 1 0 0 0 0 0 0 0 0 1 1 1 1 0 0 0 2 3 1 0 1 3 2 2 2 3 3 2 1 0 0 0 0 0 1 1 1 1 0 0 0 0 2 1 0 0 0 0 0 0 0 1 1 0 0 
0 1 21 18 14 9 0 2 1 1 1 0 0 0 0 0 0 1 0 0 1 0 0 0 1 1 0 0 0 0 0 0 0 1 1 1 1 0 0 0 1 4 3 1 0 2 5 3 3 4 5 4 3 1 0 0 1 0 1 1 0 1 0 0 0 0 1 4 1 0 0 0 0 0 0 1 2 0 0 0 
0 1 23 21 18 13 0 1 1 0 0 0 1 0 0 0 0 0 0 0 0 0 0 0 0 1 0 0 0 0 0 1 0 1 1 1 1 0 0 0 1 2 2 0 0 1 3 2 2 3 3 2 2 3 2 0 0 0 1 0 0 0 0 0 0 0 1 2 1 0 0 0 1 0 0 0 1 0 0 0 
0 1 26 25 20 17 17 17 17 17 17 17 17 17 17 17 17 17 17 17 17 17 17 17 17 17 17 17 17 17 17 17 17 17 17 17 17 17 17 17 17 17 17 17 17 17 17 17 17 17 17 17 17 17 17 17 17 17 17 17 17 17 17 17 17 17 17 17 17 17 17 17 17 17 17 17 17 17 17 17 
0 1 1 0 0 0 1 1 1 0 0 0 0 0 0 0 1 1 0 0 0 1 1 1 0 0 1 0 0 0 1 0 0 0 0 1 0 0 1 1 2 1 1 2 1 0 0 0 0 0 0 0 0 1 0 0 0 0 0 0 0 0 0 0 1 0 0 0 0 1 0 8 19 16 16 11 0 0 0 0 
1 2 1 0 0 1 1 2 1 0 0 0 0 0 0 0 2 1 0 0 0 2 2 1 0 1 2 1 0 1 1 0 0 0 1 1 0 1 0 1 4 0 0 1 1 0 0 1 0 0 0 0 1 1 0 0 2 2 1 0 0 0 0 1 1 0 0 1 1 1 0 20 16 15 21 23 1 0 0 0 
1 1 0 0 0 1 1 0 0 0 0 0 0 0 0 0 1 1 1 1 1 1 1 1 1 1 1 0 0 0 0 0 0 0 0 0 0 0 0 2 2 0 0 0 0 0 0 0 0 0 0 0 1 1 1 1 2 5 2 0 0 0 0 1 0 0 0 1 1 0 3 20 20 22 24 20 0 0 0 0 
0 0 0 0 0 1 1 0 0 0 0 0 0 0 0 0 0 1 1 1 0 0 0 1 1 1 1 0 0 0 0 0 0 0 0 0 0 0 0 3 1 0 0 0 0 0 0 0 0 0 0 0 0 1 2 1 7 9 2 0 0 0 1 0 0 0 1 1 0 0 7 20 21 21 23 13 1 0 0 0 
0 0 3 4 1 2 1 0 0 1 0 0 0 1 2 0 0 1 1 1 0 0 0 1 1 2 1 1 1 0 0 0 0 0 0 0 0 0 1 3 0 0 0 0 0 0 0 2 3 0 0 0 0 1 2 1 9 6 0 0 1 1 1 0 0 1 2 1 0 0 18 19 20 22 22 2 1 1 1 1 
0 2 7 6 1 0 0 0 0 0 0 0 0 2 2 0 0 0 1 1 0 0 0 1 2 1 1 2 1 0 0 0 0 0 0 0 0 0 0 0 0 0 0 0 0 0 1 4 4 0 0 0 0 0 0 1 3 2 0 1 2 1 0 0 0 0 0 0 0 3 18 20 21 22 23 19 1 1 1 1 
0 5 10 5 2 0 0 0 0 0 0 0 1 4 2 0 0 0 0 1 0 0 0 1 2 2 2 2 1 1 1 0 0 0 0 0 0 0 0 0 0 0 0 0 0 0 3 7 3 0 0 0 0 0 0 0 0 0 1 2 3 1 0 0 0 0 0 0 0 6 18 20 21 22 23 24 14 1 1 1 
0 5 7 1 3 1 0 0 1 0 1 1 1 3 0 0 0 0 1 1 0 0 1 2 2 2 2 2 1 6 2 0 0 0 0 0 0 0 0 0 0 0 1 1 2 1 3 6 6 1 1 1 0 0 0 0 1 2 1 5 3 1 0 0 0 1 2 1 0 16 19 20 21 22 24 25 25 1 0 1 
1 1 1 3 3 0 0 0 0 0 1 1 1 0 0 0 0 0 0 0 0 0 1 1 2 2 1 1 7 6 1 0 0 0 0 0 0 0 0 0 0 0 1 3 2 1 3 8 4 2 2 0 0 0 0 2 3 1 5 4 1 0 0 0 1 2 3 1 5 17 19 20 22 23 24 24 25 13 0 1 
0 2 2 0 0 0 0 1 2 2 0 0 0 0 0 1 1 0 0 0 1 1 1 2 1 1 6 5 1 0 0 0 0 0 0 0 0 0 0 0 1 2 1 0 2 7 3 1 2 0 0 0 0 1 2 1 4 4 1 0 0 0 1 2 2 0 4 16 19 20 22 23 24 24 25 25 13 1 1 0 
0 1 0 0 0 0 1 3 3 2 0 0 0 0 1 1 0 0 0 0 0 1 1 2 1 3 6 2 0 0 0 1 1 0 0 0 0 0 0 0 1 0 0 0 3 3 1 1 0 0 0 0 1 1 0 0 2 1 0 0 0 0 1 1 0 1 15 17 19 21 22 23 23 23 24 25 20 1 0 0 
0 1 1 1 0 0 3 4 3 0 0 0 1 2 3 1 0 0 0 0 0 1 2 2 2 6 2 0 1 0 1 2 1 1 0 0 1 1 0 0 0 0 0 1 2 0 1 0 0 0 0 1 0 1 2 0 1 1 0 0 0 1 0 0 0 13 16 18 20 22 22 22 23 24 25 25 1 1 1 0 
0 0 2 3 0 0 2 2 2 0 0 0 1 2 3 2 0 0 0 0 0 1 2 2 1 3 1 0 1 2 2 1 1 0 0 0 2 1 0 0 0 0 0 1 1 0 0 0 0 0 0 0 0 3 8 1 1 1 1 0 0 0 0 0 0 12 14 17 19 21 21 21 22 23 25 25 23 1 2 1 
0 2 4 1 0 0 0 0 0 0 0 1 1 2 3 1 0 0 0 0 0 1 2 1 1 0 0 1 2 2 1 0 0 0 0 2 2 0 0 1 0 0 1 0 0 0 0 0 0 0 0 0 3 11 6 0 0 1 0 0 0 0 0 0 2 12 15 18 19 20 20 21 22 24 25 24 13 1 1 0 
1 3 2 0 0 0 0 0 0 0 0 1 2 2 2 0 0 1 1 1 1 1 1 0 0 0 0 2 2 1 0 0 0 0 0 2 1 0 1 0 0 1 0 0 0 1 1 0 0 0 0 1 6 8 1 0 1 0 0 0 0 0 0 0 1 1 1 1 1 1 1 1 1 1 1 1 1 1 1 1 
1 2 1 2 1 0 1 2 2 2 1 0 1 1 0 0 1 2 0 1 1 1 1 0 1 1 1 0 2 1 0 0 0 1 3 3 2 1 0 1 0 1 2 0 1 1 1 0 3 1 0 1 0 10 10 10 10 10 10 10 10 10 10 10 10 10 10 10 10 10 10 10 10 10 10 10 10 10 10 10 
0 0 1 0 0 1 0 0 0 0 1 0 0 0 1 0 0 0 0 0 0 0 2 2 1 1 1 1 0 0 0 0 0 0 1 1 0 0 0 0 0 1 1 9 10 12 13 14 15 16 17 19 20 19 18 15 13 9 0 2 3 1 0 0 0 0 0 0 0 0 0 1 1 0 0 0 0 0 0 0 
0 1 1 1 1 1 0 0 0 0 1 0 0 0 1 1 1 0 0 0 1 1 1 2 0 0 1 1 0 0 0 0 0 0 0 1 1 1 0 0 0 1 2 2 2 2 2 2 2 2 2 2 2 2 2 2 2 2 2 2 2 2 2 2 2 2 2 2 2 2 2 2 2 2 2 2 2 2 2 2 
2 2 2 2 2 2 2 2 2 2 2 2 2 2 2 2 2 2 2 2 2 2 2 2 2 2 2 2 2 2 2 2 2 2 2 2 2 2 2 2 2 2 2 2 2 2 2 2 2 2 2 2 2 2 2 2 2 2 2 2 2 2 2 2 2 2 2 2 2 2 2 2 2 2 2 2 2 2 2 2 
2 2 2 2 2 2 2 2 2 2 2 2 2 2 2 2 2 2 2 2 2 2 2 2 2 2 2 2 2 2 2 2 2 2 2 2 2 2 2 2 2 2 2 2 2 2 2 2 2 2 2 2 2 2 2 2 2 2 2 2 2 2 2 2 2 2 2 2 2 2 2 2 2 2 2 2 2 2 2 2 
2 2 2 2 2 2 2 2 2 2 2 2 2 2 2 2 2 2 2 2 2 2 2 2 2 2 2 2 2 2 2 2 2 2 2 2 2 2 2 2 2 2 2 2 2 2 2 2 2 2 2 2 2 2 2 2 2 2 2 2 2 2 2 2 2 2 2 2 2 2 2 2 2 2 2 2 2 2 2 2 
2 2 2 2 2 2 2 2 2 2 2 2 2 2 2 2 2 2 2 2 2 2 2 2 2 2 2 2 2 2 2 2 2 2 2 2 2 2 2 2 2 2 2 2 2 2 2 2 2 2 2 2 2 2 2 2 2 2 2 2 2 2 2 2 2 2 2 2 2 2 2 2 2 2 2 2 2 2 2 2 
2 2 2 2 2 2 2 2 2 2 2 2 2 2 2 2 2 2 2 2 2 2 2 2 2 2 2 2 2 2 2 2 2 2 2 2 2 2 2 2 2 2 2 2 2 2 2 2 2 2 2 2 2 2 2 2 2 2 2 2 2 2 2 2 2 2 2 2 2 2 2 2 2 2 2 2 2 2 2 2 
2 2 2 2 2 2 2 2 2 2 2 2 2 2 2 2 2 2 2 2 2 2 2 2 2 2 2 2 2 2 2 2 2 2 2 2 2 2 2 2 2 2 2 2 2 2 2 2 2 2 2 2 2 2 2 2 2 2 2 2 2 2 2 2 2 2 2 2 2 2 2 2 2 2 2 2 2 2 2 2 
2 2 2 2 2 2 2 2 2 2 2 2 2 2 2 2 2 2 2 2 2 2 2 2 2 2 2 2 2 2 2 2 2 2 2 2 2 2 2 2 2 2 2 2 2 2 2 2 2 2 2 2 2 2 2 2 2 2 2 2 2 2 2 2 2 2 2 2 2 2 2 2 2 2 2 2 2 2 2 2 
2 2 2 2 2 2 2 2 2 2 2 2 2 2 2 2 2 2 2 2 2 2 2 2 2 2 2 2 2 2 2 2 2 2 2 2 2 2 2 2 2 2 2 2 2 2 2 2 2 2 2 2 2 2 2 2 2 2 2 2 2 2 2 2 2 2 2 2 2 2 2 2 2 2 2 2 2 2 2 2 
2 2 2 2 2 2 2 2 2 2 2 2 2 2 2 2 2 2 2 2 2 2 2 2 2 2 2 2 2 2 2 2 2 2 2 2 2 2 2 2 2 2 2 2 2 2 2 2 2 2 2 2 2 2 2 2 2 2 2 2 2 2 2 2 2 2 2 2 2 2 2 2 2 2 2 2 2 2 2 2 
2 2 2 2 2 2 2 2 2 2 2 2 2 2 2 2 2 2 2 2 2 2 2 2 2 2 2 2 2 2 2 2 2 2 2 2 2 2 2 2 2 2 2 2 2 2 2 2 2 2 2 2 2 2 2 2 2 2 2 2 2 2 2 2 2 2 2 2 2 2 2 2 2 2 2 2 2 2 2 2 
2 2 2 2 2 2 2 2 2 2 2 2 2 2 2 2 2 2 2 2 2 2 2 2 2 2 2 2 2 2 2 2 2 2 2 2 2 2 2 2 2 2 2 2 2 2 2 2 2 2 2 2 2 2 2 2 2 2 2 2 2 2 2 2 2 2 2 2 2 2 2 2 2 2 2 2 2 2 2 2 
