111 109 106 104 101 99 97 96 95 93 92 91 89 89 90 90 91 91 92 93 94 95 96 97 98 99 100 101 102 103 104 105 107 108 110 111 113 114 115 116 118 115 109 104 98 92 87 84 80 76 72 71 73 75 76 76 80 85 89 95 100 100 100 100 99 100 103 107 110 113 113 114 115 116 114 110 105 101 96 91 
111 110 108 106 103 101 99 97 95 94 93 92 90 89 90 90 91 91 92 93 94 95 96 97 98 99 100 101 102 103 104 105 106 107 109 111 112 114 115 116 118 115 109 104 98 92 87 83 79 74 70 70 73 74 74 75 80 84 89 95 98 98 98 97 97 99 103 107 110 112 112 113 114 115 111 106 102 97 92 86 
112 111 110 108 105 103 100 98 96 95 94 92 91 90 89 90 91 91 92 93 94 95 95 96 97 98 99 100 102 102 103 104 105 107 108 110 111 113 115 116 118 115 109 104 98 92 87 82 78 74 74 74 74 74 74 74 74 74 74 74 74 74 74 74 74 74 74 74 74 74 74 74 74 74 74 74 74 74 74 74 
94 93 92 91 89 90 91 91 92 93 94 95 96 97 97 98 99 100 101 102 102 103 105 106 108 109 112 114 115 117 116 111 105 100 94 88 84 79 73 71 71 71 71 71 71 71 71 71 71 71 71 71 71 71 71 71 71 71 71 71 71 71 71 71 71 71 71 71 71 71 71 71 71 71 71 71 71 71 71 71 
95 95 96 97 98 98 99 100 100 101 102 103 104 106 107 110 112 114 116 117 113 107 102 96 90 85 79 73 69 69 69 69 69 69 69 69 69 69 69 69 69 69 69 69 69 69 69 69 69 69 69 69 69 69 69 69 69 69 69 69 69 69 69 69 69 69 69 69 69 69 69 69 69 69 69 69 69 69 69 69 
101 102 103 105 107 110 112 114 117 114 109 104 98 92 86 79 73 67 66 65 63 60 64 69 74 79 80 80 79 78 84 89 95 99 100 101 103 103 99 94 90 86 83 80 77 75 74 73 113 114 114 114 113 112 111 110 108 105 103 100 98 95 94 93 91 90 90 91 93 94 95 96 97 97 98 98 99 99 99 99 
100 101 102 104 106 109 111 114 117 114 109 104 99 92 86 79 72 66 65 63 60 60 60 60 60 60 60 60 60 60 60 60 60 60 60 60 60 60 60 60 60 60 60 60 60 60 60 60 60 60 60 60 60 60 60 60 60 60 60 60 60 60 60 60 60 60 60 60 60 60 60 60 60 60 60 60 60 60 60 60 
105 100 94 87 79 72 67 63 60 56 56 56 56 56 56 56 56 56 56 56 56 56 56 56 56 56 56 56 56 56 56 56 56 56 56 56 56 56 56 56 56 56 56 56 56 56 56 56 56 56 56 56 56 56 56 56 56 56 56 56 56 56 56 56 56 56 56 56 56 56 56 56 56 56 56 56 56 56 56 56 
56 56 56 56 56 56 56 56 56 56 56 56 56 56 56 56 56 56 56 56 56 56 56 56 56 56 56 56 56 56 56 56 56 56 56 56 56 56 56 56 56 56 56 56 56 56 56 56 56 56 56 56 56 56 56 56 56 56 56 56 56 56 56 56 56 56 56 56 56 56 56 56 56 56 56 56 56 56 56 56 
83 83 81 78 77 77 78 79 80 81 83 83 82 80 79 78 107 106 107 108 109 110 110 109 108 107 105 104 102 100 99 98 97 96 95 94 94 93 93 95 97 98 99 98 98 97 97 96 96 96 98 99 101 104 106 109 111 109 106 105 100 92 83 74 68 62 55 51 53 56 58 59 61 62 65 70 74 78 78 79 
80 78 77 75 75 76 78 79 81 82 83 82 80 79 77 76 110 108 107 107 108 109 110 109 108 106 104 103 101 99 97 96 96 95 95 95 94 94 93 95 96 98 99 98 98 97 96 96 96 96 97 99 101 104 106 108 109 108 106 105 101 92 83 74 74 74 74 74 74 74 74 74 74 74 74 74 74 74 74 74 
78 77 76 76 78 103 112 111 109 107 105 104 104 103 103 101 98 95 93 91 91 90 90 91 92 94 94 95 95 96 97 97 98 97 97 96 95 95 95 96 98 100 102 104 105 106 105 104 103 100 93 84 75 67 58 50 48 50 51 52 54 54 54 54 54 54 54 54 54 54 54 54 54 54 54 54 54 54 54 54 
108 105 102 100 98 96 93 90 86 83 81 81 81 82 86 89 92 94 95 96 97 97 97 97 96 95 95 96 96 97 99 100 102 101 100 99 99 99 98 91 82 76 76 76 76 76 76 76 76 76 76 76 76 76 76 76 76 76 76 76 76 76 76 76 76 76 76 76 76 76 76 76 76 76 76 76 76 76 76 76 
71 68 69 70 71 76 81 85 88 91 93 93 94 94 94 94 95 96 96 98 98 99 98 95 92 92 94 96 90 81 73 62 52 44 43 43 44 49 51 51 51 51 51 51 51 51 51 51 51 51 51 51 51 51 51 51 51 51 51 51 51 51 51 51 51 51 51 51 51 51 51 51 51 51 51 51 51 51 51 51 
87 89 90 92 93 95 96 98 99 99 98 96 93 89 88 91 94 90 82 73 63 51 44 43 41 44 51 55 55 52 50 49 47 48 51 55 60 65 70 75 79 80 81 83 86 90 96 102 105 105 102 97 89 83 79 79 80 81 79 77 77 77 78 78 79 79 77 75 72 71 71 71 71 71 71 71 71 71 71 71 
95 92 88 87 90 94 92 84 76 64 52 45 43 41 48 56 58 58 58 58 58 58 58 58 58 58 58 58 58 58 58 58 58 58 58 58 58 58 58 58 58 58 58 58 58 58 58 58 58 58 58 58 58 58 58 58 58 58 58 58 58 58 58 58 58 58 58 58 58 58 58 58 58 58 58 58 58 58 58 58 
47 43 46 56 56 56 56 56 56 56 56 56 56 56 56 56 56 56 56 56 56 56 56 56 56 56 56 56 56 56 56 56 56 56 56 56 56 56 56 56 56 56 56 56 56 56 56 56 56 56 56 56 56 56 56 56 56 56 56 56 56 56 56 56 56 56 56 56 56 56 56 56 56 56 56 56 56 56 56 56 
63 61 64 68 77 88 98 105 111 108 103 99 95 93 94 95 101 108 113 117 116 88 77 79 81 84 85 86 83 82 75 60 50 53 61 69 78 86 86 79 70 64 56 50 62 76 80 77 71 64 57 48 44 54 71 88 101 108 109 87 41 41 41 68 110 99 85 69 61 61 61 61 61 61 61 61 61 61 61 61 
94 98 102 107 112 116 116 113 105 95 74 0 1 0 0 0 0 0 0 1 0 0 11 71 72 73 70 64 65 71 84 98 83 82 73 73 73 73 73 73 73 73 73 73 73 73 73 73 73 73 73 73 73 73 73 73 73 73 73 73 73 73 73 73 73 73 73 73 73 73 73 73 73 73 73 73 73 73 73 73 
0 0 0 1 0 0 0 0 1 2 0 0 0 0 0 0 2 1 0 0 70 63 62 62 78 78 73 66 63 63 63 63 63 63 63 63 63 63 63 63 63 63 63 63 63 63 63 63 63 63 63 63 63 63 63 63 63 63 63 63 63 63 63 63 63 63 63 63 63 63 63 63 63 63 63 63 63 63 63 63 
0 0 1 0 2 3 3 2 1 1 1 0 0 0 2 27 71 71 71 71 71 71 71 71 71 71 71 71 71 71 71 71 71 71 71 71 71 71 71 71 71 71 71 71 71 71 71 71 71 71 71 71 71 71 71 71 71 71 71 71 71 71 71 71 71 71 71 71 71 71 71 71 71 71 71 71 71 71 71 71 
1 1 0 0 1 0 0 0 0 12 73 71 66 66 66 66 66 66 66 66 66 66 66 66 66 66 66 66 66 66 66 66 66 66 66 66 66 66 66 66 66 66 66 66 66 66 66 66 66 66 66 66 66 66 66 66 66 66 66 66 66 66 66 66 66 66 66 66 66 66 66 66 66 66 66 66 66 66 66 66 
1 1 75 78 99 93 41 41 41 41 47 44 46 41 40 44 45 42 42 46 64 71 78 67 57 50 53 65 75 83 96 113 119 122 119 114 112 111 113 118 121 123 124 121 119 117 115 119 5 2 0 0 0 2 1 1 1 0 1 0 0 0 0 0 2 3 2 1 0 0 1 1 0 0 1 1 0 0 0 0 
1 1 41 131 90 92 41 41 41 41 47 59 78 62 48 46 47 47 57 75 86 79 66 52 46 46 58 67 71 82 98 105 110 111 110 113 115 118 122 124 124 123 120 117 115 112 117 123 4 1 0 0 1 2 1 1 1 0 1 0 0 0 0 0 1 1 1 1 0 0 0 0 0 1 1 1 0 0 0 0 
0 1 41 131 15 74 41 41 41 41 37 50 73 88 88 88 84 83 90 103 82 65 49 43 40 50 59 61 67 78 89 95 102 104 112 118 122 125 126 126 125 123 120 119 117 121 125 112 2 1 0 0 1 2 1 1 1 1 0 1 0 0 0 0 1 1 0 0 0 0 0 0 0 1 1 0 0 0 0 0 
0 27 101 43 42 41 41 41 41 17 34 56 78 102 118 115 109 103 90 70 52 41 38 42 49 52 53 58 67 76 87 97 108 117 124 128 128 127 126 124 122 121 120 122 124 119 108 55 0 0 0 0 1 1 1 1 1 0 0 0 0 0 0 0 0 0 0 0 0 0 0 0 1 1 0 0 0 0 0 0 
1 27 13 15 42 41 41 41 41 23 44 39 46 64 70 86 90 78 62 47 39 36 40 46 48 46 46 52 65 81 95 108 120 127 131 130 128 127 125 124 124 123 123 124 118 109 97 50 0 0 0 0 0 0 1 1 1 0 0 0 0 0 0 0 0 0 0 0 0 0 0 0 1 0 0 0 0 0 0 0 
14 27 15 28 41 41 41 41 47 82 63 59 57 48 34 35 40 36 33 33 38 44 48 48 46 45 55 72 91 107 118 124 127 129 128 127 127 126 126 127 126 125 121 113 103 88 62 1 0 0 0 0 0 1 1 1 1 0 0 0 0 0 0 0 0 0 0 0 0 0 0 0 0 0 1 0 0 0 0 1 
27 13 15 42 41 41 41 41 60 99 87 86 78 60 46 42 33 28 32 41 44 44 44 44 44 44 44 44 44 44 44 44 44 44 44 44 44 44 44 44 44 44 44 44 44 44 44 44 44 44 44 44 44 44 44 44 44 44 44 44 44 44 44 44 44 44 44 44 44 44 44 44 44 44 44 44 44 44 44 44 
90 91 84 96 103 82 50 34 33 35 36 39 46 61 81 101 113 120 124 126 126 126 125 124 124 126 127 126 119 109 100 90 79 68 57 43 1 1 1 1 1 1 1 0 0 0 0 0 0 0 0 0 0 0 0 0 0 1 0 0 0 0 0 0 0 0 0 1 1 1 15 15 15 15 15 15 15 15 15 24 
66 84 95 106 107 89 59 27 25 29 35 44 44 44 44 44 44 44 44 44 44 44 44 44 44 44 44 44 44 44 44 44 44 44 44 44 44 44 44 44 44 44 44 44 44 44 44 44 44 44 44 44 44 44 44 44 44 44 44 44 44 44 44 44 44 44 44 44 44 44 44 44 44 44 44 44 44 44 44 44 
62 76 80 86 91 102 115 119 121 119 120 117 120 129 122 112 102 94 85 78 70 61 54 52 54 5 3 1 0 0 1 1 1 1 0 1 0 0 1 1 0 0 0 0 0 0 0 1 1 0 0 0 0 0 0 0 1 1 15 15 15 15 15 15 15 15 15 15 15 15 15 65 75 71 101 90 54 40 65 73 
86 82 82 79 82 100 114 120 122 124 124 124 125 118 110 100 89 79 72 66 60 54 53 55 57 5 2 0 0 0 2 2 1 1 0 0 0 0 0 0 1 0 0 0 0 0 0 1 1 0 0 0 0 0 0 0 1 1 15 15 15 15 15 15 15 15 15 15 15 15 15 59 83 76 90 99 93 74 89 101 
104 99 82 78 85 102 117 122 122 125 123 122 113 103 94 81 73 65 60 58 55 57 61 61 58 4 1 0 0 0 2 1 1 1 0 0 0 0 0 0 1 0 0 1 0 0 0 1 1 0 0 0 0 0 0 0 1 1 15 15 15 15 15 15 15 15 15 15 15 15 15 15 59 83 71 95 97 98 99 108 
105 95 79 75 82 97 108 114 117 120 119 111 100 91 78 69 64 60 57 57 64 70 70 67 64 4 1 0 0 0 1 1 0 0 0 1 0 0 0 0 0 0 0 0 0 0 0 0 1 0 0 0 0 0 1 0 1 1 15 15 15 15 15 15 15 15 15 15 15 15 15 15 59 59 59 59 59 59 59 59 
97 91 84 76 71 70 69 75 86 92 93 92 88 85 47 1 0 0 0 0 0 0 0 0 1 1 0 0 0 0 0 0 0 0 0 0 0 0 0 0 1 0 0 1 1 1 0 0 15 15 15 15 15 15 15 15 15 15 15 15 15 49 39 59 64 66 66 66 66 66 66 66 66 66 66 66 66 66 66 66 
121 122 118 86 0 0 1 1 0 0 0 0 0 1 1 0 0 0 1 1 1 0 0 0 0 0 0 0 0 1 0 0 0 0 2 1 15 15 15 15 15 15 15 15 15 15 15 15 15 15 32 51 44 58 63 62 51 47 55 67 94 93 99 104 95 85 78 79 86 94 101 107 111 109 107 106 110 117 122 123 
123 122 121 90 0 1 1 1 1 0 0 0 0 1 1 0 0 0 1 1 0 0 0 0 0 0 0 0 0 1 1 1 1 1 1 0 15 15 15 15 15 15 15 15 15 15 15 15 15 15 32 51 51 46 61 62 63 47 41 41 41 41 41 41 41 41 41 41 41 41 41 41 41 41 41 41 41 41 41 41 
0 0 1 0 0 3 4 1 2 1 0 0 1 0 0 0 1 2 0 0 1 1 1 0 0 15 15 15 15 15 15 15 15 15 15 15 15 15 15 15 51 51 51 51 65 57 61 58 48 60 79 86 48 50 61 72 84 95 102 105 105 101 94 90 89 90 89 86 86 89 87 84 89 1 1 1 1 1 2 1 
1 1 1 0 0 6 9 1 1 0 0 0 1 0 0 0 1 4 0 0 0 1 1 1 0 15 15 15 15 15 15 15 15 15 15 15 15 15 15 15 51 51 51 51 56 68 55 73 66 66 66 66 66 66 66 66 66 66 66 66 66 66 66 66 66 66 66 66 66 66 66 66 66 66 66 66 66 66 66 66 
0 0 0 0 1 1 2 1 0 0 0 0 1 0 0 15 15 15 15 15 15 15 15 15 15 15 15 15 15 49 51 51 51 132 80 55 55 55 55 55 55 55 55 55 55 55 55 55 55 55 55 55 55 55 55 55 55 55 55 55 55 55 55 55 55 55 55 55 55 55 55 55 55 55 55 55 55 55 55 55 
1 1 0 0 15 15 15 15 15 15 15 15 15 15 15 15 15 15 15 32 51 91 173 173 125 49 42 50 52 54 67 92 105 113 106 84 65 60 62 69 73 78 79 77 76 78 81 83 81 80 78 59 0 0 1 0 0 1 1 0 0 0 0 1 0 0 0 1 0 0 0 0 1 3 3 2 0 0 0 0 
1 1 0 0 15 15 15 15 15 15 15 15 15 15 15 15 15 15 15 32 51 91 173 173 125 54 50 46 49 55 67 84 101 108 108 89 67 56 66 70 75 79 78 76 75 76 78 78 77 74 72 57 0 0 0 0 0 0 1 0 0 0 0 1 0 0 0 0 1 1 0 0 1 3 3 2 0 0 0 1 
2 2 0 0 15 15 15 15 15 15 15 15 15 15 15 15 15 15 15 32 51 91 173 173 115 0 0 0 0 0 0 0 0 0 0 0 0 0 0 0 0 0 0 0 0 0 0 0 0 0 0 0 0 0 0 0 0 0 0 0 0 0 0 0 0 0 0 0 0 0 0 0 0 0 0 0 0 0 0 0 
15 15 15 15 15 15 15 15 15 15 51 173 173 173 0 51 48 48 48 48 48 48 48 48 48 48 48 48 48 48 48 48 48 48 48 48 48 48 48 48 48 48 48 48 48 48 48 48 48 48 48 48 48 48 48 48 48 48 48 48 48 48 48 48 48 48 48 48 48 48 48 48 48 48 48 48 48 48 48 48 
132 173 173 58 0 20 42 40 45 53 66 78 83 82 82 74 62 57 58 60 62 80 86 77 71 68 68 69 73 80 43 0 0 0 2 1 0 0 0 0 0 1 1 1 1 0 0 0 1 0 0 0 1 1 0 0 0 0 1 1 1 1 0 15 15 15 15 15 15 15 15 15 15 15 15 15 15 15 15 131 
173 173 58 1 0 19 49 39 37 41 41 41 41 41 41 41 41 41 41 41 41 41 41 41 41 41 41 41 41 41 41 41 41 41 41 41 41 41 41 41 41 41 41 41 41 41 41 41 41 41 41 41 41 41 41 41 41 41 41 41 41 41 41 41 41 41 41 41 41 41 41 41 41 41 41 41 41 41 41 41 
59 70 87 90 84 71 64 66 73 79 86 90 94 96 90 71 73 80 88 70 0 0 0 1 1 0 0 0 0 0 1 0 0 0 0 0 1 3 2 0 0 0 0 0 0 0 0 0 1 1 0 15 15 15 15 15 15 15 15 15 15 15 15 15 15 15 15 15 16 18 0 1 1 1 0 8 51 54 36 37 
50 62 75 92 91 85 71 70 78 85 93 100 104 107 108 101 73 76 85 94 94 94 94 94 94 94 94 94 94 94 94 94 94 94 94 94 94 94 94 94 94 94 94 94 94 94 94 94 94 94 94 94 94 94 94 94 94 94 94 94 94 94 94 94 94 94 94 94 94 94 94 94 94 94 94 94 94 94 94 94 
94 94 94 94 94 94 94 94 94 94 94 94 94 94 94 94 94 94 94 94 94 94 94 94 94 94 94 94 94 94 94 94 94 94 94 94 94 94 94 94 94 94 94 94 94 94 94 94 94 94 94 94 94 94 94 94 94 94 94 94 94 94 94 94 94 94 94 94 94 94 94 94 94 94 94 94 94 94 94 94 
94 94 94 94 94 94 94 94 94 94 94 94 94 94 94 94 94 94 94 94 94 94 94 94 94 94 94 94 94 94 94 94 94 94 94 94 94 94 94 94 94 94 94 94 94 94 94 94 94 94 94 94 94 94 94 94 94 94 94 94 94 94 94 94 94 94 94 94 94 94 94 94 94 94 94 94 94 94 94 94 
94 94 94 94 94 94 94 94 94 94 94 94 94 94 94 94 94 94 94 94 94 94 94 94 94 94 94 94 94 94 94 94 94 94 94 94 94 94 94 94 94 94 94 94 94 94 94 94 94 94 94 94 94 94 94 94 94 94 94 94 94 94 94 94 94 94 94 94 94 94 94 94 94 94 94 94 94 94 94 94 
94 94 94 94 94 94 94 94 94 94 94 94 94 94 94 94 94 94 94 94 94 94 94 94 94 94 94 94 94 94 94 94 94 94 94 94 94 94 94 94 94 94 94 94 94 94 94 94 94 94 94 94 94 94 94 94 94 94 94 94 94 94 94 94 94 94 94 94 94 94 94 94 94 94 94 94 94 94 94 94 
94 94 94 94 94 94 94 94 94 94 94 94 94 94 94 94 94 94 94 94 94 94 94 94 94 94 94 94 94 94 94 94 94 94 94 94 94 94 94 94 94 94 94 94 94 94 94 94 94 94 94 94 94 94 94 94 94 94 94 94 94 94 94 94 94 94 94 94 94 94 94 94 94 94 94 94 94 94 94 94 
94 94 94 94 94 94 94 94 94 94 94 94 94 94 94 94 94 94 94 94 94 94 94 94 94 94 94 94 94 94 94 94 94 94 94 94 94 94 94 94 94 94 94 94 94 94 94 94 94 94 94 94 94 94 94 94 94 94 94 94 94 94 94 94 94 94 94 94 94 94 94 94 94 94 94 94 94 94 94 94 
94 94 94 94 94 94 94 94 94 94 94 94 94 94 94 94 94 94 94 94 94 94 94 94 94 94 94 94 94 94 94 94 94 94 94 94 94 94 94 94 94 94 94 94 94 94 94 94 94 94 94 94 94 94 94 94 94 94 94 94 94 94 94 94 94 94 94 94 94 94 94 94 94 94 94 94 94 94 94 94 
94 94 94 94 94 94 94 94 94 94 94 94 94 94 94 94 94 94 94 94 94 94 94 94 94 94 94 94 94 94 94 94 94 94 94 94 94 94 94 94 94 94 94 94 94 94 94 94 94 94 94 94 94 94 94 94 94 94 94 94 94 94 94 94 94 94 94 94 94 94 94 94 94 94 94 94 94 94 94 94 
94 94 94 94 94 94 94 94 94 94 94 94 94 94 94 94 94 94 94 94 94 94 94 94 94 94 94 94 94 94 94 94 94 94 94 94 94 94 94 94 94 94 94 94 94 94 94 94 94 94 94 94 94 94 94 94 94 94 94 94 94 94 94 94 94 94 94 94 94 94 94 94 94 94 94 94 94 94 94 94 
94 94 94 94 94 94 94 94 94 94 94 94 94 94 94 94 94 94 94 94 94 94 94 94 94 94 94 94 94 94 94 94 94 94 94 94 94 94 94 94 94 94 94 94 94 94 94 94 94 94 94 94 94 94 94 94 94 94 94 94 94 94 94 94 94 94 94 94 94 94 94 94 94 94 94 94 94 94 94 94 
94 94 94 94 94 94 94 94 94 94 94 94 94 94 94 94 94 94 94 94 94 94 94 94 94 94 94 94 94 94 94 94 94 94 94 94 94 94 94 94 94 94 94 94 94 94 94 94 94 94 94 94 94 94 94 94 94 94 94 94 94 94 94 94 94 94 94 94 94 94 94 94 94 94 94 94 94 94 94 94 
94 94 94 94 94 94 94 94 94 94 94 94 94 94 94 94 94 94 94 94 94 94 94 94 94 94 94 94 94 94 94 94 94 94 94 94 94 94 94 94 94 94 94 94 94 94 94 94 94 94 94 94 94 94 94 94 94 94 94 94 94 94 94 94 94 94 94 94 94 94 94 94 94 94 94 94 94 94 94 94 
94 94 94 94 94 94 94 94 94 94 94 94 94 94 94 94 94 94 94 94 94 94 94 94 94 94 94 94 94 94 94 94 94 94 94 94 94 94 94 94 94 94 94 94 94 94 94 94 94 94 94 94 94 94 94 94 94 94 94 94 94 94 94 94 94 94 94 94 94 94 94 94 94 94 94 94 94 94 94 94 
94 94 94 94 94 94 94 94 94 94 94 94 94 94 94 94 94 94 94 94 94 94 94 94 94 94 94 94 94 94 94 94 94 94 94 94 94 94 94 94 94 94 94 94 94 94 94 94 94 94 94 94 94 94 94 94 94 94 94 94 94 94 94 94 94 94 94 94 94 94 94 94 94 94 94 94 94 94 94 94 
94 94 94 94 94 94 94 94 94 94 94 94 94 94 94 94 94 94 94 94 94 94 94 94 94 94 94 94 94 94 94 94 94 94 94 94 94 94 94 94 94 94 94 94 94 94 94 94 94 94 94 94 94 94 94 94 94 94 94 94 94 94 94 94 94 94 94 94 94 94 94 94 94 94 94 94 94 94 94 94 
94 94 94 94 94 94 94 94 94 94 94 94 94 94 94 94 94 94 94 94 94 94 94 94 94 94 94 94 94 94 94 94 94 94 94 94 94 94 94 94 94 94 94 94 94 94 94 94 94 94 94 94 94 94 94 94 94 94 94 94 94 94 94 94 94 94 94 94 94 94 94 94 94 94 94 94 94 94 94 94 
94 94 94 94 94 94 94 94 94 94 94 94 94 94 94 94 94 94 94 94 94 94 94 94 94 94 94 94 94 94 94 94 94 94 94 94 94 94 94 94 94 94 94 94 94 94 94 94 94 94 94 94 94 94 94 94 94 94 94 94 94 94 94 94 94 94 94 94 94 94 94 94 94 94 94 94 94 94 94 94 
94 94 94 94 94 94 94 94 94 94 94 94 94 94 94 94 94 94 94 94 94 94 94 94 94 94 94 94 94 94 94 94 94 94 94 94 94 94 94 94 94 94 94 94 94 94 94 94 94 94 94 94 94 94 94 94 94 94 94 94 94 94 94 94 94 94 94 94 94 94 94 94 94 94 94 94 94 94 94 94 
94 94 94 94 94 94 94 94 94 94 94 94 94 94 94 94 94 94 94 94 94 94 94 94 94 94 94 94 94 94 94 94 94 94 94 94 94 94 94 94 94 94 94 94 94 94 94 94 94 94 94 94 94 94 94 94 94 94 94 94 94 94 94 94 94 94 94 94 94 94 94 94 94 94 94 94 94 94 94 94 
94 94 94 94 94 94 94 94 94 94 94 94 94 94 94 94 94 94 94 94 94 94 94 94 94 94 94 94 94 94 94 94 94 94 94 94 94 94 94 94 94 94 94 94 94 94 94 94 94 94 94 94 94 94 94 94 94 94 94 94 94 94 94 94 94 94 94 94 94 94 94 94 94 94 94 94 94 94 94 94 
94 94 94 94 94 94 94 94 94 94 94 94 94 94 94 94 94 94 94 94 94 94 94 94 94 94 94 94 94 94 94 94 94 94 94 94 94 94 94 94 94 94 94 94 94 94 94 94 94 94 94 94 94 94 94 94 94 94 94 94 94 94 94 94 94 94 94 94 94 94 94 94 94 94 94 94 94 94 94 94 
94 94 94 94 94 94 94 94 94 94 94 94 94 94 94 94 94 94 94 94 94 94 94 94 94 94 94 94 94 94 94 94 94 94 94 94 94 94 94 94 94 94 94 94 94 94 94 94 94 94 94 94 94 94 94 94 94 94 94 94 94 94 94 94 94 94 94 94 94 94 94 94 94 94 94 94 94 94 94 94 
94 94 94 94 94 94 94 94 94 94 94 94 94 94 94 94 94 94 94 94 94 94 94 94 94 94 94 94 94 94 94 94 94 94 94 94 94 94 94 94 94 94 94 94 94 94 94 94 94 94 94 94 94 94 94 94 94 94 94 94 94 94 94 94 94 94 94 94 94 94 94 94 94 94 94 94 94 94 94 94 
94 94 94 94 94 94 94 94 94 94 94 94 94 94 94 94 94 94 94 94 94 94 94 94 94 94 94 94 94 94 94 94 94 94 94 94 94 94 94 94 94 94 94 94 94 94 94 94 94 94 94 94 94 94 94 94 94 94 94 94 94 94 94 94 94 94 94 94 94 94 94 94 94 94 94 94 94 94 94 94 
94 94 94 94 94 94 94 94 94 94 94 94 94 94 94 94 94 94 94 94 94 94 94 94 94 94 94 94 94 94 94 94 94 94 94 94 94 94 94 94 94 94 94 94 94 94 94 94 94 94 94 94 94 94 94 94 94 94 94 94 94 94 94 94 94 94 94 94 94 94 94 94 94 94 94 94 94 94 94 94 
94 94 94 94 94 94 94 94 94 94 94 94 94 94 94 94 94 94 94 94 94 94 94 94 94 94 94 94 94 94 94 94 94 94 94 94 94 94 94 94 94 94 94 94 94 94 94 94 94 94 94 94 94 94 94 94 94 94 94 94 94 94 94 94 94 94 94 94 94 94 94 94 94 94 94 94 94 94 94 94 
94 94 94 94 94 94 94 94 94 94 94 94 94 94 94 94 94 94 94 94 94 94 94 94 94 94 94 94 94 94 94 94 94 94 94 94 94 94 94 94 94 94 94 94 94 94 94 94 94 94 94 94 94 94 94 94 94 94 94 94 94 94 94 94 94 94 94 94 94 94 94 94 94 94 94 94 94 94 94 94 
94 94 94 94 94 94 94 94 94 94 94 94 94 94 94 94 94 94 94 94 94 94 94 94 94 94 94 94 94 94 94 94 94 94 94 94 94 94 94 94 94 94 94 94 94 94 94 94 94 94 94 94 94 94 94 94 94 94 94 94 94 94 94 94 94 94 94 94 94 94 94 94 94 94 94 94 94 94 94 94 
94 94 94 94 94 94 94 94 94 94 94 94 94 94 94 94 94 94 94 94 94 94 94 94 94 94 94 94 94 94 94 94 94 94 94 94 94 94 94 94 94 94 94 94 94 94 94 94 94 94 94 94 94 94 94 94 94 94 94 94 94 94 94 94 94 94 94 94 94 94 94 94 94 94 94 94 94 94 94 94 
94 94 94 94 94 94 94 94 94 94 94 94 94 94 94 94 94 94 94 94 94 94 94 94 94 94 94 94 94 94 94 94 94 94 94 94 94 94 94 94 94 94 94 94 94 94 94 94 94 94 94 94 94 94 94 94 94 94 94 94 94 94 94 94 94 94 94 94 94 94 94 94 94 94 94 94 94 94 94 94 
94 94 94 94 94 94 94 94 94 94 94 94 94 94 94 94 94 94 94 94 94 94 94 94 94 94 94 94 94 94 94 94 94 94 94 94 94 94 94 94 94 94 94 94 94 94 94 94 94 94 94 94 94 94 94 94 94 94 94 94 94 94 94 94 94 94 94 94 94 94 94 94 94 94 94 94 94 94 94 94 
