0 0 0 1 2 0 0 0 1 1 3 1 0 0 1 1 1 2 2 0 2 1 0 1 0 1 0 0 1 1 2 1 0 0 0 0 0 0 1 2 1 1 1 1 0 0 0 0 0 0 0 2 2 1 1 1 1 1 1 1 1 0 0 1 1 0 0 0 0 0 0 0 1 2 3 1 0 0 1 1 
0 0 0 1 2 0 0 0 1 1 3 2 0 0 1 2 1 0 0 0 2 1 0 1 0 1 0 0 1 1 2 1 0 0 0 0 0 0 1 2 1 2 1 0 0 0 0 0 0 0 0 2 2 1 1 1 1 1 1 2 0 0 0 1 1 0 0 0 0 0 0 0 1 3 4 0 0 0 0 1 
0 0 0 1 1 0 0 0 0 1 2 1 0 0 1 1 1 0 0 1 1 1 0 0 0 0 0 0 1 1 1 0 0 0 0 0 0 0 1 1 1 1 1 0 0 0 0 0 0 0 0 1 1 1 1 1 0 0 1 1 0 0 0 1 1 0 0 0 0 0 0 0 0 2 3 0 0 0 0 0 
0 0 0 1 1 0 0 0 0 0 0 0 0 0 1 0 0 0 0 1 0 1 0 0 0 0 0 0 1 1 0 0 0 0 0 0 0 0 0 0 1 1 1 0 0 0 1 0 0 0 0 1 1 1 1 0 0 0 0 0 0 0 0 1 2 0 1 0 0 0 0 0 0 1 2 0 0 0 0 0 
0 0 0 1 1 0 0 0 0 0 0 0 0 0 1 0 0 1 1 1 0 0 0 0 0 0 1 1 1 1 0 0 0 0 0 0 0 0 1 0 1 1 0 0 0 0 1 1 0 0 1 1 1 1 1 0 0 0 0 0 0 0 1 1 2 0 0 0 0 1 0 0 0 0 1 0 0 0 0 0 
0 0 0 1 1 0 1 1 0 0 0 0 0 0 0 0 0 2 3 0 0 0 0 0 0 0 1 1 0 0 1 0 0 0 0 0 0 1 1 1 1 1 0 0 0 0 1 1 0 0 1 1 1 1 0 0 0 0 0 0 0 1 1 1 1 0 0 0 0 1 0 0 0 0 1 1 0 0 0 1 
0 0 0 0 1 0 1 1 1 0 0 1 0 0 0 0 0 3 4 0 0 0 0 0 0 0 2 1 0 0 1 0 0 0 0 0 0 1 2 1 1 0 0 0 0 0 1 1 1 0 2 1 0 1 0 0 1 0 0 0 0 1 1 1 1 0 0 0 1 2 0 0 0 0 0 1 0 0 0 1 
0 0 0 0 0 0 1 1 0 0 0 0 0 0 0 0 0 4 5 0 0 1 1 1 1 0 1 1 0 0 0 1 1 0 0 0 0 1 1 0 0 0 0 0 0 0 1 1 0 0 1 0 0 0 0 0 0 0 0 0 0 1 1 1 1 1 1 0 0 1 0 0 0 0 0 0 0 0 0 0 
0 0 0 0 0 0 0 0 0 0 0 0 0 1 1 0 0 5 7 1 0 1 2 2 2 0 0 0 0 0 0 2 1 0 0 0 0 1 1 0 0 1 0 0 1 1 0 0 0 0 1 0 0 0 0 0 0 0 0 0 0 0 1 1 2 1 2 1 0 0 0 0 0 0 1 0 0 0 0 0 
0 0 0 0 0 0 0 0 0 0 0 0 0 1 1 0 0 4 6 1 0 2 3 3 2 0 0 0 0 0 1 2 1 0 0 0 0 1 0 0 0 1 1 1 1 1 0 0 0 0 1 0 0 1 0 0 0 0 0 0 0 0 0 1 1 1 1 1 0 0 0 0 0 0 1 0 0 0 1 2 
0 0 0 1 1 0 0 0 0 1 1 0 0 0 0 0 0 2 3 0 1 2 4 4 1 0 0 0 0 0 3 2 1 0 1 0 1 1 0 0 0 1 1 1 0 0 1 1 0 0 0 0 1 2 1 0 0 0 0 0 0 0 0 0 1 0 1 0 0 0 0 0 0 0 1 0 0 0 1 4 
1 0 0 1 1 0 0 0 0 1 1 0 0 0 0 0 0 1 1 0 1 3 5 4 1 0 0 0 0 1 4 2 0 0 1 0 1 1 0 0 0 1 1 1 0 0 1 1 1 0 0 0 1 2 1 0 0 0 0 0 0 0 0 0 0 0 0 0 0 0 0 1 0 0 1 0 1 1 2 6 
0 0 0 0 0 0 0 0 0 1 1 0 0 0 0 0 10 0 1 0 1 3 5 4 1 0 0 1 1 1 2 1 0 1 2 0 1 1 0 0 0 0 1 1 1 0 1 1 0 1 1 0 1 1 0 0 0 0 0 0 1 0 0 0 0 0 1 1 0 0 1 1 0 0 0 0 1 1 1 3 
0 0 0 0 0 0 0 0 0 1 0 1 0 0 0 1 10 0 0 0 1 4 5 3 1 0 1 2 2 2 1 1 0 1 3 0 0 1 1 0 1 0 1 1 2 0 1 1 0 1 2 1 0 0 0 0 0 0 0 0 2 1 0 1 0 0 2 1 0 0 2 1 0 0 0 0 1 1 0 1 
1 0 0 0 0 0 0 0 1 1 0 1 0 0 0 2 10 0 0 0 1 4 4 2 1 0 1 1 2 1 0 1 0 1 2 0 0 0 0 0 1 0 0 1 2 0 1 0 0 1 3 1 0 0 1 0 1 1 0 0 2 1 0 1 0 0 2 2 1 0 2 1 0 0 0 0 1 1 1 2 
2 1 1 1 0 0 0 0 1 1 1 0 0 0 0 3 11 10 0 0 0 3 3 1 0 1 0 1 1 1 1 0 0 0 1 0 0 0 0 0 0 0 0 1 1 1 0 0 1 1 4 1 0 0 1 1 3 2 0 1 2 1 0 1 1 0 1 2 1 0 2 1 0 0 0 0 1 1 2 4 
2 1 1 1 0 0 0 0 1 1 1 0 0 0 0 4 15 10 68 42 14 2 2 1 0 1 0 0 0 0 1 0 0 0 0 0 0 0 0 0 0 0 0 0 1 1 0 0 1 1 5 2 0 1 2 1 4 2 0 1 2 1 1 1 1 0 1 2 2 0 2 1 0 0 0 0 1 1 2 5 
1 1 1 1 1 0 0 0 1 1 1 1 0 0 0 4 17 9 47 32 19 1 1 1 1 1 0 0 0 0 0 0 0 0 0 0 0 0 0 0 0 1 1 1 1 1 1 0 0 0 3 1 0 0 1 1 2 1 0 1 1 0 1 2 1 0 1 2 2 0 1 0 0 0 0 0 0 1 2 3 
0 0 0 1 2 0 1 0 0 1 0 1 1 0 0 4 39 9 35 27 19 0 1 58 2 2 1 0 1 1 0 0 0 0 1 1 0 0 0 0 0 2 2 2 2 1 1 0 0 0 1 1 0 0 0 1 1 1 0 0 0 0 2 4 1 0 2 2 1 0 0 0 0 0 0 1 0 1 2 1 
0 0 0 1 1 1 0 0 0 0 0 1 0 0 1 9 48 10 11 19 15 18 65 26 1 1 0 0 1 0 0 0 0 1 1 1 0 0 0 0 0 2 2 1 1 1 0 0 0 0 0 0 0 0 0 1 1 1 1 0 0 0 2 2 0 0 2 1 0 0 0 0 0 0 0 1 1 1 0 0 
0 0 0 1 2 1 0 0 0 0 0 0 0 0 0 1 1 9 10 15 14 16 50 12 1 1 0 0 1 0 0 0 1 0 0 1 1 0 0 0 0 1 2 1 0 0 0 0 0 0 0 0 0 0 0 0 0 1 2 1 0 0 1 2 1 0 1 1 1 1 0 0 0 0 1 2 1 1 1 0 
0 0 0 2 2 1 0 0 0 0 0 0 0 0 0 0 7 10 10 10 10 10 10 10 10 10 10 10 10 10 10 10 10 10 10 10 10 10 10 10 10 10 10 10 10 10 10 10 10 10 10 10 10 10 10 10 10 10 10 10 10 10 10 10 10 10 10 10 10 10 10 10 10 10 10 10 10 10 10 10 
1 1 2 1 1 3 17 19 9 9 11 19 0 0 0 0 0 0 0 0 0 1 0 0 0 0 0 0 0 0 0 0 0 0 0 0 0 1 2 1 0 0 0 3 5 1 1 1 1 1 1 0 0 0 1 3 2 0 0 0 1 2 4 3 1 0 0 1 2 0 1 1 1 0 0 0 1 0 0 0 
0 1 1 1 1 3 21 20 10 9 10 13 0 0 1 2 1 0 0 0 0 0 0 0 0 0 0 0 0 0 0 0 0 0 0 0 1 1 1 1 0 0 0 3 4 1 0 1 1 1 1 1 1 1 1 2 1 0 0 0 1 2 3 3 0 0 0 1 1 0 2 1 1 0 0 0 0 0 0 0 
0 0 1 0 0 3 23 21 9 9 10 10 10 10 10 10 10 10 10 10 10 10 10 10 10 10 10 10 10 10 10 10 10 10 10 10 10 10 10 10 10 10 10 10 10 10 10 10 10 10 10 10 10 10 10 10 10 10 10 10 10 10 10 10 10 10 10 10 10 10 10 10 10 10 10 10 10 10 10 10 
9 0 1 1 3 3 1 1 0 0 1 1 0 0 0 0 0 1 0 0 1 1 0 0 0 1 2 0 0 1 1 1 3 0 0 0 0 0 3 2 2 3 4 1 0 0 0 1 1 1 1 1 1 1 1 0 0 0 1 5 6 4 0 0 1 2 2 0 1 3 2 1 1 1 86 22 32 15 11 9 
9 0 1 0 1 1 1 2 0 0 1 2 0 0 0 0 1 2 0 0 0 0 0 1 0 0 1 1 1 2 1 1 2 0 1 0 0 0 4 3 2 2 1 0 1 1 1 1 2 1 0 0 1 3 1 1 1 1 15 4 5 4 0 0 1 2 1 0 1 6 5 1 1 1 85 51 34 16 12 9 
9 1 1 0 0 0 1 3 1 0 1 2 0 0 0 0 196 193 191 188 0 0 0 2 1 0 0 1 1 1 1 1 2 1 1 0 0 1 3 3 2 1 0 0 1 1 1 1 1 1 1 0 1 2 2 1 1 1 13 2 3 3 1 0 1 1 1 0 0 10 8 1 0 1 79 53 33 15 11 9 
1 2 0 0 0 1 4 2 1 1 2 1 1 0 0 195 193 190 188 1 0 0 3 1 0 0 1 1 1 0 0 1 1 1 0 0 1 1 2 2 1 1 0 1 1 1 1 1 2 2 1 0 1 2 1 1 1 12 0 1 2 1 0 1 0 0 0 0 12 9 1 0 224 76 52 31 15 10 9 9 
1 2 0 0 0 1 4 3 2 1 2 1 1 0 0 195 193 190 187 1 1 0 4 1 0 0 1 1 0 0 0 1 2 1 0 0 1 0 2 2 0 1 0 1 1 0 1 0 3 2 1 0 1 2 1 1 1 12 1 1 1 0 0 0 0 0 0 0 7 5 1 0 218 72 50 36 36 36 36 36 
0 0 0 0 129 192 190 187 63 1 0 0 0 1 1 0 0 0 0 1 0 2 1 0 0 0 0 2 3 1 0 0 0 1 1 1 0 0 0 0 0 0 0 2 3 1 5 11 1 0 0 0 0 0 0 1 0 0 0 0 0 54 71 48 28 14 9 9 9 1 0 0 2 3 1 1 1 1 1 1 
0 0 0 0 129 192 190 187 63 0 0 0 0 1 1 0 0 1 1 1 1 1 1 0 0 0 1 2 2 1 1 1 1 1 1 1 0 0 0 0 0 0 1 2 2 0 7 12 1 0 0 0 0 0 0 1 0 0 0 0 0 49 63 42 23 12 9 9 9 9 1 0 5 5 1 0 0 0 1 2 
1 0 0 0 194 191 189 187 3 0 0 0 1 1 0 1 0 1 1 2 1 2 0 0 1 0 2 2 1 1 3 2 1 0 0 1 1 0 0 0 0 0 3 3 1 0 20 0 0 1 0 0 0 0 1 2 0 0 0 0 0 71 47 27 25 25 25 25 25 25 25 25 25 25 25 25 25 25 25 25 
0 0 0 0 0 1 1 1 1 1 1 0 0 0 1 2 0 0 0 1 1 0 0 0 0 0 1 1 1 0 1 2 1 0 0 4 9 0 0 1 0 0 0 0 1 0 0 0 1 0 0 0 0 0 0 0 0 0 0 0 0 0 0 0 0 0 0 0 0 0 0 0 0 0 0 0 0 0 0 0 
0 0 0 1 2 0 0 0 0 0 0 0 0 0 0 1 1 2 2 1 2 0 1 4 6 15 15 0 1 1 0 0 2 1 0 0 0 1 0 6 45 19 9 9 9 9 9 9 9 0 1 0 0 0 0 0 1 1 0 0 0 0 64 191 189 186 124 0 0 0 0 0 0 0 1 1 0 0 0 0 
0 0 0 1 2 1 0 0 0 0 0 0 0 0 0 1 1 1 1 0 1 1 2 8 10 16 16 0 1 1 0 0 2 2 0 0 1 1 0 4 33 14 9 9 9 9 9 9 0 0 1 0 0 0 0 0 1 1 0 0 0 0 64 191 188 186 123 0 0 0 0 0 0 0 1 1 0 0 0 0 
0 0 0 1 2 1 1 1 0 0 0 0 0 0 0 0 0 0 0 0 0 0 5 12 12 20 12 0 0 1 0 0 1 0 0 0 0 0 0 0 7 9 10 10 9 9 2 1 0 0 1 0 0 0 0 0 0 1 0 0 0 0 127 189 187 185 61 0 0 0 0 0 0 0 1 1 0 0 0 0 
0 0 0 2 2 1 1 1 1 1 0 0 0 0 0 0 0 0 0 0 0 0 3 7 11 23 12 0 0 1 1 1 1 0 0 0 0 0 0 0 1 8 3 8 9 1 0 1 0 0 0 1 0 0 0 0 0 1 0 0 0 0 127 189 187 185 61 0 0 0 0 0 0 0 2 1 0 0 0 0 
0 1 1 3 2 1 1 2 2 0 0 0 0 0 0 0 0 0 0 0 0 0 0 1 8 23 13 0 0 1 1 1 1 0 0 0 0 0 0 0 0 1 1 7 1 0 0 0 0 0 1 1 0 0 0 0 0 0 0 0 0 0 127 189 187 185 62 1 0 0 0 1 1 1 1 1 0 0 0 0 
0 0 1 2 1 1 1 2 1 0 0 0 0 0 1 0 0 1 0 0 1 0 0 0 7 22 13 0 0 1 1 1 1 1 0 0 0 0 0 0 0 1 0 0 0 0 0 0 0 0 1 0 0 0 0 0 0 0 0 0 0 0 127 189 186 185 62 1 0 0 1 1 1 1 1 0 0 0 0 0 
0 1 1 1 0 1 2 2 1 0 1 0 0 1 0 0 1 1 1 3 1 1 0 0 18 24 0 0 1 1 1 1 2 1 0 1 0 0 0 0 0 0 0 0 0 0 0 0 0 2 1 0 0 0 0 0 1 1 0 1 0 0 190 188 186 184 1 1 0 1 2 2 2 1 1 0 0 0 0 0 
0 1 0 0 0 1 1 0 0 0 0 0 1 1 0 0 1 1 1 2 1 1 0 3 20 19 0 0 0 0 1 1 1 0 0 0 0 0 0 0 0 0 0 0 0 0 0 0 1 0 0 0 0 0 0 0 1 0 0 0 0 63 189 187 185 122 0 0 0 0 1 1 0 0 0 1 0 0 0 0 
0 1 1 1 1 1 1 0 0 0 0 0 1 1 0 0 0 1 1 1 0 0 0 3 21 25 20 0 0 0 1 1 1 1 0 0 0 0 0 0 0 0 0 0 0 0 0 0 0 0 0 1 0 0 0 0 1 0 0 0 0 63 189 187 185 122 0 0 0 0 0 0 0 0 0 1 1 1 0 0 
0 1 1 1 2 1 1 0 0 0 0 0 0 0 0 0 0 0 0 0 0 0 0 3 19 25 20 0 0 0 1 1 1 0 0 0 0 0 0 0 0 0 0 0 0 0 0 0 0 0 0 1 0 0 0 0 1 0 0 0 1 64 189 187 185 122 0 0 0 0 0 0 0 0 0 1 1 1 1 1 
1 1 1 1 1 1 1 0 0 1 1 1 0 0 0 0 0 0 0 0 0 0 0 2 16 23 20 1 1 1 1 0 0 1 0 0 0 0 0 0 0 0 0 0 0 1 0 0 0 0 0 0 0 0 0 0 1 1 0 0 1 63 188 186 185 122 0 0 0 0 0 0 0 0 1 1 1 1 2 3 
1 1 2 1 0 0 1 0 0 2 1 0 0 0 0 0 0 0 0 0 0 0 0 1 3 3 3 3 3 3 3 3 3 3 3 3 3 3 3 3 3 3 3 3 3 3 3 3 3 3 3 3 3 3 3 3 3 3 3 3 3 3 3 3 3 3 3 3 3 3 3 3 3 3 3 3 3 3 3 3 
1 0 1 0 0 0 0 0 2 1 0 0 0 9 11 11 11 11 11 11 11 11 11 11 11 11 11 11 11 11 11 11 11 11 11 11 11 11 11 11 11 11 11 11 11 11 11 11 11 11 11 11 11 11 11 11 11 11 11 11 11 11 11 11 11 11 11 11 11 11 11 11 11 11 11 11 11 11 11 11 
0 0 7 16 12 7 0 1 2 1 1 0 0 0 0 0 0 0 0 0 0 0 0 0 0 1 0 0 0 0 0 0 0 0 1 1 1 1 0 0 0 2 3 1 0 1 3 2 2 2 3 3 2 1 0 0 0 0 0 1 1 1 1 0 0 0 0 2 1 0 0 0 0 0 0 0 1 1 0 0 
0 1 21 18 14 9 0 2 1 1 1 0 0 0 0 0 0 1 0 0 1 0 0 0 1 1 0 0 0 0 0 0 0 1 1 1 1 0 0 0 1 4 3 1 0 2 5 3 3 4 5 4 3 1 0 0 1 0 1 1 0 1 0 0 0 0 1 4 1 0 0 0 0 0 0 1 2 0 0 0 
0 1 23 21 18 13 0 1 1 0 0 0 1 0 0 0 0 0 0 0 0 0 0 0 0 1 0 0 0 0 0 1 0 1 1 1 1 0 0 0 1 2 2 0 0 1 3 2 2 3 3 2 2 3 2 0 0 0 1 0 0 0 0 0 0 0 1 2 1 0 0 0 1 0 0 0 1 0 0 0 
0 1 26 25 20 17 17 17 17 17 17 17 17 17 17 17 17 17 17 17 17 17 17 17 17 17 17 17 17 17 17 17 17 17 17 17 17 17 17 17 17 17 17 17 17 17 17 17 17 17 17 17 17 17 17 17 17 17 17 17 17 17 17 17 17 17 17 17 17 17 17 17 17 17 17 17 17 17 17 17 
0 1 1 0 0 0 1 1 1 0 0 0 0 0 0 0 1 1 0 0 0 1 1 1 0 0 1 0 0 0 1 0 0 0 0 1 0 0 1 1 2 1 1 2 1 0 0 0 0 0 0 0 0 1 0 0 0 0 0 0 0 0 0 0 1 0 0 0 0 1 0 8 19 16 16 11 0 0 0 0 
1 2 1 0 0 1 1 2 1 0 0 0 0 0 0 0 2 1 0 0 0 2 2 1 0 1 2 1 0 1 1 0 0 0 1 1 0 1 0 1 4 0 0 1 1 0 0 1 0 0 0 0 1 1 0 0 2 2 1 0 0 0 0 1 1 0 0 1 1 1 0 20 16 15 21 23 1 0 0 0 
1 1 0 0 0 1 1 0 0 0 0 0 0 0 0 0 1 1 1 1 1 1 1 1 1 1 1 0 0 0 0 0 0 0 0 0 0 0 0 2 2 0 0 0 0 0 0 0 0 0 0 0 1 1 1 1 2 5 2 0 0 0 0 1 0 0 0 1 1 0 3 20 20 22 24 20 0 0 0 0 
0 0 0 0 0 1 1 0 0 0 0 0 0 0 0 0 0 1 1 1 0 0 0 1 1 1 1 0 0 0 0 0 0 0 0 0 0 0 0 3 1 0 0 0 0 0 0 0 0 0 0 0 0 1 2 1 7 9 2 0 0 0 1 0 0 0 1 1 0 0 7 20 21 21 23 13 1 0 0 0 
0 0 3 4 1 2 1 0 0 1 0 0 0 1 2 0 0 1 1 1 0 0 0 1 1 2 1 1 1 0 0 0 0 0 0 0 0 0 1 3 0 0 0 0 0 0 0 2 3 0 0 0 0 1 2 1 9 6 0 0 1 1 1 0 0 1 2 1 0 0 18 19 20 22 22 2 1 1 1 1 
0 2 7 6 1 0 0 0 0 0 0 0 0 2 2 0 0 0 1 1 0 0 0 1 2 1 1 2 1 0 0 0 0 0 0 0 0 0 0 0 0 0 0 0 0 0 1 4 4 0 0 0 0 0 0 1 3 2 0 1 2 1 0 0 0 0 0 0 0 3 18 20 21 22 23 19 1 1 1 1 
0 5 10 5 2 0 0 0 0 0 0 0 1 4 2 0 0 0 0 1 0 0 0 1 2 2 2 2 1 1 1 0 0 0 0 0 0 0 0 0 0 0 0 0 0 0 3 7 3 0 0 0 0 0 0 0 0 0 1 2 3 1 0 0 0 0 0 0 0 6 18 20 21 22 23 24 14 1 1 1 
0 5 7 1 3 1 0 0 1 0 1 1 1 3 0 0 0 0 1 1 0 0 1 2 2 2 2 2 1 6 2 0 0 0 0 0 0 0 0 0 0 0 1 1 2 1 3 6 6 1 1 1 0 0 0 0 1 2 1 5 3 1 0 0 0 1 2 1 0 16 19 20 21 22 24 25 25 1 0 1 
1 1 1 3 3 0 0 0 0 0 1 1 1 0 0 0 0 0 0 0 0 0 1 1 2 2 1 1 7 6 1 0 0 0 0 0 0 0 0 0 0 0 1 3 2 1 3 8 4 2 2 0 0 0 0 2 3 1 5 4 1 0 0 0 1 2 3 1 5 17 19 20 22 23 24 24 25 13 0 1 
0 2 2 0 0 0 0 1 2 2 0 0 0 0 0 1 1 0 0 0 1 1 1 2 1 1 6 5 1 0 0 0 0 0 0 0 0 0 0 0 1 2 1 0 2 7 3 1 2 0 0 0 0 1 2 1 4 4 1 0 0 0 1 2 2 0 4 16 19 20 22 23 24 24 25 25 13 1 1 0 
0 1 0 0 0 0 1 3 3 2 0 0 0 0 1 1 0 0 0 0 0 1 1 2 1 3 6 2 0 0 0 1 1 0 0 0 0 0 0 0 1 0 0 0 3 3 1 1 0 0 0 0 1 1 0 0 2 1 0 0 0 0 1 1 0 1 15 17 19 21 22 23 23 23 24 25 20 1 0 0 
0 1 1 1 0 0 3 4 3 0 0 0 1 2 3 1 0 0 0 0 0 1 2 2 2 6 2 0 1 0 1 2 1 1 0 0 1 1 0 0 0 0 0 1 2 0 1 0 0 0 0 1 0 1 2 0 1 1 0 0 0 1 0 0 0 13 16 18 20 22 22 22 23 24 25 25 1 1 1 0 
0 0 2 3 0 0 2 2 2 0 0 0 1 2 3 2 0 0 0 0 0 1 2 2 1 3 1 0 1 2 2 1 1 0 0 0 2 1 0 0 0 0 0 1 1 0 0 0 0 0 0 0 0 3 8 1 1 1 1 0 0 0 0 0 0 12 14 17 19 21 21 21 22 23 25 25 23 1 2 1 
0 2 4 1 0 0 0 0 0 0 0 1 1 2 3 1 0 0 0 0 0 1 2 1 1 0 0 1 2 2 1 0 0 0 0 2 2 0 0 1 0 0 1 0 0 0 0 0 0 0 0 0 3 11 6 0 0 1 0 0 0 0 0 0 2 12 15 18 19 20 20 21 22 24 25 24 13 1 1 0 
1 3 2 0 0 0 0 0 0 0 0 1 2 2 2 0 0 1 1 1 1 1 1 0 0 0 0 2 2 1 0 0 0 0 0 2 1 0 1 0 0 1 0 0 0 1 1 0 0 0 0 1 6 8 1 0 1 0 0 0 0 0 0 0 1 1 1 1 1 1 1 1 1 1 1 1 1 1 1 1 
1 2 1 2 1 0 1 2 2 2 1 0 1 1 0 0 1 2 0 1 1 1 1 0 1 1 1 0 2 1 0 0 0 1 3 3 2 1 0 1 0 1 2 0 1 1 1 0 3 1 0 1 0 10 10 10 10 10 10 10 10 10 10 10 10 10 10 10 10 10 10 10 10 10 10 10 10 10 10 10 
0 0 1 0 0 1 0 0 0 0 1 0 0 0 1 0 0 0 0 0 0 0 2 2 1 1 1 1 0 0 0 0 0 0 1 1 0 0 0 0 0 1 1 9 10 12 13 14 15 16 17 19 20 19 18 15 13 9 0 2 3 1 0 0 0 0 0 0 0 0 0 1 1 0 0 0 0 0 0 0 
0 1 1 1 1 1 0 0 0 0 1 0 0 0 1 1 1 0 0 0 1 1 1 2 0 0 1 1 0 0 0 0 0 0 0 1 1 1 0 0 0 1 2 2 2 2 2 2 2 2 2 2 2 2 2 2 2 2 2 2 2 2 2 2 2 2 2 2 2 2 2 2 2 2 2 2 2 2 2 2 
2 2 2 2 2 2 2 2 2 2 2 2 2 2 2 2 2 2 2 2 2 2 2 2 2 2 2 2 2 2 2 2 2 2 2 2 2 2 2 2 2 2 2 2 2 2 2 2 2 2 2 2 2 2 2 2 2 2 2 2 2 2 2 2 2 2 2 2 2 2 2 2 2 2 2 2 2 2 2 2 
2 2 2 2 2 2 2 2 2 2 2 2 2 2 2 2 2 2 2 2 2 2 2 2 2 2 2 2 2 2 2 2 2 2 2 2 2 2 2 2 2 2 2 2 2 2 2 2 2 2 2 2 2 2 2 2 2 2 2 2 2 2 2 2 2 2 2 2 2 2 2 2 2 2 2 2 2 2 2 2 
2 2 2 2 2 2 2 2 2 2 2 2 2 2 2 2 2 2 2 2 2 2 2 2 2 2 2 2 2 2 2 2 2 2 2 2 2 2 2 2 2 2 2 2 2 2 2 2 2 2 2 2 2 2 2 2 2 2 2 2 2 2 2 2 2 2 2 2 2 2 2 2 2 2 2 2 2 2 2 2 
2 2 2 2 2 2 2 2 2 2 2 2 2 2 2 2 2 2 2 2 2 2 2 2 2 2 2 2 2 2 2 2 2 2 2 2 2 2 2 2 2 2 2 2 2 2 2 2 2 2 2 2 2 2 2 2 2 2 2 2 2 2 2 2 2 2 2 2 2 2 2 2 2 2 2 2 2 2 2 2 
2 2 2 2 2 2 2 2 2 2 2 2 2 2 2 2 2 2 2 2 2 2 2 2 2 2 2 2 2 2 2 2 2 2 2 2 2 2 2 2 2 2 2 2 2 2 2 2 2 2 2 2 2 2 2 2 2 2 2 2 2 2 2 2 2 2 2 2 2 2 2 2 2 2 2 2 2 2 2 2 
2 2 2 2 2 2 2 2 2 2 2 2 2 2 2 2 2 2 2 2 2 2 2 2 2 2 2 2 2 2 2 2 2 2 2 2 2 2 2 2 2 2 2 2 2 2 2 2 2 2 2 2 2 2 2 2 2 2 2 2 2 2 2 2 2 2 2 2 2 2 2 2 2 2 2 2 2 2 2 2 
2 2 2 2 2 2 2 2 2 2 2 2 2 2 2 2 2 2 2 2 2 2 2 2 2 2 2 2 2 2 2 2 2 2 2 2 2 2 2 2 2 2 2 2 2 2 2 2 2 2 2 2 2 2 2 2 2 2 2 2 2 2 2 2 2 2 2 2 2 2 2 2 2 2 2 2 2 2 2 2 
2 2 2 2 2 2 2 2 2 2 2 2 2 2 2 2 2 2 2 2 2 2 2 2 2 2 2 2 2 2 2 2 2 2 2 2 2 2 2 2 2 2 2 2 2 2 2 2 2 2 2 2 2 2 2 2 2 2 2 2 2 2 2 2 2 2 2 2 2 2 2 2 2 2 2 2 2 2 2 2 
2 2 2 2 2 2 2 2 2 2 2 2 2 2 2 2 2 2 2 2 2 2 2 2 2 2 2 2 2 2 2 2 2 2 2 2 2 2 2 2 2 2 2 2 2 2 2 2 2 2 2 2 2 2 2 2 2 2 2 2 2 2 2 2 2 2 2 2 2 2 2 2 2 2 2 2 2 2 2 2 
2 2 2 2 2 2 2 2 2 2 2 2 2 2 2 2 2 2 2 2 2 2 2 2 2 2 2 2 2 2 2 2 2 2 2 2 2 2 2 2 2 2 2 2 2 2 2 2 2 2 2 2 2 2 2 2 2 2 2 2 2 2 2 2 2 2 2 2 2 2 2 2 2 2 2 2 2 2 2 2 
2 2 2 2 2 2 2 2 2 2 2 2 2 2 2 2 2 2 2 2 2 2 2 2 2 2 2 2 2 2 2 2 2 2 2 2 2 2 2 2 2 2 2 2 2 2 2 2 2 2 2 2 2 2 2 2 2 2 2 2 2 2 2 2 2 2 2 2 2 2 2 2 2 2 2 2 2 2 2 2 
