16 16 16 17 17 16 16 16 15 15 15 15 14 14 14 14 14 14 15 16 17 17 18 19 19 20 20 21 21 22 22 22 23 23 23 23 23 23 23 23 23 23 23 23 24 24 24 24 23 23 22 22 22 22 22 22 22 22 22 22 22 23 23 23 23 22 22 21 20 19 18 17 16 15 15 15 15 15 14 14 
16 17 17 16 16 16 15 15 15 14 14 14 14 14 14 14 15 16 17 17 18 19 19 20 20 21 21 22 22 22 22 23 23 23 23 23 23 23 23 23 24 24 24 24 24 24 23 23 23 22 22 22 22 22 22 22 22 23 23 23 23 23 23 22 21 20 19 18 17 16 16 16 15 15 15 15 15 14 16 16 
17 16 16 16 15 15 14 14 14 14 14 14 14 14 15 16 16 17 18 18 19 20 20 21 21 22 22 22 23 23 23 23 23 23 23 23 23 24 24 24 24 24 24 24 23 23 23 22 22 22 22 22 22 23 23 23 24 24 24 23 22 21 20 19 18 18 17 16 16 16 16 15 15 15 15 15 15 16 16 16 
16 16 15 15 15 14 14 14 14 14 14 15 15 16 17 18 18 19 19 20 20 21 21 22 22 22 22 23 23 23 23 23 23 23 24 24 24 24 24 24 24 23 23 23 23 23 23 23 23 23 23 24 24 24 24 24 23 22 21 20 20 19 18 17 16 16 16 16 16 16 15 15 14 15 15 15 16 16 16 17 
15 14 14 14 14 14 14 14 15 15 16 17 17 18 19 19 20 20 21 21 22 22 22 22 23 23 23 23 23 23 24 24 24 24 24 24 24 24 23 23 23 23 23 23 23 23 23 24 24 24 24 24 23 22 21 20 19 19 18 17 17 17 16 16 16 16 16 15 15 15 15 15 15 16 16 16 17 16 16 15 
14 14 14 14 15 15 16 17 17 18 18 19 19 20 20 21 21 22 22 22 22 23 23 23 23 23 24 24 24 24 24 24 24 24 24 23 23 23 23 23 23 23 24 24 25 24 24 24 23 22 21 20 20 19 18 17 17 17 17 17 17 16 16 16 15 15 14 15 15 15 16 16 16 17 17 16 16 15 15 14 
15 15 15 16 16 17 18 18 19 19 20 20 21 21 21 22 22 22 22 23 23 23 24 24 24 24 24 24 24 24 24 24 24 23 23 23 24 24 24 24 25 25 24 24 23 22 22 21 20 19 19 18 17 17 17 17 17 17 17 16 16 15 16 14 15 15 15 16 16 16 17 17 16 16 15 15 15 14 15 15 
15 16 16 17 18 18 19 19 20 20 21 21 22 22 22 22 23 23 23 23 24 24 24 24 24 24 24 24 24 24 24 24 24 24 24 24 24 25 25 24 24 23 23 22 21 20 19 19 18 18 17 17 17 17 17 17 17 16 16 17 17 14 14 15 15 15 16 16 16 17 16 16 15 15 15 15 15 15 15 15 
17 17 18 18 19 19 20 20 21 21 21 22 22 22 23 23 23 24 24 24 24 24 24 24 24 24 24 24 24 24 24 24 24 24 25 25 24 24 24 23 22 21 20 19 19 18 18 18 17 17 17 17 17 17 16 16 17 18 15 14 14 15 15 15 16 16 16 16 16 16 16 15 15 15 15 15 15 15 16 16 
18 18 19 19 20 20 21 21 21 22 22 22 23 23 23 24 24 24 24 25 25 24 24 24 24 24 24 24 24 24 25 25 25 24 24 23 23 22 21 20 19 19 18 18 18 18 18 17 17 17 17 17 16 17 19 18 13 13 14 14 15 15 15 16 16 16 16 16 16 15 15 15 15 15 15 15 16 16 17 17 
19 19 20 20 21 21 21 22 22 22 23 23 24 24 24 25 25 25 25 24 24 24 24 24 24 24 24 25 25 25 25 24 24 23 22 21 20 19 19 18 18 18 18 18 18 18 18 17 17 17 18 19 20 15 13 13 14 14 15 15 15 16 16 16 16 16 16 15 15 15 15 15 16 16 16 17 17 18 18 18 
20 20 20 21 21 21 22 22 23 23 24 24 24 25 25 25 25 25 24 24 24 24 24 24 24 25 25 25 25 24 23 22 21 20 19 19 18 18 18 18 18 18 18 18 18 18 17 17 19 20 22 12 13 13 13 14 14 15 15 15 16 16 16 16 15 15 15 15 15 15 16 16 16 17 17 18 18 18 19 19 
20 20 21 21 22 22 23 23 24 24 24 25 25 25 25 25 24 24 24 24 24 24 24 25 25 25 25 24 23 22 21 20 19 18 18 18 18 18 18 18 18 18 18 18 18 19 20 21 23 12 12 13 13 13 14 14 15 15 15 16 16 16 16 15 15 15 15 16 16 16 16 17 17 18 18 18 18 19 19 19 
21 21 22 22 23 24 24 24 24 25 25 25 24 24 24 24 24 24 24 24 25 25 25 25 24 23 22 21 20 19 18 18 18 18 18 18 18 18 18 18 18 18 19 20 22 23 20 12 12 13 13 13 14 14 14 15 15 15 16 16 16 15 15 15 15 16 16 16 17 17 17 18 18 18 18 19 19 19 20 20 
22 22 23 24 24 25 25 25 25 25 24 24 24 24 24 24 24 25 25 25 25 24 23 22 21 19 18 18 18 18 18 18 18 18 18 19 19 19 19 19 21 22 24 24 11 11 12 12 13 13 14 14 14 15 15 15 16 16 16 15 15 16 16 16 16 17 17 17 18 18 18 18 18 19 19 19 19 20 20 21 
24 25 25 25 24 24 24 24 24 24 24 24 25 25 25 25 25 23 22 21 20 19 18 18 18 18 18 18 19 19 19 19 19 19 20 21 22 24 25 20 11 11 12 12 13 13 14 14 14 15 15 15 15 15 16 15 16 16 16 16 17 17 17 18 18 18 18 18 18 18 19 19 19 20 20 21 22 23 24 24 
24 24 24 24 24 24 24 25 25 25 25 25 24 22 21 20 19 18 18 18 18 18 18 19 19 19 18 19 19 20 21 22 24 25 25 15 15 15 15 15 15 15 15 15 15 15 15 15 15 15 15 15 15 15 15 15 15 15 15 15 15 15 15 15 15 15 15 15 15 15 15 15 15 15 15 15 15 15 15 15 
24 22 21 20 19 18 17 17 17 18 18 19 18 18 18 18 19 20 22 23 24 25 25 25 20 15 15 15 15 15 15 15 15 15 15 15 15 15 15 15 15 15 15 15 15 15 15 15 15 15 15 15 15 15 15 15 15 15 15 15 15 15 15 15 15 15 15 15 15 15 15 15 15 15 15 15 15 15 15 15 
18 18 18 17 18 20 22 24 25 26 25 25 24 24 15 15 15 15 15 15 15 15 15 15 15 15 15 15 15 15 15 15 15 15 15 15 15 15 15 15 15 15 15 15 15 15 15 15 15 15 15 15 15 15 15 15 15 15 15 15 15 15 15 15 15 15 15 15 15 15 15 15 15 15 15 15 15 15 15 15 
25 24 23 15 11 11 11 11 12 12 13 13 14 14 14 15 15 15 16 16 16 16 17 17 18 19 20 20 20 20 19 19 17 17 17 17 17 18 19 19 20 22 23 23 24 24 24 24 24 24 24 24 24 24 24 24 23 22 21 19 18 18 17 17 18 18 19 19 18 17 17 16 18 21 23 24 25 26 25 25 
11 12 12 12 12 13 13 14 14 15 15 15 16 16 16 16 16 16 17 18 19 20 20 20 20 20 19 18 17 17 17 17 18 18 19 20 21 23 23 23 24 24 24 24 24 24 24 24 24 24 24 23 22 21 19 18 18 17 18 18 19 19 18 17 17 16 17 19 22 24 25 25 25 25 24 24 23 22 15 12 
12 13 13 14 14 15 15 16 16 16 16 16 16 16 17 18 19 20 20 20 20 19 18 17 17 17 17 17 18 19 19 21 22 23 23 23 23 24 24 24 24 24 24 24 24 23 23 22 21 20 19 18 18 18 18 19 19 18 17 16 16 16 20 22 24 25 26 25 25 24 23 23 22 19 12 12 12 12 12 12 
14 15 16 16 16 16 17 17 17 17 17 18 19 20 20 21 21 20 19 18 17 17 17 17 17 18 19 20 21 22 23 23 23 24 24 24 25 25 24 24 24 23 23 22 21 20 19 19 18 18 19 20 19 17 16 16 16 18 21 24 25 25 25 25 24 24 23 23 22 19 13 12 12 12 12 12 13 13 13 13 
17 17 17 17 17 18 19 20 21 21 21 21 20 19 17 17 17 17 17 18 19 20 21 22 22 23 23 24 24 25 25 25 25 24 24 23 23 22 21 20 19 19 19 19 19 20 18 17 16 16 15 18 21 24 25 26 25 25 24 24 23 23 22 22 13 13 13 13 13 12 13 13 13 13 14 14 15 15 16 17 
19 20 21 21 21 21 20 19 18 17 17 17 17 18 18 19 20 21 22 23 23 23 24 25 25 25 25 24 24 23 23 22 21 20 19 19 19 19 19 19 18 16 16 15 16 19 23 25 25 26 25 25 24 23 23 22 22 22 13 13 13 13 12 12 12 12 12 12 13 13 14 15 16 17 17 18 18 18 18 18 
21 20 19 18 17 17 17 17 18 18 29 41 41 41 31 23 23 24 24 24 25 24 24 24 23 22 22 21 20 19 19 19 19 19 18 16 15 15 16 19 22 24 24 25 25 25 24 24 23 23 22 23 20 14 14 13 13 12 12 11 11 11 11 11 11 11 11 11 11 11 11 11 11 11 11 11 11 11 11 11 
41 41 41 41 22 22 23 24 24 25 25 25 24 23 22 21 21 20 19 19 19 19 18 17 15 15 15 16 20 23 23 24 24 24 24 24 23 23 23 23 24 25 17 17 17 16 15 15 13 12 10 9 9 9 9 10 11 11 11 11 11 11 11 11 11 11 11 11 11 11 11 11 11 11 11 11 11 11 11 11 
24 24 23 22 22 21 20 19 19 18 18 17 16 15 15 15 17 20 22 23 24 24 24 24 23 23 24 24 25 25 24 15 13 22 25 19 17 14 16 18 17 16 14 11 9 8 8 9 10 11 13 14 15 16 17 18 19 19 19 19 19 19 19 19 19 19 18 18 17 39 41 41 41 21 20 22 23 24 24 24 
21 20 20 19 18 18 17 17 15 15 15 16 18 20 21 22 23 24 24 23 23 24 24 24 24 24 23 14 11 11 11 11 11 11 11 11 11 11 11 11 11 11 11 11 11 11 11 11 11 11 11 11 11 11 11 11 11 11 11 11 11 11 11 11 11 11 11 11 11 11 11 11 11 11 11 11 11 11 11 11 
16 17 19 20 22 23 24 23 23 22 22 22 22 21 21 20 16 9 13 18 19 22 20 16 15 15 9 10 14 17 14 8 10 13 13 13 13 13 13 13 13 13 13 13 13 13 13 13 13 13 13 13 13 13 13 13 13 13 13 13 13 13 13 13 13 13 13 13 13 13 13 13 13 13 13 13 13 13 13 13 
19 19 19 19 18 18 8 9 12 12 12 12 12 12 12 12 12 12 12 12 12 12 12 12 12 12 12 12 12 12 12 12 12 12 12 12 12 12 12 12 12 12 12 12 12 12 12 12 12 12 12 12 12 12 12 12 12 12 12 12 12 12 12 12 12 12 12 12 12 12 12 12 12 12 12 12 12 12 12 12 
21 15 11 11 11 11 11 11 11 11 11 11 11 11 11 11 11 11 11 11 11 11 11 11 11 11 11 11 11 11 11 11 11 11 11 11 11 11 11 11 11 11 11 11 11 11 11 11 11 11 11 11 11 11 11 11 11 11 11 11 11 11 11 11 11 11 11 11 11 11 11 11 11 11 11 11 11 11 11 11 
15 18 19 16 14 15 18 20 17 14 18 18 16 16 16 16 16 16 16 16 16 16 16 16 16 16 16 16 16 16 16 16 16 16 16 16 16 16 16 16 16 16 16 16 16 16 16 16 16 16 16 16 16 16 16 16 16 16 16 16 16 16 16 16 16 16 16 16 16 16 16 16 16 16 16 16 16 16 16 16 
19 16 16 16 16 16 16 16 16 16 16 16 16 16 16 16 16 16 16 16 16 16 16 16 16 16 16 16 16 16 16 16 16 16 16 16 16 16 16 16 16 16 16 16 16 16 16 16 16 16 16 16 16 16 16 16 16 16 16 16 16 16 16 16 16 16 16 16 16 16 16 16 16 16 16 16 16 16 16 16 
19 40 41 41 41 17 12 11 11 11 11 12 12 12 11 11 11 11 13 14 15 16 18 19 20 20 20 20 20 20 21 22 23 23 22 21 19 16 12 10 9 9 13 15 14 15 17 15 15 15 15 15 15 15 15 15 15 15 15 15 15 15 15 15 15 15 15 15 15 15 15 15 15 15 15 15 15 15 15 15 
9 11 12 11 11 12 14 16 17 18 19 20 21 22 22 22 22 23 24 24 24 24 22 19 16 13 11 11 11 11 11 11 11 11 11 11 11 11 11 11 11 11 11 11 11 11 11 11 11 11 11 11 11 11 11 11 11 11 11 11 11 11 11 11 11 11 11 11 11 11 11 11 11 11 11 11 11 11 11 11 
22 23 23 23 23 24 25 25 25 23 19 15 11 11 11 12 14 16 18 20 19 19 17 17 17 17 17 17 17 17 17 17 17 17 17 17 17 17 17 17 17 17 17 17 17 17 17 17 17 17 17 17 17 17 17 17 17 17 17 17 17 17 17 17 17 17 17 17 17 17 17 17 17 17 17 17 17 17 17 17 
9 10 12 14 16 18 20 20 19 18 17 14 13 18 22 23 24 20 21 22 23 23 18 18 21 23 19 18 20 19 20 19 15 15 15 15 15 15 15 15 15 15 15 15 15 15 15 15 15 15 15 15 15 15 15 15 15 15 15 15 15 15 15 15 15 15 15 15 15 15 15 15 15 15 15 15 15 15 15 15 
14 9 11 16 21 23 21 21 20 21 21 17 15 18 20 18 15 19 20 20 21 18 15 17 19 15 17 17 17 18 16 16 18 20 19 17 17 16 10 8 12 17 20 23 20 16 16 18 19 19 18 18 20 25 22 19 16 15 14 13 12 12 12 12 12 12 12 12 12 12 12 12 12 12 12 12 12 12 12 12 
21 22 17 17 17 12 18 18 16 19 19 16 17 17 14 17 19 15 19 18 16 16 18 20 18 17 20 17 12 8 12 11 8 6 8 13 18 20 22 22 22 24 25 25 26 23 20 16 13 13 13 13 13 13 13 13 13 13 13 13 13 13 13 13 13 13 13 13 13 13 13 13 13 13 13 13 13 13 13 13 
17 19 17 16 17 14 14 14 14 14 14 14 14 14 14 14 14 14 14 14 14 14 14 14 14 14 14 14 14 14 14 14 14 14 14 14 14 14 14 14 14 14 14 14 14 14 14 14 14 14 14 14 14 14 14 14 14 14 14 14 14 14 14 14 14 14 14 14 14 14 14 14 14 14 14 14 14 14 14 14 
16 16 17 18 18 19 17 17 14 15 17 11 9 14 23 25 23 20 17 15 15 17 18 14 10 7 7 10 11 11 11 11 11 11 11 11 11 11 11 11 11 11 11 11 11 11 11 11 11 11 11 11 11 11 11 11 11 11 11 11 11 11 11 11 11 11 11 11 11 11 11 11 11 11 11 11 11 11 11 11 
17 10 14 24 25 24 23 22 21 18 15 13 13 13 13 13 13 13 13 13 13 13 13 13 13 13 13 13 13 13 13 13 13 13 13 13 13 13 13 13 13 13 13 13 13 13 13 13 13 13 13 13 13 13 13 13 13 13 13 13 13 13 13 13 13 13 13 13 13 13 13 13 13 13 13 13 13 13 13 13 
8 8 9 11 11 11 11 11 11 11 11 11 11 11 11 11 11 11 11 11 11 11 11 11 11 11 11 11 11 11 11 11 11 11 11 11 11 11 11 11 11 11 11 11 11 11 11 11 11 11 11 11 11 11 11 11 11 11 11 11 11 11 11 11 11 11 11 11 11 11 11 11 11 11 11 11 11 11 11 11 
20 17 19 25 28 27 27 26 25 20 15 15 15 15 15 15 15 15 15 15 15 15 15 15 15 15 15 15 15 15 15 15 15 15 15 15 15 15 15 15 15 15 15 15 15 15 15 15 15 15 15 15 15 15 15 15 15 15 15 15 15 15 15 15 15 15 15 15 15 15 15 15 15 15 15 15 15 15 15 15 
12 51 51 18 47 49 25 27 26 21 12 16 21 21 17 21 15 18 20 19 16 18 19 16 23 26 20 18 21 16 17 19 16 17 17 16 15 16 16 15 173 173 173 173 18 14 19 18 13 5 10 21 15 13 10 8 5 5 6 6 6 8 12 16 17 21 27 28 25 22 21 23 25 23 21 20 20 17 51 25 
19 25 27 26 20 15 21 24 24 21 18 17 20 20 18 17 17 19 19 23 24 20 19 43 19 21 20 15 17 16 15 15 16 16 71 173 173 173 132 36 16 20 20 15 12 13 22 19 14 9 7 6 9 11 10 8 8 10 12 15 18 22 22 20 19 20 22 20 18 16 15 13 12 12 14 14 13 14 19 25 
20 15 21 25 25 47 79 18 70 84 82 64 80 18 19 22 24 67 79 77 82 43 81 63 80 74 84 76 16 17 16 173 173 173 86 56 38 81 24 79 17 77 19 78 23 77 43 43 43 43 43 43 43 43 43 43 43 43 43 43 43 43 43 43 43 43 43 43 43 43 43 43 43 43 43 43 43 43 43 43 
17 12 12 20 22 20 38 62 46 23 25 22 14 12 15 52 48 15 17 18 126 168 118 72 76 56 55 52 50 44 42 34 36 46 46 43 42 38 21 26 27 26 25 23 20 15 11 9 11 13 14 15 15 16 17 17 18 19 46 51 23 19 22 25 47 29 18 18 18 18 18 18 18 18 18 18 18 18 18 18 
20 17 15 15 15 15 15 15 15 15 15 15 15 15 15 15 15 15 15 15 15 15 15 15 15 15 15 15 15 15 15 15 15 15 15 15 15 15 15 15 15 15 15 15 15 15 15 15 15 15 15 15 15 15 15 15 15 15 15 15 15 15 15 15 15 15 15 15 15 15 15 15 15 15 15 15 15 15 15 15 
121 105 51 51 51 51 15 16 14 17 18 14 24 102 16 13 13 20 20 20 16 13 12 9 8 8 8 9 9 9 9 9 9 9 9 9 9 9 9 9 9 9 9 9 9 9 9 9 9 9 9 9 9 9 9 9 9 9 9 9 9 9 9 9 9 9 9 9 9 9 9 9 9 9 9 9 9 9 9 9 
9 9 9 9 9 9 9 9 9 9 9 9 9 9 9 9 9 9 9 9 9 9 9 9 9 9 9 9 9 9 9 9 9 9 9 9 9 9 9 9 9 9 9 9 9 9 9 9 9 9 9 9 9 9 9 9 9 9 9 9 9 9 9 9 9 9 9 9 9 9 9 9 9 9 9 9 9 9 9 9 
9 9 9 9 9 9 9 9 9 9 9 9 9 9 9 9 9 9 9 9 9 9 9 9 9 9 9 9 9 9 9 9 9 9 9 9 9 9 9 9 9 9 9 9 9 9 9 9 9 9 9 9 9 9 9 9 9 9 9 9 9 9 9 9 9 9 9 9 9 9 9 9 9 9 9 9 9 9 9 9 
9 9 9 9 9 9 9 9 9 9 9 9 9 9 9 9 9 9 9 9 9 9 9 9 9 9 9 9 9 9 9 9 9 9 9 9 9 9 9 9 9 9 9 9 9 9 9 9 9 9 9 9 9 9 9 9 9 9 9 9 9 9 9 9 9 9 9 9 9 9 9 9 9 9 9 9 9 9 9 9 
9 9 9 9 9 9 9 9 9 9 9 9 9 9 9 9 9 9 9 9 9 9 9 9 9 9 9 9 9 9 9 9 9 9 9 9 9 9 9 9 9 9 9 9 9 9 9 9 9 9 9 9 9 9 9 9 9 9 9 9 9 9 9 9 9 9 9 9 9 9 9 9 9 9 9 9 9 9 9 9 
9 9 9 9 9 9 9 9 9 9 9 9 9 9 9 9 9 9 9 9 9 9 9 9 9 9 9 9 9 9 9 9 9 9 9 9 9 9 9 9 9 9 9 9 9 9 9 9 9 9 9 9 9 9 9 9 9 9 9 9 9 9 9 9 9 9 9 9 9 9 9 9 9 9 9 9 9 9 9 9 
9 9 9 9 9 9 9 9 9 9 9 9 9 9 9 9 9 9 9 9 9 9 9 9 9 9 9 9 9 9 9 9 9 9 9 9 9 9 9 9 9 9 9 9 9 9 9 9 9 9 9 9 9 9 9 9 9 9 9 9 9 9 9 9 9 9 9 9 9 9 9 9 9 9 9 9 9 9 9 9 
9 9 9 9 9 9 9 9 9 9 9 9 9 9 9 9 9 9 9 9 9 9 9 9 9 9 9 9 9 9 9 9 9 9 9 9 9 9 9 9 9 9 9 9 9 9 9 9 9 9 9 9 9 9 9 9 9 9 9 9 9 9 9 9 9 9 9 9 9 9 9 9 9 9 9 9 9 9 9 9 
9 9 9 9 9 9 9 9 9 9 9 9 9 9 9 9 9 9 9 9 9 9 9 9 9 9 9 9 9 9 9 9 9 9 9 9 9 9 9 9 9 9 9 9 9 9 9 9 9 9 9 9 9 9 9 9 9 9 9 9 9 9 9 9 9 9 9 9 9 9 9 9 9 9 9 9 9 9 9 9 
9 9 9 9 9 9 9 9 9 9 9 9 9 9 9 9 9 9 9 9 9 9 9 9 9 9 9 9 9 9 9 9 9 9 9 9 9 9 9 9 9 9 9 9 9 9 9 9 9 9 9 9 9 9 9 9 9 9 9 9 9 9 9 9 9 9 9 9 9 9 9 9 9 9 9 9 9 9 9 9 
9 9 9 9 9 9 9 9 9 9 9 9 9 9 9 9 9 9 9 9 9 9 9 9 9 9 9 9 9 9 9 9 9 9 9 9 9 9 9 9 9 9 9 9 9 9 9 9 9 9 9 9 9 9 9 9 9 9 9 9 9 9 9 9 9 9 9 9 9 9 9 9 9 9 9 9 9 9 9 9 
9 9 9 9 9 9 9 9 9 9 9 9 9 9 9 9 9 9 9 9 9 9 9 9 9 9 9 9 9 9 9 9 9 9 9 9 9 9 9 9 9 9 9 9 9 9 9 9 9 9 9 9 9 9 9 9 9 9 9 9 9 9 9 9 9 9 9 9 9 9 9 9 9 9 9 9 9 9 9 9 
9 9 9 9 9 9 9 9 9 9 9 9 9 9 9 9 9 9 9 9 9 9 9 9 9 9 9 9 9 9 9 9 9 9 9 9 9 9 9 9 9 9 9 9 9 9 9 9 9 9 9 9 9 9 9 9 9 9 9 9 9 9 9 9 9 9 9 9 9 9 9 9 9 9 9 9 9 9 9 9 
9 9 9 9 9 9 9 9 9 9 9 9 9 9 9 9 9 9 9 9 9 9 9 9 9 9 9 9 9 9 9 9 9 9 9 9 9 9 9 9 9 9 9 9 9 9 9 9 9 9 9 9 9 9 9 9 9 9 9 9 9 9 9 9 9 9 9 9 9 9 9 9 9 9 9 9 9 9 9 9 
9 9 9 9 9 9 9 9 9 9 9 9 9 9 9 9 9 9 9 9 9 9 9 9 9 9 9 9 9 9 9 9 9 9 9 9 9 9 9 9 9 9 9 9 9 9 9 9 9 9 9 9 9 9 9 9 9 9 9 9 9 9 9 9 9 9 9 9 9 9 9 9 9 9 9 9 9 9 9 9 
9 9 9 9 9 9 9 9 9 9 9 9 9 9 9 9 9 9 9 9 9 9 9 9 9 9 9 9 9 9 9 9 9 9 9 9 9 9 9 9 9 9 9 9 9 9 9 9 9 9 9 9 9 9 9 9 9 9 9 9 9 9 9 9 9 9 9 9 9 9 9 9 9 9 9 9 9 9 9 9 
9 9 9 9 9 9 9 9 9 9 9 9 9 9 9 9 9 9 9 9 9 9 9 9 9 9 9 9 9 9 9 9 9 9 9 9 9 9 9 9 9 9 9 9 9 9 9 9 9 9 9 9 9 9 9 9 9 9 9 9 9 9 9 9 9 9 9 9 9 9 9 9 9 9 9 9 9 9 9 9 
9 9 9 9 9 9 9 9 9 9 9 9 9 9 9 9 9 9 9 9 9 9 9 9 9 9 9 9 9 9 9 9 9 9 9 9 9 9 9 9 9 9 9 9 9 9 9 9 9 9 9 9 9 9 9 9 9 9 9 9 9 9 9 9 9 9 9 9 9 9 9 9 9 9 9 9 9 9 9 9 
9 9 9 9 9 9 9 9 9 9 9 9 9 9 9 9 9 9 9 9 9 9 9 9 9 9 9 9 9 9 9 9 9 9 9 9 9 9 9 9 9 9 9 9 9 9 9 9 9 9 9 9 9 9 9 9 9 9 9 9 9 9 9 9 9 9 9 9 9 9 9 9 9 9 9 9 9 9 9 9 
9 9 9 9 9 9 9 9 9 9 9 9 9 9 9 9 9 9 9 9 9 9 9 9 9 9 9 9 9 9 9 9 9 9 9 9 9 9 9 9 9 9 9 9 9 9 9 9 9 9 9 9 9 9 9 9 9 9 9 9 9 9 9 9 9 9 9 9 9 9 9 9 9 9 9 9 9 9 9 9 
9 9 9 9 9 9 9 9 9 9 9 9 9 9 9 9 9 9 9 9 9 9 9 9 9 9 9 9 9 9 9 9 9 9 9 9 9 9 9 9 9 9 9 9 9 9 9 9 9 9 9 9 9 9 9 9 9 9 9 9 9 9 9 9 9 9 9 9 9 9 9 9 9 9 9 9 9 9 9 9 
9 9 9 9 9 9 9 9 9 9 9 9 9 9 9 9 9 9 9 9 9 9 9 9 9 9 9 9 9 9 9 9 9 9 9 9 9 9 9 9 9 9 9 9 9 9 9 9 9 9 9 9 9 9 9 9 9 9 9 9 9 9 9 9 9 9 9 9 9 9 9 9 9 9 9 9 9 9 9 9 
9 9 9 9 9 9 9 9 9 9 9 9 9 9 9 9 9 9 9 9 9 9 9 9 9 9 9 9 9 9 9 9 9 9 9 9 9 9 9 9 9 9 9 9 9 9 9 9 9 9 9 9 9 9 9 9 9 9 9 9 9 9 9 9 9 9 9 9 9 9 9 9 9 9 9 9 9 9 9 9 
9 9 9 9 9 9 9 9 9 9 9 9 9 9 9 9 9 9 9 9 9 9 9 9 9 9 9 9 9 9 9 9 9 9 9 9 9 9 9 9 9 9 9 9 9 9 9 9 9 9 9 9 9 9 9 9 9 9 9 9 9 9 9 9 9 9 9 9 9 9 9 9 9 9 9 9 9 9 9 9 
9 9 9 9 9 9 9 9 9 9 9 9 9 9 9 9 9 9 9 9 9 9 9 9 9 9 9 9 9 9 9 9 9 9 9 9 9 9 9 9 9 9 9 9 9 9 9 9 9 9 9 9 9 9 9 9 9 9 9 9 9 9 9 9 9 9 9 9 9 9 9 9 9 9 9 9 9 9 9 9 
9 9 9 9 9 9 9 9 9 9 9 9 9 9 9 9 9 9 9 9 9 9 9 9 9 9 9 9 9 9 9 9 9 9 9 9 9 9 9 9 9 9 9 9 9 9 9 9 9 9 9 9 9 9 9 9 9 9 9 9 9 9 9 9 9 9 9 9 9 9 9 9 9 9 9 9 9 9 9 9 
9 9 9 9 9 9 9 9 9 9 9 9 9 9 9 9 9 9 9 9 9 9 9 9 9 9 9 9 9 9 9 9 9 9 9 9 9 9 9 9 9 9 9 9 9 9 9 9 9 9 9 9 9 9 9 9 9 9 9 9 9 9 9 9 9 9 9 9 9 9 9 9 9 9 9 9 9 9 9 9 
9 9 9 9 9 9 9 9 9 9 9 9 9 9 9 9 9 9 9 9 9 9 9 9 9 9 9 9 9 9 9 9 9 9 9 9 9 9 9 9 9 9 9 9 9 9 9 9 9 9 9 9 9 9 9 9 9 9 9 9 9 9 9 9 9 9 9 9 9 9 9 9 9 9 9 9 9 9 9 9 
9 9 9 9 9 9 9 9 9 9 9 9 9 9 9 9 9 9 9 9 9 9 9 9 9 9 9 9 9 9 9 9 9 9 9 9 9 9 9 9 9 9 9 9 9 9 9 9 9 9 9 9 9 9 9 9 9 9 9 9 9 9 9 9 9 9 9 9 9 9 9 9 9 9 9 9 9 9 9 9 
9 9 9 9 9 9 9 9 9 9 9 9 9 9 9 9 9 9 9 9 9 9 9 9 9 9 9 9 9 9 9 9 9 9 9 9 9 9 9 9 9 9 9 9 9 9 9 9 9 9 9 9 9 9 9 9 9 9 9 9 9 9 9 9 9 9 9 9 9 9 9 9 9 9 9 9 9 9 9 9 
