0 0 0 1 2 0 0 0 1 1 3 1 0 0 1 1 1 2 2 0 2 1 0 1 0 1 0 0 1 1 2 1 0 0 0 0 0 0 1 2 1 1 1 1 0 0 0 0 0 0 0 2 2 1 1 1 1 1 1 1 1 0 0 1 1 0 0 0 0 0 0 0 1 2 3 1 0 0 1 1 
0 0 0 1 2 0 0 0 1 1 3 2 0 0 1 2 1 0 0 0 2 1 0 1 0 1 0 0 1 1 2 1 0 0 0 0 0 0 1 2 1 2 1 0 0 0 0 0 0 0 0 2 2 1 1 1 1 1 1 2 0 0 0 1 1 0 0 0 0 0 0 0 1 3 4 0 0 0 0 1 
0 0 0 1 1 0 0 0 0 1 2 1 0 0 1 1 1 0 0 1 1 1 0 0 0 0 0 0 1 1 1 0 0 0 0 83 75 89 81 71 64 59 59 0 0 0 0 0 0 0 0 1 1 1 1 1 0 0 1 1 0 0 0 1 1 0 0 0 0 0 0 0 0 2 3 0 0 0 0 0 
0 0 0 1 1 0 0 0 0 0 0 0 0 0 1 0 0 0 0 1 0 1 0 0 0 0 0 0 1 1 0 0 75 76 76 83 73 55 85 73 67 56 65 72 52 49 1 0 0 0 0 1 1 1 1 0 0 0 0 0 0 0 0 1 2 0 1 0 0 0 0 0 0 1 2 0 0 0 0 0 
0 0 0 1 1 0 0 0 0 0 0 0 0 0 1 0 0 1 1 1 0 0 0 0 0 0 1 1 1 1 88 77 86 94 93 83 89 75 84 66 65 64 68 58 51 44 44 44 44 44 44 44 44 44 44 44 44 44 44 44 44 44 44 44 44 44 44 44 44 44 44 44 44 44 44 44 44 44 44 44 
0 0 0 0 0 0 2 3 1 0 0 0 0 0 0 1 1 43 98 85 74 70 67 80 83 88 79 81 69 63 58 53 51 53 48 46 48 49 47 27 1 0 0 0 0 0 0 0 0 0 0 1 1 1 0 0 0 0 1 0 0 0 0 0 0 0 0 0 0 0 0 0 0 0 0 0 1 0 0 0 
0 0 0 0 0 0 2 4 1 0 0 1 1 1 0 0 39 88 94 93 84 81 78 75 80 93 85 80 70 63 63 61 60 55 54 53 45 46 45 39 22 0 0 0 0 0 0 0 0 0 0 1 1 1 1 1 0 0 0 0 0 0 0 0 0 0 0 0 0 0 0 0 0 0 0 0 0 0 0 0 
0 0 0 1 0 0 3 6 3 0 0 1 2 2 0 43 87 86 101 101 96 54 0 1 0 0 0 0 0 0 0 1 0 0 0 0 0 0 0 0 0 0 0 0 0 0 0 0 1 0 0 0 0 1 1 0 0 0 0 0 0 0 0 0 0 0 0 0 0 0 0 0 0 0 0 0 0 0 0 0 
0 0 0 1 0 0 2 5 2 0 1 2 3 2 48 101 98 98 111 102 84 49 0 0 0 0 0 0 0 0 1 1 3 2 0 0 1 0 0 0 0 0 0 0 0 0 0 0 0 0 0 0 0 0 1 0 0 0 0 0 1 0 0 0 0 0 0 0 1 0 0 0 0 1 0 0 0 0 0 1 
0 0 0 0 0 0 1 2 1 0 1 3 4 49 107 105 102 100 105 98 84 48 1 0 0 0 1 0 1 1 0 0 1 1 0 0 0 0 0 0 0 0 0 0 0 0 2 1 0 3 2 1 1 0 0 1 1 0 0 0 3 1 0 0 0 0 0 0 3 2 0 0 0 1 0 0 0 0 0 1 
0 0 0 0 0 0 0 1 0 0 2 4 46 92 97 115 114 119 112 99 87 45 0 1 1 0 0 1 1 1 1 2 2 0 0 0 0 0 0 0 0 0 0 0 0 1 1 0 2 1 0 1 0 0 2 1 0 2 3 1 1 0 0 0 0 0 1 1 4 2 0 0 0 0 0 0 0 0 0 1 
0 0 0 0 0 0 0 0 0 0 2 52 106 104 103 111 116 125 109 104 93 47 3 1 0 0 2 2 1 1 1 0 0 1 0 1 1 1 0 0 0 1 0 0 0 0 1 0 0 0 0 1 1 0 0 1 1 1 1 1 1 0 0 0 0 0 1 1 2 1 0 0 0 0 0 0 0 0 0 0 
0 0 0 0 0 0 0 0 0 0 3 53 110 107 106 104 98 106 112 114 106 57 0 0 0 0 0 0 0 1 0 0 0 0 7 3 0 2 1 0 0 1 1 0 0 1 1 1 1 0 0 1 1 1 0 0 0 1 0 2 1 0 0 0 0 0 1 0 0 1 0 0 0 0 0 0 0 0 1 0 
0 0 0 0 1 1 0 0 0 0 41 93 102 104 112 123 110 104 105 105 103 60 1 0 0 0 0 0 0 2 2 0 0 0 0 0 0 0 0 0 0 3 2 0 0 0 1 1 0 0 2 1 1 1 1 0 0 1 0 0 1 0 0 0 0 0 1 1 1 2 1 1 1 0 0 0 0 0 1 1 
0 0 0 0 2 2 1 0 0 0 35 92 97 103 116 121 122 114 106 93 102 60 0 0 1 1 0 0 0 0 0 0 0 0 0 0 0 1 0 0 1 1 0 0 0 0 0 1 1 1 1 1 1 1 1 0 0 0 0 0 0 0 0 0 0 0 1 1 3 2 1 1 1 0 0 0 0 0 1 1 
0 0 0 0 2 2 1 0 0 45 90 109 115 112 113 109 109 111 114 101 96 57 1 0 1 0 0 0 0 0 0 0 0 0 0 0 0 0 1 0 1 2 0 2 3 3 2 0 0 0 1 0 0 1 0 0 0 0 0 0 0 0 0 0 0 0 1 1 4 2 1 1 1 1 0 0 0 0 1 1 
1 0 0 0 2 2 0 0 0 50 97 108 111 116 113 112 121 113 111 107 99 56 1 1 0 0 0 0 0 0 0 0 0 0 0 1 0 0 1 1 0 0 0 0 0 2 1 0 0 0 0 0 0 1 9 4 0 0 0 1 0 0 0 0 0 0 0 1 2 1 0 0 0 1 0 0 0 0 0 0 
0 1 0 0 2 2 0 0 44 94 103 105 100 106 109 114 137 123 117 115 112 61 0 0 1 0 0 0 0 0 0 0 2 1 0 0 0 0 0 1 1 5 2 0 0 0 0 0 1 0 3 2 0 0 0 1 3 1 0 1 1 0 0 0 0 0 0 1 1 0 0 0 0 1 1 1 0 0 0 0 
0 1 0 0 2 1 0 0 48 94 104 111 109 100 101 112 128 126 122 124 126 66 0 0 0 0 0 1 1 0 0 0 1 0 0 0 1 1 1 1 1 1 0 0 1 1 0 0 1 0 0 1 2 1 1 1 0 0 1 0 0 0 0 0 1 1 1 1 0 0 0 0 0 2 2 1 0 0 0 0 
0 0 0 0 1 1 0 0 43 91 105 110 114 115 109 108 118 124 125 128 132 124 119 120 121 108 92 77 77 93 81 73 63 52 53 51 45 39 30 24 25 25 21 18 17 17 17 12 2 0 0 0 1 2 0 1 1 1 1 1 0 0 0 0 2 1 1 1 1 0 0 0 0 2 2 1 0 0 0 0 
0 0 0 0 0 0 44 93 98 101 106 107 115 118 115 113 119 121 123 130 139 129 127 123 104 86 78 84 93 82 70 64 52 52 50 44 35 31 29 24 21 19 18 18 18 17 12 2 1 0 1 1 1 0 1 1 0 0 1 0 0 0 1 2 2 1 1 1 0 0 0 0 1 1 1 0 0 0 0 0 
1 1 1 1 47 99 103 102 101 99 103 112 119 113 114 132 131 138 136 132 126 123 115 102 97 98 98 88 75 72 69 67 67 67 67 67 67 67 67 67 67 67 67 67 67 67 67 67 67 67 67 67 67 67 67 67 67 67 67 67 67 67 67 67 67 67 67 67 67 67 67 67 67 67 67 67 67 67 67 67 
102 115 129 124 115 125 138 140 142 141 142 136 130 113 110 101 98 77 70 55 54 50 47 42 35 32 28 18 15 16 17 17 16 17 14 1 1 1 1 1 1 1 2 1 0 0 0 1 2 3 3 0 0 0 1 1 0 2 1 1 0 0 0 0 0 0 0 0 0 1 0 0 16 78 92 95 107 115 114 112 
126 139 116 114 130 133 126 125 138 140 132 134 122 127 114 92 68 52 44 44 44 44 44 44 44 44 44 44 44 44 44 44 44 44 44 44 44 44 44 44 44 44 44 44 44 44 44 44 44 44 44 44 44 44 44 44 44 44 44 44 44 44 44 44 44 44 44 44 44 44 44 44 44 44 44 44 44 44 44 44 
112 112 117 115 84 82 75 71 55 54 49 36 35 23 255 18 16 16 17 17 17 18 18 0 3 2 2 3 4 1 0 0 0 1 1 1 1 1 1 1 1 0 0 0 1 5 6 4 0 0 1 2 2 0 1 3 2 1 1 1 0 103 99 96 104 113 103 97 98 103 117 123 137 119 117 101 124 122 110 105 
120 121 94 81 79 78 151 71 46 36 30 179 251 255 91 16 16 17 17 17 17 10 2 3 2 2 1 0 0 1 1 1 1 1 0 0 0 2 1 1 1 1 1 3 4 4 1 0 0 1 1 0 0 4 5 2 1 1 1 45 101 91 93 103 105 100 98 107 115 119 131 128 117 121 125 129 133 120 107 116 
116 89 82 80 75 61 45 38 38 167 227 247 255 92 16 15 17 17 17 17 11 2 3 2 1 0 0 0 1 1 1 1 1 1 0 0 1 2 1 1 1 0 1 2 3 1 0 0 1 1 0 0 6 8 3 0 0 42 86 93 88 86 97 94 90 94 101 103 108 125 137 130 135 140 129 131 122 105 102 113 
89 74 71 56 41 32 30 220 230 238 255 18 17 16 17 17 17 17 1 1 2 2 1 1 0 1 1 1 1 1 2 2 1 0 1 2 1 1 1 0 0 1 2 1 0 1 0 0 0 0 12 9 1 0 1 103 96 105 102 92 103 87 83 103 104 103 109 118 118 124 124 121 109 129 108 95 94 90 96 97 
70 67 60 48 35 33 26 155 229 85 180 91 16 16 16 17 17 11 0 1 2 0 0 0 0 1 0 0 0 2 2 1 0 0 1 1 1 1 0 0 1 1 0 0 0 0 0 0 0 4 5 2 0 0 46 97 104 99 91 95 95 98 109 108 105 100 99 102 104 110 104 100 102 103 96 83 82 80 80 48 
1 0 1 10 30 187 229 77 180 255 92 17 15 15 16 17 11 0 2 2 0 0 0 0 1 1 1 0 0 1 0 0 0 1 2 2 0 0 1 1 0 0 0 0 0 0 0 0 0 1 1 0 0 40 91 92 85 91 95 95 102 109 103 105 100 92 96 99 101 95 98 93 91 92 82 78 78 73 43 0 
0 0 1 22 15 15 14 255 255 17 18 14 16 16 17 1 0 4 3 0 1 0 1 1 1 2 0 0 0 0 1 0 1 3 3 0 0 1 1 0 0 1 0 0 1 1 0 0 0 0 0 0 95 90 93 101 107 84 103 106 105 91 93 92 96 103 92 87 88 104 79 78 85 74 66 71 0 2 1 0 
0 1 1 16 14 15 255 255 17 19 15 17 16 0 1 1 3 2 1 2 1 1 1 1 1 0 0 0 0 1 0 2 3 2 0 0 1 1 0 0 0 0 0 1 1 0 0 0 0 0 0 84 96 92 100 100 92 115 111 113 95 82 88 103 110 100 85 80 85 72 64 73 57 53 62 1 4 3 0 0 
0 1 0 5 47 188 91 17 18 16 17 16 10 0 1 2 1 1 2 2 1 0 0 0 1 0 0 0 0 0 2 3 1 0 0 0 0 0 0 0 0 0 0 1 0 0 0 0 0 0 36 98 94 80 89 100 108 109 103 98 93 96 101 102 104 106 95 81 71 61 57 54 54 54 54 54 54 54 54 54 
17 15 1 2 1 0 0 1 1 0 0 0 0 0 1 1 1 1 0 2 1 0 0 0 0 0 0 1 1 0 0 0 1 1 0 0 1 1 1 19 91 96 95 98 102 95 81 83 101 113 106 91 73 70 79 77 72 67 59 50 50 50 50 50 50 50 50 50 50 50 50 50 50 50 50 50 50 50 50 50 
0 0 0 1 1 2 3 0 3 1 0 3 6 2 0 0 1 2 0 0 2 2 1 0 0 1 1 0 1 89 89 89 83 100 92 83 82 89 103 96 86 93 81 66 71 69 56 52 50 50 50 50 50 50 50 50 50 50 50 50 50 50 50 50 50 50 50 50 50 50 50 50 50 50 50 50 50 50 50 50 
5 12 7 2 0 0 0 1 0 0 1 0 0 0 0 0 0 0 0 36 82 76 84 81 84 92 89 89 90 81 68 73 80 67 64 60 53 48 38 33 27 18 16 15 10 0 0 0 0 0 0 0 1 7 16 17 17 10 0 0 0 2 2 1 1 1 1 1 0 0 0 0 0 0 0 0 0 0 0 0 
7 6 3 0 0 0 1 1 1 1 0 0 0 0 0 0 0 1 35 88 83 91 85 82 91 89 84 87 86 76 71 75 72 68 61 54 49 39 33 28 21 19 15 9 0 0 0 0 0 0 0 2 7 17 16 17 10 0 1 1 3 2 1 1 2 2 0 0 0 0 0 0 0 0 0 0 0 0 0 0 
2 3 0 0 0 1 1 1 1 0 0 0 0 0 0 0 0 18 91 97 84 83 80 85 88 82 85 86 82 67 65 68 71 63 53 46 39 37 31 26 22 19 16 16 16 16 16 16 16 16 16 16 16 16 16 16 16 16 16 16 16 16 16 16 16 16 16 16 16 16 16 16 16 16 16 16 16 16 16 16 
0 1 0 0 0 0 0 77 62 80 65 79 86 74 74 72 77 80 69 73 67 66 53 64 56 45 46 39 36 31 36 20 26 29 33 1 2 2 2 1 1 61 0 0 0 0 0 1 1 0 0 1 1 1 0 0 1 0 1 2 0 0 1 2 1 3 2 1 1 0 1 0 0 0 0 0 1 1 1 1 
0 0 0 0 0 0 0 13 76 80 73 75 84 85 77 70 73 75 67 75 77 62 115 152 56 52 51 51 51 51 51 51 51 51 51 51 51 51 51 51 51 51 51 51 51 51 51 51 51 51 51 51 51 51 51 51 51 51 51 51 51 51 51 51 51 51 51 51 51 51 51 51 51 51 51 51 51 51 51 51 
76 57 77 82 59 72 79 77 67 66 69 61 67 173 47 60 57 44 61 61 61 61 61 61 61 61 61 61 61 61 61 61 61 61 61 61 61 61 61 61 61 61 61 61 61 61 61 61 61 61 61 61 61 61 61 61 61 61 61 61 61 61 61 61 61 61 61 61 61 61 61 61 61 61 61 61 61 61 61 61 
66 63 60 63 63 57 55 61 63 60 62 65 66 76 74 73 76 76 80 50 0 0 1 4 4 1 1 1 0 0 0 0 0 1 2 1 0 0 0 0 0 0 0 0 0 0 0 0 2 2 1 1 1 1 1 1 0 0 0 0 0 0 0 0 0 0 0 29 64 67 85 76 68 81 83 70 84 76 66 69 
64 70 67 63 64 60 55 60 72 69 64 67 71 74 76 76 76 77 49 1 0 0 0 2 1 1 1 1 1 0 0 0 0 0 1 1 0 0 0 0 0 0 0 1 1 0 0 0 3 3 1 0 0 0 0 1 1 0 0 0 0 0 1 0 0 0 0 0 26 65 71 81 81 85 89 77 74 68 68 65 
59 71 71 68 69 67 61 62 67 62 59 62 64 71 78 78 77 80 52 0 0 0 0 1 0 0 1 1 1 1 0 0 0 0 0 0 0 0 0 0 0 0 0 2 1 0 0 1 3 3 1 0 0 0 1 1 1 0 0 0 0 0 1 0 0 0 0 0 31 75 76 83 82 86 86 73 69 74 73 72 
66 70 65 61 63 63 63 63 63 63 63 63 63 63 63 63 63 63 63 63 63 63 63 63 63 63 63 63 63 63 63 63 63 63 63 63 63 63 63 63 63 63 63 63 63 63 63 63 63 63 63 63 63 63 63 63 63 63 63 63 63 63 63 63 63 63 63 63 63 63 63 63 63 63 63 63 63 63 63 63 
81 84 81 71 76 81 71 3 2 0 0 0 0 0 1 0 0 0 0 0 0 0 2 3 0 0 0 0 0 0 0 1 1 0 0 0 0 2 3 0 0 0 0 1 0 0 0 0 0 0 0 0 0 0 0 0 0 0 0 11 75 80 78 72 77 78 79 80 78 76 67 71 72 72 76 86 87 83 72 69 
81 82 78 76 81 82 69 2 2 2 1 0 0 0 0 0 0 0 0 0 0 0 1 1 0 0 0 0 0 0 0 0 0 0 0 0 0 1 2 0 0 0 0 0 0 0 0 0 1 0 0 0 0 0 0 0 0 0 0 12 76 75 69 75 83 77 72 81 85 82 80 74 78 84 84 80 80 79 72 70 
75 81 82 82 83 68 0 0 1 4 2 0 0 0 0 0 0 0 0 0 0 0 0 0 0 0 0 0 1 0 0 0 0 0 0 0 1 1 1 0 0 0 0 0 0 0 0 1 1 0 0 0 0 0 0 0 15 15 15 15 15 15 27 75 80 72 71 83 82 74 74 69 71 75 88 74 77 82 79 80 
81 83 81 82 69 0 0 0 1 3 2 0 0 0 0 0 0 0 0 0 0 0 0 0 0 0 0 0 0 0 0 0 0 0 0 1 1 1 0 0 0 1 0 0 0 0 0 1 1 0 0 0 1 0 15 15 15 15 15 15 15 15 15 15 24 58 64 69 73 74 68 68 68 68 68 68 68 68 68 68 
1 0 0 1 0 0 0 0 1 1 0 0 2 2 1 0 0 0 0 1 1 0 0 1 1 1 0 0 1 1 1 1 1 0 0 0 1 1 1 0 15 15 15 15 15 15 15 15 15 15 16 16 16 16 16 15 15 79 84 84 82 92 78 79 80 83 77 81 81 77 79 82 0 0 0 1 4 0 0 0 
1 0 0 0 0 0 0 0 1 1 1 1 1 6 4 0 0 0 0 1 1 0 0 2 1 1 0 0 1 2 2 2 1 0 0 0 0 0 0 15 15 15 15 15 15 15 15 15 16 16 16 17 17 17 17 17 16 76 79 80 68 76 80 83 85 80 82 87 86 71 74 0 0 0 0 1 4 0 0 0 
0 0 0 0 0 0 0 0 0 1 1 3 1 11 8 0 0 0 1 1 0 0 1 2 1 0 0 1 1 2 2 2 1 1 0 0 1 0 15 15 15 15 15 15 15 15 16 16 17 17 17 17 18 18 18 18 17 17 67 72 72 73 82 87 87 73 79 86 88 76 0 0 0 0 0 1 3 0 0 0 
0 0 0 0 2 3 0 0 0 0 1 2 1 9 6 0 0 1 1 1 0 0 1 2 1 0 0 1 1 1 1 1 2 1 1 1 1 0 15 15 15 15 15 15 16 16 16 17 17 18 18 18 18 18 18 18 18 18 17 72 72 76 83 84 85 79 72 79 0 0 0 0 0 0 0 0 1 0 0 0 
0 0 0 0 4 6 0 0 0 0 0 1 0 4 3 0 1 2 2 1 0 0 0 1 0 0 0 2 1 1 1 1 2 1 1 1 2 15 15 15 15 15 15 16 16 17 17 17 18 18 18 19 19 19 19 19 19 19 18 0 79 83 85 88 84 3 0 2 1 0 0 0 0 0 0 0 0 0 0 0 
1 0 0 0 5 8 1 0 0 0 0 0 0 0 0 1 1 3 3 1 0 0 0 0 0 0 0 1 1 1 2 1 2 2 1 1 15 15 15 15 15 15 16 16 17 17 18 18 18 19 19 19 19 20 20 20 20 19 19 18 1 2 2 2 2 2 1 6 2 0 0 0 0 0 0 0 0 0 0 0 
1 1 2 1 3 6 6 1 1 1 0 0 0 0 1 2 1 5 3 1 0 0 0 1 2 1 0 0 1 2 2 0 2 2 1 1 15 15 15 15 15 16 16 17 17 18 18 19 19 19 19 20 20 20 20 20 20 20 20 19 1 1 2 2 2 1 1 10 4 0 0 0 0 0 0 0 0 0 1 0 
2 4 1 1 4 10 1 3 2 0 0 0 1 3 3 1 8 3 1 0 0 0 2 3 3 0 0 1 2 1 0 1 2 1 15 15 15 15 15 16 16 17 17 18 18 19 19 19 20 20 20 20 21 21 21 21 21 20 20 19 1 1 2 2 1 1 9 4 0 0 0 0 1 0 0 0 0 1 0 0 
3 1 0 3 9 1 2 2 0 0 0 1 2 2 1 6 3 1 0 0 0 2 3 2 0 0 0 1 1 0 1 2 1 15 15 15 15 15 16 17 17 18 18 19 19 19 20 20 20 21 21 21 21 21 21 21 21 21 20 0 1 1 2 2 1 8 3 0 0 0 1 1 1 0 0 0 1 0 0 1 
1 0 0 2 5 1 1 1 0 0 0 1 1 1 0 2 2 1 0 0 0 1 1 1 0 0 0 0 0 1 0 2 15 15 15 15 15 16 17 17 18 18 19 19 20 20 20 21 21 21 21 21 22 22 22 22 22 21 21 0 0 1 2 2 2 6 2 0 1 0 1 2 1 1 0 0 1 1 0 0 
0 0 0 1 2 0 1 0 0 0 0 1 0 1 2 0 1 1 0 0 0 1 0 0 0 2 1 0 1 3 2 1 15 15 15 15 16 16 17 18 18 19 19 20 20 20 21 21 21 21 22 22 22 22 22 22 22 22 21 20 0 1 2 2 1 3 1 0 1 2 2 1 1 0 0 0 2 1 0 0 
0 0 0 1 1 0 0 0 0 0 0 0 0 3 8 1 1 1 1 0 0 0 0 0 0 3 2 0 2 5 3 15 15 15 15 15 16 17 18 18 19 19 20 20 20 21 21 21 22 22 22 22 22 23 23 23 22 22 22 21 0 1 2 2 1 1 0 0 2 3 2 1 0 0 0 0 3 2 0 1 
1 0 1 1 0 0 0 0 0 0 0 0 0 5 14 2 0 1 1 0 0 0 0 0 0 3 1 0 2 5 2 15 15 15 15 16 17 17 18 18 19 19 20 20 21 21 21 22 22 22 22 23 23 23 23 23 23 23 22 21 1 1 1 1 1 0 0 0 2 3 2 1 0 0 0 0 2 2 0 1 
1 0 1 1 0 0 1 1 1 0 0 0 0 4 12 2 0 1 1 0 1 0 0 0 0 2 1 0 1 4 1 15 15 15 16 16 17 18 18 19 19 20 20 21 21 21 22 22 22 23 23 23 23 23 23 23 23 23 23 22 1 2 1 1 1 1 0 0 1 3 1 1 1 1 1 0 1 1 1 0 
2 1 0 0 0 1 2 2 2 1 0 0 0 2 7 1 1 1 1 0 3 1 0 0 0 1 0 0 1 3 0 15 15 15 16 17 17 18 19 19 20 20 21 21 21 22 22 22 23 23 23 23 23 24 24 24 24 23 23 23 2 2 1 0 1 1 0 0 1 2 0 1 1 1 1 0 1 1 1 0 
2 1 0 0 0 1 3 3 2 1 0 1 0 1 2 0 1 1 1 0 3 1 0 1 0 1 0 0 1 2 15 15 15 16 16 17 18 18 19 20 20 21 21 21 22 22 22 23 23 23 23 24 24 24 24 24 24 24 24 23 1 1 0 0 1 1 0 1 1 1 1 0 1 1 0 0 1 1 0 1 
1 0 0 0 0 3 2 2 2 1 1 0 0 0 1 0 1 1 1 0 2 1 0 1 1 0 0 0 1 2 15 15 15 16 17 18 18 19 19 20 20 21 21 22 22 22 23 23 23 23 24 24 24 24 24 24 24 24 24 23 0 0 0 0 1 1 0 1 2 0 1 0 1 1 0 0 1 1 0 1 
0 0 0 1 0 4 2 1 1 2 1 0 0 0 0 0 1 1 1 0 1 0 0 1 2 0 0 0 1 2 15 15 15 16 17 18 19 19 20 20 21 21 22 22 22 23 23 23 24 24 24 24 24 24 25 25 25 24 24 24 0 0 0 1 1 1 1 1 1 0 1 0 1 1 0 0 1 1 1 1 
0 0 0 1 1 2 1 0 0 1 1 0 0 0 0 0 0 0 1 1 1 0 0 0 1 2 2 2 2 2 2 2 2 2 2 2 2 2 2 2 2 2 2 2 2 2 2 2 2 2 2 2 2 2 2 2 2 2 2 2 2 2 2 2 2 2 2 2 2 2 2 2 2 2 2 2 2 2 2 2 
2 2 2 2 2 2 2 2 2 2 2 2 2 2 2 2 2 2 2 2 2 2 2 2 2 2 2 2 2 2 2 2 2 2 2 2 2 2 2 2 2 2 2 2 2 2 2 2 2 2 2 2 2 2 2 2 2 2 2 2 2 2 2 2 2 2 2 2 2 2 2 2 2 2 2 2 2 2 2 2 
2 2 2 2 2 2 2 2 2 2 2 2 2 2 2 2 2 2 2 2 2 2 2 2 2 2 2 2 2 2 2 2 2 2 2 2 2 2 2 2 2 2 2 2 2 2 2 2 2 2 2 2 2 2 2 2 2 2 2 2 2 2 2 2 2 2 2 2 2 2 2 2 2 2 2 2 2 2 2 2 
2 2 2 2 2 2 2 2 2 2 2 2 2 2 2 2 2 2 2 2 2 2 2 2 2 2 2 2 2 2 2 2 2 2 2 2 2 2 2 2 2 2 2 2 2 2 2 2 2 2 2 2 2 2 2 2 2 2 2 2 2 2 2 2 2 2 2 2 2 2 2 2 2 2 2 2 2 2 2 2 
2 2 2 2 2 2 2 2 2 2 2 2 2 2 2 2 2 2 2 2 2 2 2 2 2 2 2 2 2 2 2 2 2 2 2 2 2 2 2 2 2 2 2 2 2 2 2 2 2 2 2 2 2 2 2 2 2 2 2 2 2 2 2 2 2 2 2 2 2 2 2 2 2 2 2 2 2 2 2 2 
2 2 2 2 2 2 2 2 2 2 2 2 2 2 2 2 2 2 2 2 2 2 2 2 2 2 2 2 2 2 2 2 2 2 2 2 2 2 2 2 2 2 2 2 2 2 2 2 2 2 2 2 2 2 2 2 2 2 2 2 2 2 2 2 2 2 2 2 2 2 2 2 2 2 2 2 2 2 2 2 
2 2 2 2 2 2 2 2 2 2 2 2 2 2 2 2 2 2 2 2 2 2 2 2 2 2 2 2 2 2 2 2 2 2 2 2 2 2 2 2 2 2 2 2 2 2 2 2 2 2 2 2 2 2 2 2 2 2 2 2 2 2 2 2 2 2 2 2 2 2 2 2 2 2 2 2 2 2 2 2 
2 2 2 2 2 2 2 2 2 2 2 2 2 2 2 2 2 2 2 2 2 2 2 2 2 2 2 2 2 2 2 2 2 2 2 2 2 2 2 2 2 2 2 2 2 2 2 2 2 2 2 2 2 2 2 2 2 2 2 2 2 2 2 2 2 2 2 2 2 2 2 2 2 2 2 2 2 2 2 2 
2 2 2 2 2 2 2 2 2 2 2 2 2 2 2 2 2 2 2 2 2 2 2 2 2 2 2 2 2 2 2 2 2 2 2 2 2 2 2 2 2 2 2 2 2 2 2 2 2 2 2 2 2 2 2 2 2 2 2 2 2 2 2 2 2 2 2 2 2 2 2 2 2 2 2 2 2 2 2 2 
2 2 2 2 2 2 2 2 2 2 2 2 2 2 2 2 2 2 2 2 2 2 2 2 2 2 2 2 2 2 2 2 2 2 2 2 2 2 2 2 2 2 2 2 2 2 2 2 2 2 2 2 2 2 2 2 2 2 2 2 2 2 2 2 2 2 2 2 2 2 2 2 2 2 2 2 2 2 2 2 
2 2 2 2 2 2 2 2 2 2 2 2 2 2 2 2 2 2 2 2 2 2 2 2 2 2 2 2 2 2 2 2 2 2 2 2 2 2 2 2 2 2 2 2 2 2 2 2 2 2 2 2 2 2 2 2 2 2 2 2 2 2 2 2 2 2 2 2 2 2 2 2 2 2 2 2 2 2 2 2 
2 2 2 2 2 2 2 2 2 2 2 2 2 2 2 2 2 2 2 2 2 2 2 2 2 2 2 2 2 2 2 2 2 2 2 2 2 2 2 2 2 2 2 2 2 2 2 2 2 2 2 2 2 2 2 2 2 2 2 2 2 2 2 2 2 2 2 2 2 2 2 2 2 2 2 2 2 2 2 2 
2 2 2 2 2 2 2 2 2 2 2 2 2 2 2 2 2 2 2 2 2 2 2 2 2 2 2 2 2 2 2 2 2 2 2 2 2 2 2 2 2 2 2 2 2 2 2 2 2 2 2 2 2 2 2 2 2 2 2 2 2 2 2 2 2 2 2 2 2 2 2 2 2 2 2 2 2 2 2 2 
