0 0 0 1 2 0 0 0 1 1 3 1 0 0 1 1 1 2 2 0 2 1 0 1 0 1 0 0 1 1 2 1 0 0 0 0 0 0 1 2 1 1 59 71 78 77 79 85 80 71 52 54 59 93 75 58 88 78 63 63 81 77 95 89 71 87 94 86 85 82 62 69 62 60 55 52 33 31 33 29 
0 0 0 1 2 0 0 0 1 1 3 2 0 0 1 2 1 0 0 0 2 1 0 1 0 1 0 0 1 1 2 1 0 0 0 0 0 0 1 2 1 2 63 75 77 74 75 81 74 65 60 62 72 103 76 72 90 83 56 73 81 77 96 89 102 98 98 91 90 49 56 56 57 53 55 40 30 30 35 28 
0 0 0 1 1 0 0 0 0 1 2 1 0 0 1 1 1 0 0 1 1 1 0 0 0 0 0 0 1 1 1 0 0 0 0 0 0 0 1 1 1 1 70 83 81 68 70 78 77 68 78 75 82 96 85 69 74 86 56 81 82 82 84 82 99 87 78 61 50 54 55 53 53 40 43 38 29 29 32 32 
0 0 0 0 0 0 0 1 1 0 0 0 0 0 0 0 1 1 1 0 0 0 0 0 0 0 0 0 0 0 1 33 76 78 73 66 72 79 75 72 86 94 88 72 66 59 50 62 85 93 79 63 67 72 69 78 77 70 61 52 49 45 38 46 47 38 36 36 36 36 36 36 36 36 36 36 36 36 36 36 
0 0 0 0 0 1 0 0 0 0 0 0 0 0 0 0 1 1 1 0 14 73 75 87 91 68 72 73 65 59 71 92 96 67 60 73 77 65 85 80 80 80 80 80 80 80 80 80 80 80 80 80 80 80 80 80 80 80 80 80 80 80 80 80 80 80 80 80 80 80 80 80 80 80 80 80 80 80 80 80 
1 0 0 0 0 1 1 0 0 1 89 83 84 82 65 83 72 73 115 120 76 84 93 76 92 77 75 64 72 70 45 47 47 47 47 47 47 47 47 47 47 47 47 47 47 47 47 47 47 47 47 47 47 47 47 47 47 47 47 47 47 47 47 47 47 47 47 47 47 47 47 47 47 47 47 47 47 47 47 47 
79 75 76 80 85 80 81 95 97 92 72 60 69 91 83 76 95 103 88 71 50 53 61 48 54 61 67 59 49 48 42 35 40 43 45 51 51 31 0 0 0 1 0 0 0 0 0 1 0 0 0 0 0 0 0 1 0 0 2 4 4 2 0 0 0 0 0 3 2 0 0 0 0 0 1 0 0 0 0 32 
77 71 77 86 85 83 84 93 93 92 94 94 94 94 94 94 94 94 94 94 94 94 94 94 94 94 94 94 94 94 94 94 94 94 94 94 94 94 94 94 94 94 94 94 94 94 94 94 94 94 94 94 94 94 94 94 94 94 94 94 94 94 94 94 94 94 94 94 94 94 94 94 94 94 94 94 94 94 94 94 
75 88 82 97 77 61 59 56 71 65 48 67 82 67 71 63 48 62 57 59 55 39 41 46 49 50 50 50 50 50 50 50 50 50 50 50 50 50 50 50 50 50 50 50 50 50 50 50 50 50 50 50 50 50 50 50 50 50 50 50 50 50 50 50 50 50 50 50 50 50 50 50 50 50 50 50 50 50 50 50 
57 65 56 69 58 49 51 53 65 45 42 63 63 63 63 63 63 63 63 63 63 63 63 63 63 63 63 63 63 63 63 63 63 63 63 63 63 63 63 63 63 63 63 63 63 63 63 63 63 63 63 63 63 63 63 63 63 63 63 63 63 63 63 63 63 63 63 63 63 63 63 63 63 63 63 63 63 63 63 63 
61 56 49 56 58 33 0 0 0 1 0 0 0 0 0 0 0 1 0 0 2 2 0 0 0 0 0 0 1 1 2 1 0 0 1 0 0 0 0 0 1 0 0 0 0 0 1 2 33 85 82 80 83 99 97 78 77 82 82 82 82 82 82 82 82 82 82 82 82 82 82 82 82 82 82 82 82 82 82 82 
1 0 0 0 0 0 0 0 0 0 1 0 0 0 0 0 0 1 1 1 1 0 0 1 0 0 0 1 0 0 1 1 0 0 0 0 1 15 78 75 73 73 72 78 69 65 80 83 87 87 87 87 87 87 87 87 87 87 87 87 87 87 87 87 87 87 87 87 87 87 87 87 87 87 87 87 87 87 87 87 
1 1 0 0 0 3 3 1 0 0 0 0 0 0 0 0 1 1 0 1 1 0 0 0 0 0 1 1 76 79 76 64 68 71 55 84 87 88 55 79 64 80 73 75 67 50 79 81 58 56 71 208 70 75 67 67 67 67 67 67 67 67 67 67 67 67 67 67 67 67 67 67 67 67 67 67 67 67 67 67 
2 0 0 0 0 0 0 0 0 0 0 0 0 0 0 0 0 29 77 73 64 73 82 58 56 68 86 88 73 78 70 72 85 83 60 48 64 76 88 86 65 75 82 65 174 211 211 97 70 69 69 64 56 35 1 2 1 1 0 0 0 0 0 0 0 0 0 1 0 0 1 1 0 0 2 2 0 0 0 3 
4 2 0 0 0 0 0 0 0 0 0 0 0 0 0 0 1 23 71 72 67 75 84 69 58 59 76 83 71 70 61 54 67 69 53 52 59 61 74 83 63 172 100 52 168 211 93 58 64 64 64 68 64 38 2 2 1 1 0 0 0 0 0 0 0 0 0 0 0 0 0 1 0 0 1 1 0 0 1 4 
5 2 0 0 0 0 0 0 0 0 0 0 0 0 0 0 1 24 70 77 77 74 77 79 70 74 72 63 61 65 62 67 76 63 52 52 52 52 52 52 52 52 52 52 52 52 52 52 52 52 52 52 52 52 52 52 52 52 52 52 52 52 52 52 52 52 52 52 52 52 52 52 52 52 52 52 52 52 52 52 
216 216 216 215 215 215 215 214 214 156 76 65 66 71 78 79 67 65 63 54 51 68 69 46 46 65 70 60 65 51 53 63 70 111 154 73 60 52 50 45 45 45 45 45 45 45 45 45 45 45 45 45 45 45 45 45 45 45 45 45 45 45 45 45 45 45 45 45 45 45 45 45 45 45 45 45 45 45 45 45 
67 56 64 67 63 84 77 59 59 58 64 68 98 73 73 73 73 73 73 73 73 73 73 73 73 73 73 73 73 73 73 73 73 73 73 73 73 73 73 73 73 73 73 73 73 73 73 73 73 73 73 73 73 73 73 73 73 73 73 73 73 73 73 73 73 73 73 73 73 73 73 73 73 73 73 73 73 73 73 73 
57 76 89 78 69 55 45 72 92 80 66 59 60 72 82 82 74 74 77 73 63 37 1 1 0 0 0 0 0 0 0 0 0 1 1 0 0 0 0 0 0 0 0 0 0 0 0 0 1 1 1 1 1 1 147 220 219 219 219 219 219 218 218 218 218 217 217 217 94 68 73 68 62 63 68 77 93 86 61 45 
44 67 83 67 70 69 51 56 77 73 63 57 57 57 57 57 57 57 57 57 57 57 57 57 57 57 57 57 57 57 57 57 57 57 57 57 57 57 57 57 57 57 57 57 57 57 57 57 57 57 57 57 57 57 57 57 57 57 57 57 57 57 57 57 57 57 57 57 57 57 57 57 57 57 57 57 57 57 57 57 
61 61 61 61 61 61 61 61 61 61 61 61 61 61 61 61 61 61 61 61 61 61 61 61 61 61 61 61 61 61 61 61 61 61 61 61 61 61 61 61 61 61 61 61 61 61 61 61 61 61 61 61 61 61 61 61 61 61 61 61 61 61 61 61 61 61 61 61 61 61 61 61 61 61 61 61 61 61 61 61 
1 0 0 1 2 0 0 0 1 2 0 0 1 2 0 3 4 3 2 1 1 1 0 0 0 3 2 1 1 2 0 1 1 223 223 222 222 222 222 221 221 221 221 220 220 220 219 0 80 76 76 84 84 72 58 62 58 66 68 62 79 45 66 83 85 61 61 62 58 57 65 67 66 62 54 69 83 77 51 63 
1 0 0 1 2 0 0 1 2 1 0 0 1 2 0 3 3 5 6 1 1 1 1 0 0 2 1 0 0 1 0 1 1 223 223 223 223 222 222 222 222 221 221 221 220 220 220 0 79 73 70 81 83 81 69 46 57 69 85 80 86 59 52 62 71 63 61 76 77 75 80 70 74 72 64 65 74 64 59 59 
0 1 1 0 0 0 6 11 4 1 1 1 1 0 1 1 0 0 0 0 0 1 149 224 224 224 224 223 223 223 222 222 222 221 221 221 73 0 26 62 59 63 73 83 77 68 77 80 84 89 79 70 69 69 69 69 69 69 69 69 69 69 69 69 69 69 69 69 69 69 69 69 69 69 69 69 69 69 69 69 
0 1 0 0 0 1 0 0 0 0 15 91 225 225 225 225 224 224 224 223 223 223 222 222 222 148 0 0 10 61 60 59 57 65 90 75 76 85 78 77 65 63 81 81 95 77 77 77 77 77 77 77 77 77 77 77 77 77 77 77 77 77 77 77 77 77 77 77 77 77 77 77 77 77 77 77 77 77 77 77 
17 227 226 226 226 225 225 225 225 224 224 224 223 223 223 16 16 15 15 69 72 72 74 78 88 80 77 81 75 82 70 60 69 61 83 53 59 65 80 94 80 56 71 56 75 88 85 74 1 0 0 0 1 1 1 1 2 1 0 1 0 0 0 0 0 0 0 0 0 0 0 0 0 16 17 17 17 18 18 18 
18 227 227 227 226 226 226 225 225 225 224 224 224 223 223 17 16 16 16 15 15 74 69 69 69 69 69 69 69 69 69 69 69 69 69 69 69 69 69 69 69 69 69 69 69 69 69 69 69 69 69 69 69 69 69 69 69 69 69 69 69 69 69 69 69 69 69 69 69 69 69 69 69 69 69 69 69 69 69 69 
91 91 91 91 30 18 18 17 17 17 16 16 45 76 69 67 67 67 67 67 67 67 67 67 67 67 67 67 67 67 67 67 67 67 67 67 67 67 67 67 67 67 67 67 67 67 67 67 67 67 67 67 67 67 67 67 67 67 67 67 67 67 67 67 67 67 67 67 67 67 67 67 67 67 67 67 67 67 67 67 
17 17 16 15 29 69 58 74 72 73 80 79 74 71 74 83 96 91 74 73 94 86 70 80 73 77 68 1 1 1 1 1 1 1 0 0 0 0 0 0 0 0 0 0 0 0 17 18 19 19 19 19 19 20 20 20 20 20 20 20 20 20 20 20 20 20 20 20 20 20 19 19 19 19 19 19 19 18 18 18 
18 17 17 16 16 21 56 77 79 71 73 62 64 70 74 88 97 102 87 74 95 92 76 69 74 95 82 2 1 1 1 1 1 1 0 0 0 0 0 0 0 0 0 0 0 17 18 19 19 19 20 20 20 20 20 20 20 20 20 20 20 20 20 20 20 20 20 20 20 20 20 20 20 19 19 19 19 19 19 18 
18 18 17 17 16 16 30 79 80 88 83 68 57 59 69 91 97 89 77 72 80 88 73 60 67 82 71 4 2 0 0 0 0 1 1 0 0 0 0 0 1 0 0 0 17 18 19 19 20 20 20 20 20 20 20 20 20 20 21 21 21 20 20 20 20 20 20 20 20 20 20 20 20 20 20 19 19 19 19 19 
18 18 18 17 17 16 16 27 79 86 79 77 73 60 73 92 90 72 64 61 61 70 67 58 51 55 59 4 2 0 0 0 1 1 1 0 0 0 0 0 1 0 0 0 18 19 19 20 20 20 20 20 20 21 21 21 21 21 21 21 21 21 21 21 21 21 21 20 20 20 20 20 20 20 20 20 19 19 19 19 
19 18 18 18 17 17 16 29 75 66 66 66 66 66 66 66 66 66 66 66 66 66 66 66 66 66 66 66 66 66 66 66 66 66 66 66 66 66 66 66 66 66 66 66 66 66 66 66 66 66 66 66 66 66 66 66 66 66 66 66 66 66 66 66 66 66 66 66 66 66 66 66 66 66 66 66 66 66 66 66 
50 46 48 59 79 72 67 66 79 78 82 69 55 75 75 62 4 1 0 0 0 1 1 0 0 0 1 0 0 0 18 19 20 20 20 21 21 21 21 21 21 21 21 21 21 21 21 21 21 21 21 21 21 21 21 21 21 21 21 21 21 21 21 20 20 20 20 20 20 20 19 19 19 19 18 18 17 17 16 15 
76 69 69 69 69 69 69 69 69 69 69 69 69 69 69 69 69 69 69 69 69 69 69 69 69 69 69 69 69 69 69 69 69 69 69 69 69 69 69 69 69 69 69 69 69 69 69 69 69 69 69 69 69 69 69 69 69 69 69 69 69 69 69 69 69 69 69 69 69 69 69 69 69 69 69 69 69 69 69 69 
73 75 81 83 94 54 0 0 0 1 0 0 0 0 0 1 1 0 19 20 20 21 21 21 21 21 21 22 22 22 22 22 22 22 22 22 22 22 22 22 22 22 22 22 22 22 22 22 22 21 21 21 21 21 21 21 21 21 20 20 20 20 20 19 19 19 19 18 18 17 16 57 75 69 71 76 78 70 70 70 
0 0 0 0 1 0 19 20 21 21 21 21 22 22 22 22 22 22 22 22 22 22 22 22 22 22 22 22 22 22 22 22 22 22 22 22 22 22 22 22 22 22 21 21 21 21 21 21 21 20 20 20 20 20 19 19 19 18 18 17 17 27 71 74 69 77 89 73 82 101 97 92 76 75 69 0 1 2 2 1 
0 0 0 0 0 0 20 20 21 21 21 22 22 22 22 22 22 22 22 22 22 22 22 22 22 22 22 22 22 22 22 22 22 22 22 22 22 22 22 22 22 22 22 21 21 21 21 21 21 21 21 20 20 20 20 19 19 19 18 18 17 24 61 69 68 64 70 67 74 90 93 86 74 77 65 1 1 2 2 1 
1 0 0 0 0 20 20 21 21 21 22 22 22 22 22 22 22 22 22 22 23 23 23 23 23 23 23 23 23 23 22 22 22 22 22 22 22 22 22 22 22 22 22 22 22 21 21 21 21 21 21 21 20 20 20 20 19 19 19 18 18 17 34 82 69 85 81 78 78 73 78 86 101 91 63 1 1 1 1 1 
1 1 1 1 0 20 21 21 21 22 22 22 22 22 22 22 23 23 23 23 23 23 23 23 23 23 23 23 23 23 23 23 23 23 22 22 22 22 22 22 22 22 22 22 22 22 21 21 21 21 21 21 21 20 20 20 20 19 19 19 18 17 35 93 86 71 67 88 98 85 75 73 84 86 58 1 1 1 1 1 
1 1 1 0 20 21 21 21 22 22 22 22 22 22 23 23 23 23 23 23 23 23 23 23 23 23 23 23 23 23 23 23 23 23 23 23 22 22 22 22 22 22 22 22 22 22 22 21 21 21 21 21 21 20 20 20 20 20 19 19 18 18 17 32 86 78 78 78 78 78 78 78 78 78 78 78 78 78 78 78 
23 23 23 23 23 23 23 23 23 23 23 23 23 23 23 23 23 23 23 23 23 23 23 23 23 23 23 23 23 22 22 22 22 22 22 22 22 22 22 21 21 21 21 21 20 20 20 20 19 19 19 18 17 16 85 88 90 95 61 51 82 86 84 63 0 1 2 1 0 1 2 1 21 21 22 22 22 22 22 23 
23 23 23 23 23 23 23 23 23 23 23 23 23 23 23 23 23 23 23 23 23 23 23 23 23 23 23 23 23 23 23 22 22 22 22 22 22 22 22 22 21 21 21 21 21 20 20 20 20 19 19 18 18 17 6 3 59 85 77 58 51 89 93 69 0 0 1 1 0 1 2 20 21 22 22 22 22 23 23 23 
23 23 23 23 23 23 23 23 23 23 23 23 23 23 23 23 23 23 23 23 23 23 23 23 23 23 23 23 23 23 23 23 22 22 22 22 22 22 22 22 22 21 21 21 21 21 20 20 20 19 19 19 18 17 16 2 1 50 82 102 78 88 82 68 0 0 0 0 1 0 2 21 21 22 22 22 23 23 23 23 
23 23 23 23 23 23 23 23 23 23 23 23 23 23 23 23 23 23 23 23 23 23 23 23 23 23 23 23 23 23 23 23 23 22 22 22 22 22 22 22 22 21 21 21 21 21 21 20 20 20 19 19 18 18 17 1 1 0 0 93 78 77 68 77 2 1 0 1 3 2 20 21 22 22 22 23 23 23 23 23 
23 23 23 23 23 23 24 24 24 24 24 24 24 24 24 24 24 24 24 23 23 23 23 23 23 23 23 23 23 23 23 23 23 23 23 22 22 22 22 22 22 22 21 21 21 21 21 20 20 20 20 19 19 18 17 1 1 1 0 0 0 72 75 71 3 2 0 2 5 3 21 21 22 22 22 23 23 23 23 23 
23 23 23 24 24 24 24 24 24 24 24 24 24 24 24 24 24 24 24 24 24 24 23 23 23 23 23 23 23 23 23 23 23 23 23 23 22 22 22 22 22 22 22 21 21 21 21 21 20 20 20 19 19 18 18 16 1 1 0 0 0 0 0 0 0 0 0 0 0 0 0 0 0 0 0 0 0 0 0 0 
24 24 24 24 24 24 24 24 24 24 24 24 24 24 24 24 23 23 23 23 23 23 23 23 23 23 23 23 22 22 22 22 22 22 22 21 21 21 21 20 20 20 19 19 18 18 1 0 2 1 0 0 0 0 0 0 0 2 1 21 22 22 23 23 23 23 23 23 24 24 24 24 24 24 24 24 24 24 24 24 
24 24 24 24 24 24 24 24 24 24 24 24 24 24 24 24 24 23 23 23 23 23 23 23 23 23 23 23 23 22 22 22 22 22 22 21 21 21 21 21 20 20 20 19 19 18 17 0 2 1 0 0 0 0 0 0 0 1 0 22 22 22 23 23 23 23 23 24 24 24 24 24 24 24 24 24 24 24 24 24 
24 24 24 24 24 24 24 24 24 24 24 24 24 24 24 24 24 24 24 23 23 23 23 23 23 23 23 23 23 23 22 22 22 22 22 22 21 21 21 21 20 20 20 19 19 18 18 0 1 1 0 0 1 0 0 0 0 0 21 22 22 23 23 23 23 23 24 24 24 24 24 24 24 24 24 24 24 24 24 24 
24 24 24 24 24 24 24 24 24 24 24 24 24 24 24 24 24 24 24 24 23 23 23 23 23 23 23 23 23 23 23 22 22 22 22 22 22 21 21 21 21 20 20 20 19 19 18 0 0 0 0 0 1 0 0 0 0 0 21 22 23 23 23 23 23 24 24 24 24 24 24 24 24 24 24 24 24 24 24 24 
24 24 24 24 24 24 24 24 24 24 24 24 24 24 24 24 24 24 24 24 24 24 23 23 23 23 23 23 23 23 23 22 22 22 22 22 22 22 21 21 21 21 20 20 19 19 18 17 1 0 0 0 1 2 2 2 2 2 2 2 2 2 2 2 2 2 2 2 2 2 2 2 2 2 2 2 2 2 2 2 
2 2 2 2 2 2 2 2 2 2 2 2 2 2 2 2 2 2 2 2 2 2 2 2 2 2 2 2 2 2 2 2 2 2 2 2 2 2 2 2 2 2 2 2 2 2 2 2 2 2 2 2 2 2 2 2 2 2 2 2 2 2 2 2 2 2 2 2 2 2 2 2 2 2 2 2 2 2 2 2 
2 2 2 2 2 2 2 2 2 2 2 2 2 2 2 2 2 2 2 2 2 2 2 2 2 2 2 2 2 2 2 2 2 2 2 2 2 2 2 2 2 2 2 2 2 2 2 2 2 2 2 2 2 2 2 2 2 2 2 2 2 2 2 2 2 2 2 2 2 2 2 2 2 2 2 2 2 2 2 2 
2 2 2 2 2 2 2 2 2 2 2 2 2 2 2 2 2 2 2 2 2 2 2 2 2 2 2 2 2 2 2 2 2 2 2 2 2 2 2 2 2 2 2 2 2 2 2 2 2 2 2 2 2 2 2 2 2 2 2 2 2 2 2 2 2 2 2 2 2 2 2 2 2 2 2 2 2 2 2 2 
2 2 2 2 2 2 2 2 2 2 2 2 2 2 2 2 2 2 2 2 2 2 2 2 2 2 2 2 2 2 2 2 2 2 2 2 2 2 2 2 2 2 2 2 2 2 2 2 2 2 2 2 2 2 2 2 2 2 2 2 2 2 2 2 2 2 2 2 2 2 2 2 2 2 2 2 2 2 2 2 
2 2 2 2 2 2 2 2 2 2 2 2 2 2 2 2 2 2 2 2 2 2 2 2 2 2 2 2 2 2 2 2 2 2 2 2 2 2 2 2 2 2 2 2 2 2 2 2 2 2 2 2 2 2 2 2 2 2 2 2 2 2 2 2 2 2 2 2 2 2 2 2 2 2 2 2 2 2 2 2 
2 2 2 2 2 2 2 2 2 2 2 2 2 2 2 2 2 2 2 2 2 2 2 2 2 2 2 2 2 2 2 2 2 2 2 2 2 2 2 2 2 2 2 2 2 2 2 2 2 2 2 2 2 2 2 2 2 2 2 2 2 2 2 2 2 2 2 2 2 2 2 2 2 2 2 2 2 2 2 2 
2 2 2 2 2 2 2 2 2 2 2 2 2 2 2 2 2 2 2 2 2 2 2 2 2 2 2 2 2 2 2 2 2 2 2 2 2 2 2 2 2 2 2 2 2 2 2 2 2 2 2 2 2 2 2 2 2 2 2 2 2 2 2 2 2 2 2 2 2 2 2 2 2 2 2 2 2 2 2 2 
2 2 2 2 2 2 2 2 2 2 2 2 2 2 2 2 2 2 2 2 2 2 2 2 2 2 2 2 2 2 2 2 2 2 2 2 2 2 2 2 2 2 2 2 2 2 2 2 2 2 2 2 2 2 2 2 2 2 2 2 2 2 2 2 2 2 2 2 2 2 2 2 2 2 2 2 2 2 2 2 
2 2 2 2 2 2 2 2 2 2 2 2 2 2 2 2 2 2 2 2 2 2 2 2 2 2 2 2 2 2 2 2 2 2 2 2 2 2 2 2 2 2 2 2 2 2 2 2 2 2 2 2 2 2 2 2 2 2 2 2 2 2 2 2 2 2 2 2 2 2 2 2 2 2 2 2 2 2 2 2 
2 2 2 2 2 2 2 2 2 2 2 2 2 2 2 2 2 2 2 2 2 2 2 2 2 2 2 2 2 2 2 2 2 2 2 2 2 2 2 2 2 2 2 2 2 2 2 2 2 2 2 2 2 2 2 2 2 2 2 2 2 2 2 2 2 2 2 2 2 2 2 2 2 2 2 2 2 2 2 2 
2 2 2 2 2 2 2 2 2 2 2 2 2 2 2 2 2 2 2 2 2 2 2 2 2 2 2 2 2 2 2 2 2 2 2 2 2 2 2 2 2 2 2 2 2 2 2 2 2 2 2 2 2 2 2 2 2 2 2 2 2 2 2 2 2 2 2 2 2 2 2 2 2 2 2 2 2 2 2 2 
2 2 2 2 2 2 2 2 2 2 2 2 2 2 2 2 2 2 2 2 2 2 2 2 2 2 2 2 2 2 2 2 2 2 2 2 2 2 2 2 2 2 2 2 2 2 2 2 2 2 2 2 2 2 2 2 2 2 2 2 2 2 2 2 2 2 2 2 2 2 2 2 2 2 2 2 2 2 2 2 
2 2 2 2 2 2 2 2 2 2 2 2 2 2 2 2 2 2 2 2 2 2 2 2 2 2 2 2 2 2 2 2 2 2 2 2 2 2 2 2 2 2 2 2 2 2 2 2 2 2 2 2 2 2 2 2 2 2 2 2 2 2 2 2 2 2 2 2 2 2 2 2 2 2 2 2 2 2 2 2 
2 2 2 2 2 2 2 2 2 2 2 2 2 2 2 2 2 2 2 2 2 2 2 2 2 2 2 2 2 2 2 2 2 2 2 2 2 2 2 2 2 2 2 2 2 2 2 2 2 2 2 2 2 2 2 2 2 2 2 2 2 2 2 2 2 2 2 2 2 2 2 2 2 2 2 2 2 2 2 2 
2 2 2 2 2 2 2 2 2 2 2 2 2 2 2 2 2 2 2 2 2 2 2 2 2 2 2 2 2 2 2 2 2 2 2 2 2 2 2 2 2 2 2 2 2 2 2 2 2 2 2 2 2 2 2 2 2 2 2 2 2 2 2 2 2 2 2 2 2 2 2 2 2 2 2 2 2 2 2 2 
2 2 2 2 2 2 2 2 2 2 2 2 2 2 2 2 2 2 2 2 2 2 2 2 2 2 2 2 2 2 2 2 2 2 2 2 2 2 2 2 2 2 2 2 2 2 2 2 2 2 2 2 2 2 2 2 2 2 2 2 2 2 2 2 2 2 2 2 2 2 2 2 2 2 2 2 2 2 2 2 
2 2 2 2 2 2 2 2 2 2 2 2 2 2 2 2 2 2 2 2 2 2 2 2 2 2 2 2 2 2 2 2 2 2 2 2 2 2 2 2 2 2 2 2 2 2 2 2 2 2 2 2 2 2 2 2 2 2 2 2 2 2 2 2 2 2 2 2 2 2 2 2 2 2 2 2 2 2 2 2 
2 2 2 2 2 2 2 2 2 2 2 2 2 2 2 2 2 2 2 2 2 2 2 2 2 2 2 2 2 2 2 2 2 2 2 2 2 2 2 2 2 2 2 2 2 2 2 2 2 2 2 2 2 2 2 2 2 2 2 2 2 2 2 2 2 2 2 2 2 2 2 2 2 2 2 2 2 2 2 2 
2 2 2 2 2 2 2 2 2 2 2 2 2 2 2 2 2 2 2 2 2 2 2 2 2 2 2 2 2 2 2 2 2 2 2 2 2 2 2 2 2 2 2 2 2 2 2 2 2 2 2 2 2 2 2 2 2 2 2 2 2 2 2 2 2 2 2 2 2 2 2 2 2 2 2 2 2 2 2 2 
2 2 2 2 2 2 2 2 2 2 2 2 2 2 2 2 2 2 2 2 2 2 2 2 2 2 2 2 2 2 2 2 2 2 2 2 2 2 2 2 2 2 2 2 2 2 2 2 2 2 2 2 2 2 2 2 2 2 2 2 2 2 2 2 2 2 2 2 2 2 2 2 2 2 2 2 2 2 2 2 
2 2 2 2 2 2 2 2 2 2 2 2 2 2 2 2 2 2 2 2 2 2 2 2 2 2 2 2 2 2 2 2 2 2 2 2 2 2 2 2 2 2 2 2 2 2 2 2 2 2 2 2 2 2 2 2 2 2 2 2 2 2 2 2 2 2 2 2 2 2 2 2 2 2 2 2 2 2 2 2 
2 2 2 2 2 2 2 2 2 2 2 2 2 2 2 2 2 2 2 2 2 2 2 2 2 2 2 2 2 2 2 2 2 2 2 2 2 2 2 2 2 2 2 2 2 2 2 2 2 2 2 2 2 2 2 2 2 2 2 2 2 2 2 2 2 2 2 2 2 2 2 2 2 2 2 2 2 2 2 2 
2 2 2 2 2 2 2 2 2 2 2 2 2 2 2 2 2 2 2 2 2 2 2 2 2 2 2 2 2 2 2 2 2 2 2 2 2 2 2 2 2 2 2 2 2 2 2 2 2 2 2 2 2 2 2 2 2 2 2 2 2 2 2 2 2 2 2 2 2 2 2 2 2 2 2 2 2 2 2 2 
2 2 2 2 2 2 2 2 2 2 2 2 2 2 2 2 2 2 2 2 2 2 2 2 2 2 2 2 2 2 2 2 2 2 2 2 2 2 2 2 2 2 2 2 2 2 2 2 2 2 2 2 2 2 2 2 2 2 2 2 2 2 2 2 2 2 2 2 2 2 2 2 2 2 2 2 2 2 2 2 
2 2 2 2 2 2 2 2 2 2 2 2 2 2 2 2 2 2 2 2 2 2 2 2 2 2 2 2 2 2 2 2 2 2 2 2 2 2 2 2 2 2 2 2 2 2 2 2 2 2 2 2 2 2 2 2 2 2 2 2 2 2 2 2 2 2 2 2 2 2 2 2 2 2 2 2 2 2 2 2 
2 2 2 2 2 2 2 2 2 2 2 2 2 2 2 2 2 2 2 2 2 2 2 2 2 2 2 2 2 2 2 2 2 2 2 2 2 2 2 2 2 2 2 2 2 2 2 2 2 2 2 2 2 2 2 2 2 2 2 2 2 2 2 2 2 2 2 2 2 2 2 2 2 2 2 2 2 2 2 2 
2 2 2 2 2 2 2 2 2 2 2 2 2 2 2 2 2 2 2 2 2 2 2 2 2 2 2 2 2 2 2 2 2 2 2 2 2 2 2 2 2 2 2 2 2 2 2 2 2 2 2 2 2 2 2 2 2 2 2 2 2 2 2 2 2 2 2 2 2 2 2 2 2 2 2 2 2 2 2 2 
2 2 2 2 2 2 2 2 2 2 2 2 2 2 2 2 2 2 2 2 2 2 2 2 2 2 2 2 2 2 2 2 2 2 2 2 2 2 2 2 2 2 2 2 2 2 2 2 2 2 2 2 2 2 2 2 2 2 2 2 2 2 2 2 2 2 2 2 2 2 2 2 2 2 2 2 2 2 2 2 
