116 124 126 126 124 130 129 118 116 124 126 126 124 130 129 118 116 124 126 126 124 130 129 118 116 124 126 126 124 130 129 118 116 124 126 126 124 130 129 118 116 124 126 126 124 130 129 118 116 124 126 126 124 130 129 118 116 124 126 126 124 130 129 118 116 124 126 126 124 130 129 118 116 124 126 126 124 130 129 118 
131 105 110 128 131 142 142 120 131 105 110 128 131 142 142 120 131 105 110 128 131 142 142 120 131 105 110 128 131 142 142 120 131 105 110 128 131 142 142 120 131 105 110 128 131 142 142 120 131 105 110 128 131 142 142 120 131 105 110 128 131 142 142 120 131 105 110 128 131 142 142 120 131 105 110 128 131 142 142 120 
126 120 120 132 127 134 128 141 126 120 120 132 127 134 128 141 126 120 120 132 127 134 128 141 126 120 120 132 127 134 128 141 126 120 120 132 127 134 128 141 126 120 120 132 127 134 128 141 126 120 120 132 127 134 128 141 126 120 120 132 127 134 128 141 126 120 120 132 127 134 128 141 126 120 120 132 127 134 128 141 
109 109 102 121 114 114 124 117 109 109 102 121 114 114 124 117 109 109 102 121 114 114 124 117 109 109 102 121 114 114 124 117 109 109 102 121 114 114 124 117 109 109 102 121 114 114 124 117 109 109 102 121 114 114 124 117 109 109 102 121 114 114 124 117 109 109 102 121 114 114 124 117 109 109 102 121 114 114 124 117 
118 119 129 127 132 117 120 123 118 119 129 127 132 117 120 123 118 119 129 127 132 117 120 123 118 119 129 127 132 117 120 123 118 119 129 127 132 117 120 123 118 119 129 127 132 117 120 123 118 119 129 127 132 117 120 123 118 119 129 127 132 117 120 123 118 119 129 127 132 117 120 123 118 119 129 127 132 117 120 123 
133 141 141 145 133 112 133 115 133 141 141 145 133 112 133 115 133 141 141 145 133 112 133 115 133 141 141 145 133 112 133 115 133 141 141 145 133 112 133 115 133 141 141 145 133 112 133 115 133 141 141 145 133 112 133 115 133 141 141 145 133 112 133 115 133 141 141 145 133 112 133 115 133 141 141 145 133 112 133 115 
151 143 124 144 130 128 125 122 151 143 124 144 130 128 125 122 151 143 124 144 130 128 125 122 151 143 124 144 130 128 125 122 151 143 124 144 130 128 125 122 151 143 124 144 130 128 125 122 151 143 124 144 130 128 125 122 151 143 124 144 130 128 125 122 151 143 124 144 130 128 125 122 151 143 124 144 130 128 125 122 
142 121 157 172 141 140 145 147 142 121 157 172 141 140 145 147 142 121 157 172 141 140 145 147 142 121 157 172 141 140 145 147 142 121 157 172 141 140 145 147 142 121 157 172 141 140 145 147 142 121 157 172 141 140 145 147 142 121 157 172 141 140 145 147 142 121 157 172 141 140 145 147 142 121 157 172 141 140 145 147 
116 124 126 126 124 130 129 118 116 124 126 126 124 130 129 118 116 124 126 126 124 130 129 118 116 124 126 126 124 130 129 118 116 124 126 126 124 130 129 118 116 124 126 126 124 130 129 118 116 124 126 126 124 130 129 118 116 124 126 126 124 130 129 118 116 124 126 126 124 130 129 118 116 124 126 126 124 130 129 118 
131 105 110 128 131 142 142 120 131 105 110 128 131 142 142 120 131 105 110 128 131 142 142 120 131 105 110 128 131 142 142 120 131 105 110 128 131 142 142 120 131 105 110 128 131 142 142 120 131 105 110 128 131 142 142 120 131 105 110 128 131 142 142 120 131 105 110 128 131 142 142 120 131 105 110 128 131 142 142 120 
126 120 120 132 127 134 128 141 126 120 120 132 127 134 128 141 126 120 120 132 127 134 128 141 126 120 120 132 127 134 128 141 126 120 120 132 127 134 128 141 126 120 120 132 127 134 128 141 126 120 120 132 127 134 128 141 126 120 120 132 127 134 128 141 126 120 120 132 127 134 128 141 126 120 120 132 127 134 128 141 
109 109 102 121 114 114 124 117 109 109 102 121 114 114 124 117 109 109 102 121 114 114 124 117 109 109 102 121 114 114 124 117 109 109 102 121 114 114 124 117 109 109 102 121 114 114 124 117 109 109 102 121 114 114 124 117 109 109 102 121 114 114 124 117 109 109 102 121 114 114 124 117 109 109 102 121 114 114 124 117 
118 119 129 127 132 117 120 123 118 119 129 127 132 117 120 123 118 119 129 127 132 117 120 123 118 119 129 127 132 117 120 123 118 119 129 127 132 117 120 123 118 119 129 127 132 117 120 123 118 119 129 127 132 117 120 123 118 119 129 127 132 117 120 123 118 119 129 127 132 117 120 123 118 119 129 127 132 117 120 123 
133 141 141 145 133 112 133 115 133 141 141 145 133 112 133 115 133 141 141 145 133 112 133 115 133 141 141 145 133 112 133 115 133 141 141 145 133 112 133 115 133 141 141 145 133 112 133 115 133 141 141 145 133 112 133 115 133 141 141 145 133 112 133 115 133 141 141 145 133 112 133 115 133 141 141 145 133 112 133 115 
151 143 124 144 130 128 125 122 151 143 124 144 130 128 125 122 151 143 124 144 130 128 125 122 151 143 124 144 130 128 125 122 151 143 124 144 130 128 125 122 151 143 124 144 130 128 125 122 151 143 124 144 130 128 125 122 151 143 124 144 130 128 125 122 151 143 124 144 130 128 125 122 151 143 124 144 130 128 125 122 
142 121 157 172 141 140 145 147 142 121 157 172 141 140 145 147 142 121 157 172 141 140 145 147 142 121 157 172 141 140 145 147 142 121 157 172 141 140 145 147 142 121 157 172 141 140 145 147 142 121 157 172 141 140 145 147 142 121 157 172 141 140 145 147 142 121 157 172 141 140 145 147 142 121 157 172 141 140 145 147 
116 124 126 126 124 130 129 118 116 124 126 126 124 130 129 118 116 124 126 126 124 130 129 118 116 124 126 126 124 130 129 118 116 124 126 126 124 130 129 118 116 124 126 126 124 130 129 118 116 124 126 126 124 130 129 118 116 124 126 126 124 130 129 118 116 124 126 126 124 130 129 118 116 124 126 126 124 130 129 118 
131 105 110 128 131 142 142 120 131 105 110 128 131 142 142 120 131 105 110 128 131 142 142 120 131 105 110 128 131 142 142 120 131 105 110 128 131 142 142 120 131 105 110 128 131 142 142 120 131 105 110 128 131 142 142 120 131 105 110 128 131 142 142 120 131 105 110 128 131 142 142 120 131 105 110 128 131 142 142 120 
126 120 120 132 127 134 128 141 126 120 120 132 127 134 128 141 126 120 120 132 127 134 128 141 126 120 120 132 127 134 128 141 126 120 120 132 127 134 128 141 126 120 120 132 127 134 128 141 126 120 120 132 127 134 128 141 126 120 120 132 127 134 128 141 126 120 120 132 127 134 128 141 126 120 120 132 127 134 128 141 
109 109 102 121 114 114 124 117 109 109 102 121 114 114 124 117 109 109 102 121 114 114 124 117 109 109 102 121 114 114 124 117 109 109 102 121 114 114 124 117 109 109 102 121 114 114 124 117 109 109 102 121 114 114 124 117 109 109 102 121 114 114 124 117 109 109 102 121 114 114 124 117 109 109 102 121 114 114 124 117 
118 119 129 127 132 117 120 123 118 119 129 127 132 117 120 123 118 119 129 127 132 117 120 123 118 119 129 127 132 117 120 123 118 119 129 127 132 117 120 123 118 119 129 127 132 117 120 123 118 119 129 127 132 117 120 123 118 119 129 127 132 117 120 123 118 119 129 127 132 117 120 123 118 119 129 127 132 117 120 123 
133 141 141 145 133 112 133 115 133 141 141 145 133 112 133 115 133 141 141 145 133 112 133 115 133 141 141 145 133 112 133 115 133 141 141 145 133 112 133 115 133 141 141 145 133 112 133 115 133 141 141 145 133 112 133 115 133 141 141 145 133 112 133 115 133 141 141 145 133 112 133 115 133 141 141 145 133 112 133 115 
151 143 124 144 130 128 125 122 151 143 124 144 130 128 125 122 151 143 124 144 130 128 125 122 151 143 124 144 130 128 125 122 151 143 124 144 130 128 125 122 151 143 124 144 130 128 125 122 151 143 124 144 130 128 125 122 151 143 124 144 130 128 125 122 151 143 124 144 130 128 125 122 151 143 124 144 130 128 125 122 
142 121 157 172 141 140 145 147 142 121 157 172 141 140 145 147 142 121 157 172 141 140 145 147 142 121 157 172 141 140 145 147 142 121 157 172 141 140 145 147 142 121 157 172 141 140 145 147 142 121 157 172 141 140 145 147 142 121 157 172 141 140 145 147 142 121 157 172 141 140 145 147 142 121 157 172 141 140 145 147 
116 124 126 126 124 130 129 118 116 124 126 126 124 130 129 118 116 124 126 126 124 130 129 118 116 124 126 126 124 130 129 118 116 124 126 126 124 130 129 118 116 124 126 126 124 130 129 118 116 124 126 126 124 130 129 118 116 124 126 126 124 130 129 118 116 124 126 126 124 130 129 118 116 124 126 126 124 130 129 118 
131 105 110 128 131 142 142 120 131 105 110 128 131 142 142 120 131 105 110 128 131 142 142 120 131 105 110 128 131 142 142 120 131 105 110 128 131 142 142 120 131 105 110 128 131 142 142 120 131 105 110 128 131 142 142 120 131 105 110 128 131 142 142 120 131 105 110 128 131 142 142 120 131 105 110 128 131 142 142 120 
126 120 120 132 127 134 128 141 126 120 120 132 127 134 128 141 126 120 120 132 127 134 128 141 126 120 120 132 127 134 128 141 126 120 120 132 127 134 128 141 126 120 120 132 127 134 128 141 126 120 120 132 127 134 128 141 126 120 120 132 127 134 128 141 126 120 120 132 127 134 128 141 126 120 120 132 127 134 128 141 
109 109 102 121 114 114 124 117 109 109 102 121 114 114 124 117 109 109 102 121 114 114 124 117 109 109 102 121 114 114 124 117 109 109 102 121 114 114 124 117 109 109 102 121 114 114 124 117 109 109 102 121 114 114 124 117 109 109 102 121 114 114 124 117 109 109 102 121 114 114 124 117 109 109 102 121 114 114 124 117 
118 119 129 127 132 117 120 123 118 119 129 127 132 117 120 123 118 119 129 127 132 117 120 123 118 119 129 127 132 117 120 123 118 119 129 127 132 117 120 123 118 119 129 127 132 117 120 123 118 119 129 127 132 117 120 123 118 119 129 127 132 117 120 123 118 119 129 127 132 117 120 123 118 119 129 127 132 117 120 123 
133 141 141 145 133 112 133 115 133 141 141 145 133 112 133 115 133 141 141 145 133 112 133 115 133 141 141 145 133 112 133 115 133 141 141 145 133 112 133 115 133 141 141 145 133 112 133 115 133 141 141 145 133 112 133 115 133 141 141 145 133 112 133 115 133 141 141 145 133 112 133 115 133 141 141 145 133 112 133 115 
151 143 124 144 130 128 125 122 151 143 124 144 130 128 125 122 151 143 124 144 130 128 125 122 151 143 124 144 130 128 125 122 151 143 124 144 130 128 125 122 151 143 124 144 130 128 125 122 151 143 124 144 130 128 125 122 151 143 124 144 130 128 125 122 151 143 124 144 130 128 125 122 151 143 124 144 130 128 125 122 
142 121 157 172 141 140 145 147 142 121 157 172 141 140 145 147 142 121 157 172 141 140 145 147 142 121 157 172 141 140 145 147 142 121 157 172 141 140 145 147 142 121 157 172 141 140 145 147 142 121 157 172 141 140 145 147 142 121 157 172 141 140 145 147 142 121 157 172 141 140 145 147 142 121 157 172 141 140 145 147 
116 124 126 126 124 130 129 118 116 124 126 126 124 130 129 118 116 124 126 126 124 130 129 118 116 124 126 126 124 130 129 118 116 124 126 126 124 130 129 118 116 124 126 126 124 130 129 118 116 124 126 126 124 130 129 118 116 124 126 126 124 130 129 118 116 124 126 126 124 130 129 118 116 124 126 126 124 130 129 118 
131 105 110 128 131 142 142 120 131 105 110 128 131 142 142 120 131 105 110 128 131 142 142 120 131 105 110 128 131 142 142 120 131 105 110 128 131 142 142 120 131 105 110 128 131 142 142 120 131 105 110 128 131 142 142 120 131 105 110 128 131 142 142 120 131 105 110 128 131 142 142 120 131 105 110 128 131 142 142 120 
126 120 120 132 127 134 128 141 126 120 120 132 127 134 128 141 126 120 120 132 127 134 128 141 126 120 120 132 127 134 128 141 126 120 120 132 127 134 128 141 126 120 120 132 127 134 128 141 126 120 120 132 127 134 128 141 126 120 120 132 127 134 128 141 126 120 120 132 127 134 128 141 126 120 120 132 127 134 128 141 
109 109 102 121 114 114 124 117 109 109 102 121 114 114 124 117 109 109 102 121 114 114 124 117 109 109 102 121 114 114 124 117 109 109 102 121 114 114 124 117 109 109 102 121 114 114 124 117 109 109 102 121 114 114 124 117 109 109 102 121 114 114 124 117 109 109 102 121 114 114 124 117 109 109 102 121 114 114 124 117 
118 119 129 127 132 117 120 123 118 119 129 127 132 117 120 123 118 119 129 127 132 117 120 123 118 119 129 127 132 117 120 123 118 119 129 127 132 117 120 123 118 119 129 127 132 117 120 123 118 119 129 127 132 117 120 123 118 119 129 127 132 117 120 123 118 119 129 127 132 117 120 123 118 119 129 127 132 117 120 123 
133 141 141 145 133 112 133 115 133 141 141 145 133 112 133 115 133 141 141 145 133 112 133 115 133 141 141 145 133 112 133 115 133 141 141 145 133 112 133 115 133 141 141 145 133 112 133 115 133 141 141 145 133 112 133 115 133 141 141 145 133 112 133 115 133 141 141 145 133 112 133 115 133 141 141 145 133 112 133 115 
151 143 124 144 130 128 125 122 151 143 124 144 130 128 125 122 151 143 124 144 130 128 125 122 151 143 124 144 130 128 125 122 151 143 124 144 130 128 125 122 151 143 124 144 130 128 125 122 151 143 124 144 130 128 125 122 151 143 124 144 130 128 125 122 151 143 124 144 130 128 125 122 151 143 124 144 130 128 125 122 
142 121 157 172 141 140 145 147 142 121 157 172 141 140 145 147 142 121 157 172 141 140 145 147 142 121 157 172 141 140 145 147 142 121 157 172 141 140 145 147 142 121 157 172 141 140 145 147 142 121 157 172 141 140 145 147 142 121 157 172 141 140 145 147 142 121 157 172 141 140 145 147 142 121 157 172 141 140 145 147 
116 124 126 126 124 130 129 118 116 124 126 126 124 130 129 118 116 124 126 126 124 130 129 118 116 124 126 126 124 130 129 118 116 124 126 126 124 130 129 118 116 124 126 126 124 130 129 118 116 124 126 126 124 130 129 118 116 124 126 126 124 130 129 118 116 124 126 126 124 130 129 118 116 124 126 126 124 130 129 118 
131 105 110 128 131 142 142 120 131 105 110 128 131 142 142 120 131 105 110 128 131 142 142 120 131 105 110 128 131 142 142 120 131 105 110 128 131 142 142 120 131 105 110 128 131 142 142 120 131 105 110 128 131 142 142 120 131 105 110 128 131 142 142 120 131 105 110 128 131 142 142 120 131 105 110 128 131 142 142 120 
126 120 120 132 127 134 128 141 126 120 120 132 127 134 128 141 126 120 120 132 127 134 128 141 126 120 120 132 127 134 128 141 126 120 120 132 127 134 128 141 126 120 120 132 127 134 128 141 126 120 120 132 127 134 128 141 126 120 120 132 127 134 128 141 126 120 120 132 127 134 128 141 126 120 120 132 127 134 128 141 
109 109 102 121 114 114 124 117 109 109 102 121 114 114 124 117 109 109 102 121 114 114 124 117 109 109 102 121 114 114 124 117 109 109 102 121 114 114 124 117 109 109 102 121 114 114 124 117 109 109 102 121 114 114 124 117 109 109 102 121 114 114 124 117 109 109 102 121 114 114 124 117 109 109 102 121 114 114 124 117 
118 119 129 127 132 117 120 123 118 119 129 127 132 117 120 123 118 119 129 127 132 117 120 123 118 119 129 127 132 117 120 123 118 119 129 127 132 117 120 123 118 119 129 127 132 117 120 123 118 119 129 127 132 117 120 123 118 119 129 127 132 117 120 123 118 119 129 127 132 117 120 123 118 119 129 127 132 117 120 123 
133 141 141 145 133 112 133 115 133 141 141 145 133 112 133 115 133 141 141 145 133 112 133 115 133 141 141 145 133 112 133 115 133 141 141 145 133 112 133 115 133 141 141 145 133 112 133 115 133 141 141 145 133 112 133 115 133 141 141 145 133 112 133 115 133 141 141 145 133 112 133 115 133 141 141 145 133 112 133 115 
151 143 124 144 130 128 125 122 151 143 124 144 130 128 125 122 151 143 124 144 130 128 125 122 151 143 124 144 130 128 125 122 151 143 124 144 130 128 125 122 151 143 124 144 130 128 125 122 151 143 124 144 130 128 125 122 151 143 124 144 130 128 125 122 151 143 124 144 130 128 125 122 151 143 124 144 130 128 125 122 
142 121 157 172 141 140 145 147 142 121 157 172 141 140 145 147 142 121 157 172 141 140 145 147 142 121 157 172 141 140 145 147 142 121 157 172 141 140 145 147 142 121 157 172 141 140 145 147 142 121 157 172 141 140 145 147 142 121 157 172 141 140 145 147 142 121 157 172 141 140 145 147 142 121 157 172 141 140 145 147 
116 124 126 126 124 130 129 118 116 124 126 126 124 130 129 118 116 124 126 126 124 130 129 118 116 124 126 126 124 130 129 118 116 124 126 126 124 130 129 118 116 124 126 126 124 130 129 118 116 124 126 126 124 130 129 118 116 124 126 126 124 130 129 118 116 124 126 126 124 130 129 118 116 124 126 126 124 130 129 118 
131 105 110 128 131 142 142 120 131 105 110 128 131 142 142 120 131 105 110 128 131 142 142 120 131 105 110 128 131 142 142 120 131 105 110 128 131 142 142 120 131 105 110 128 131 142 142 120 131 105 110 128 131 142 142 120 131 105 110 128 131 142 142 120 131 105 110 128 131 142 142 120 131 105 110 128 131 142 142 120 
126 120 120 132 127 134 128 141 126 120 120 132 127 134 128 141 126 120 120 132 127 134 128 141 126 120 120 132 127 134 128 141 126 120 120 132 127 134 128 141 126 120 120 132 127 134 128 141 126 120 120 132 127 134 128 141 126 120 120 132 127 134 128 141 126 120 120 132 127 134 128 141 126 120 120 132 127 134 128 141 
109 109 102 121 114 114 124 117 109 109 102 121 114 114 124 117 109 109 102 121 114 114 124 117 109 109 102 121 114 114 124 117 109 109 102 121 114 114 124 117 109 109 102 121 114 114 124 117 109 109 102 121 114 114 124 117 109 109 102 121 114 114 124 117 109 109 102 121 114 114 124 117 109 109 102 121 114 114 124 117 
118 119 129 127 132 117 120 123 118 119 129 127 132 117 120 123 118 119 129 127 132 117 120 123 118 119 129 127 132 117 120 123 118 119 129 127 132 117 120 123 118 119 129 127 132 117 120 123 118 119 129 127 132 117 120 123 118 119 129 127 132 117 120 123 118 119 129 127 132 117 120 123 118 119 129 127 132 117 120 123 
133 141 141 145 133 112 133 115 133 141 141 145 133 112 133 115 133 141 141 145 133 112 133 115 133 141 141 145 133 112 133 115 133 141 141 145 133 112 133 115 133 141 141 145 133 112 133 115 133 141 141 145 133 112 133 115 133 141 141 145 133 112 133 115 133 141 141 145 133 112 133 115 133 141 141 145 133 112 133 115 
151 143 124 144 130 128 125 122 151 143 124 144 130 128 125 122 151 143 124 144 130 128 125 122 151 143 124 144 130 128 125 122 151 143 124 144 130 128 125 122 151 143 124 144 130 128 125 122 151 143 124 144 130 128 125 122 151 143 124 144 130 128 125 122 151 143 124 144 130 128 125 122 151 143 124 144 130 128 125 122 
142 121 157 172 141 140 145 147 142 121 157 172 141 140 145 147 142 121 157 172 141 140 145 147 142 121 157 172 141 140 145 147 142 121 157 172 141 140 145 147 142 121 157 172 141 140 145 147 142 121 157 172 141 140 145 147 142 121 157 172 141 140 145 147 142 121 157 172 141 140 145 147 142 121 157 172 141 140 145 147 
116 124 126 126 124 130 129 118 116 124 126 126 124 130 129 118 116 124 126 126 124 130 129 118 116 124 126 126 124 130 129 118 116 124 126 126 124 130 129 118 116 124 126 126 124 130 129 118 116 124 126 126 124 130 129 118 116 124 126 126 124 130 129 118 116 124 126 126 124 130 129 118 116 124 126 126 124 130 129 118 
131 105 110 128 131 142 142 120 131 105 110 128 131 142 142 120 131 105 110 128 131 142 142 120 131 105 110 128 131 142 142 120 131 105 110 128 131 142 142 120 131 105 110 128 131 142 142 120 131 105 110 128 131 142 142 120 131 105 110 128 131 142 142 120 131 105 110 128 131 142 142 120 131 105 110 128 131 142 142 120 
126 120 120 132 127 134 128 141 126 120 120 132 127 134 128 141 126 120 120 132 127 134 128 141 126 120 120 132 127 134 128 141 126 120 120 132 127 134 128 141 126 120 120 132 127 134 128 141 126 120 120 132 127 134 128 141 126 120 120 132 127 134 128 141 126 120 120 132 127 134 128 141 126 120 120 132 127 134 128 141 
109 109 102 121 114 114 124 117 109 109 102 121 114 114 124 117 109 109 102 121 114 114 124 117 109 109 102 121 114 114 124 117 109 109 102 121 114 114 124 117 109 109 102 121 114 114 124 117 109 109 102 121 114 114 124 117 109 109 102 121 114 114 124 117 109 109 102 121 114 114 124 117 109 109 102 121 114 114 124 117 
118 119 129 127 132 117 120 123 118 119 129 127 132 117 120 123 118 119 129 127 132 117 120 123 118 119 129 127 132 117 120 123 118 119 129 127 132 117 120 123 118 119 129 127 132 117 120 123 118 119 129 127 132 117 120 123 118 119 129 127 132 117 120 123 118 119 129 127 132 117 120 123 118 119 129 127 132 117 120 123 
133 141 141 145 133 112 133 115 133 141 141 145 133 112 133 115 133 141 141 145 133 112 133 115 133 141 141 145 133 112 133 115 133 141 141 145 133 112 133 115 133 141 141 145 133 112 133 115 133 141 141 145 133 112 133 115 133 141 141 145 133 112 133 115 133 141 141 145 133 112 133 115 133 141 141 145 133 112 133 115 
151 143 124 144 130 128 125 122 151 143 124 144 130 128 125 122 151 143 124 144 130 128 125 122 151 143 124 144 130 128 125 122 151 143 124 144 130 128 125 122 151 143 124 144 130 128 125 122 151 143 124 144 130 128 125 122 151 143 124 144 130 128 125 122 151 143 124 144 130 128 125 122 151 143 124 144 130 128 125 122 
142 121 157 172 141 140 145 147 142 121 157 172 141 140 145 147 142 121 157 172 141 140 145 147 142 121 157 172 141 140 145 147 142 121 157 172 141 140 145 147 142 121 157 172 141 140 145 147 142 121 157 172 141 140 145 147 142 121 157 172 141 140 145 147 142 121 157 172 141 140 145 147 142 121 157 172 141 140 145 147 
116 124 126 126 124 130 129 118 116 124 126 126 124 130 129 118 116 124 126 126 124 130 129 118 116 124 126 126 124 130 129 118 116 124 126 126 124 130 129 118 116 124 126 126 124 130 129 118 116 124 126 126 124 130 129 118 116 124 126 126 124 130 129 118 116 124 126 126 124 130 129 118 116 124 126 126 124 130 129 118 
131 105 110 128 131 142 142 120 131 105 110 128 131 142 142 120 131 105 110 128 131 142 142 120 131 105 110 128 131 142 142 120 131 105 110 128 131 142 142 120 131 105 110 128 131 142 142 120 131 105 110 128 131 142 142 120 131 105 110 128 131 142 142 120 131 105 110 128 131 142 142 120 131 105 110 128 131 142 142 120 
126 120 120 132 127 134 128 141 126 120 120 132 127 134 128 141 126 120 120 132 127 134 128 141 126 120 120 132 127 134 128 141 126 120 120 132 127 134 128 141 126 120 120 132 127 134 128 141 126 120 120 132 127 134 128 141 126 120 120 132 127 134 128 141 126 120 120 132 127 134 128 141 126 120 120 132 127 134 128 141 
109 109 102 121 114 114 124 117 109 109 102 121 114 114 124 117 109 109 102 121 114 114 124 117 109 109 102 121 114 114 124 117 109 109 102 121 114 114 124 117 109 109 102 121 114 114 124 117 109 109 102 121 114 114 124 117 109 109 102 121 114 114 124 117 109 109 102 121 114 114 124 117 109 109 102 121 114 114 124 117 
118 119 129 127 132 117 120 123 118 119 129 127 132 117 120 123 118 119 129 127 132 117 120 123 118 119 129 127 132 117 120 123 118 119 129 127 132 117 120 123 118 119 129 127 132 117 120 123 118 119 129 127 132 117 120 123 118 119 129 127 132 117 120 123 118 119 129 127 132 117 120 123 118 119 129 127 132 117 120 123 
133 141 141 145 133 112 133 115 133 141 141 145 133 112 133 115 133 141 141 145 133 112 133 115 133 141 141 145 133 112 133 115 133 141 141 145 133 112 133 115 133 141 141 145 133 112 133 115 133 141 141 145 133 112 133 115 133 141 141 145 133 112 133 115 133 141 141 145 133 112 133 115 133 141 141 145 133 112 133 115 
151 143 124 144 130 128 125 122 151 143 124 144 130 128 125 122 151 143 124 144 130 128 125 122 151 143 124 144 130 128 125 122 151 143 124 144 130 128 125 122 151 143 124 144 130 128 125 122 151 143 124 144 130 128 125 122 151 143 124 144 130 128 125 122 151 143 124 144 130 128 125 122 151 143 124 144 130 128 125 122 
142 121 157 172 141 140 145 147 142 121 157 172 141 140 145 147 142 121 157 172 141 140 145 147 142 121 157 172 141 140 145 147 142 121 157 172 141 140 145 147 142 121 157 172 141 140 145 147 142 121 157 172 141 140 145 147 142 121 157 172 141 140 145 147 142 121 157 172 141 140 145 147 142 121 157 172 141 140 145 147 
116 124 126 126 124 130 129 118 116 124 126 126 124 130 129 118 116 124 126 126 124 130 129 118 116 124 126 126 124 130 129 118 116 124 126 126 124 130 129 118 116 124 126 126 124 130 129 118 116 124 126 126 124 130 129 118 116 124 126 126 124 130 129 118 116 124 126 126 124 130 129 118 116 124 126 126 124 130 129 118 
131 105 110 128 131 142 142 120 131 105 110 128 131 142 142 120 131 105 110 128 131 142 142 120 131 105 110 128 131 142 142 120 131 105 110 128 131 142 142 120 131 105 110 128 131 142 142 120 131 105 110 128 131 142 142 120 131 105 110 128 131 142 142 120 131 105 110 128 131 142 142 120 131 105 110 128 131 142 142 120 
126 120 120 132 127 134 128 141 126 120 120 132 127 134 128 141 126 120 120 132 127 134 128 141 126 120 120 132 127 134 128 141 126 120 120 132 127 134 128 141 126 120 120 132 127 134 128 141 126 120 120 132 127 134 128 141 126 120 120 132 127 134 128 141 126 120 120 132 127 134 128 141 126 120 120 132 127 134 128 141 
109 109 102 121 114 114 124 117 109 109 102 121 114 114 124 117 109 109 102 121 114 114 124 117 109 109 102 121 114 114 124 117 109 109 102 121 114 114 124 117 109 109 102 121 114 114 124 117 109 109 102 121 114 114 124 117 109 109 102 121 114 114 124 117 109 109 102 121 114 114 124 117 109 109 102 121 114 114 124 117 
118 119 129 127 132 117 120 123 118 119 129 127 132 117 120 123 118 119 129 127 132 117 120 123 118 119 129 127 132 117 120 123 118 119 129 127 132 117 120 123 118 119 129 127 132 117 120 123 118 119 129 127 132 117 120 123 118 119 129 127 132 117 120 123 118 119 129 127 132 117 120 123 118 119 129 127 132 117 120 123 
133 141 141 145 133 112 133 115 133 141 141 145 133 112 133 115 133 141 141 145 133 112 133 115 133 141 141 145 133 112 133 115 133 141 141 145 133 112 133 115 133 141 141 145 133 112 133 115 133 141 141 145 133 112 133 115 133 141 141 145 133 112 133 115 133 141 141 145 133 112 133 115 133 141 141 145 133 112 133 115 
151 143 124 144 130 128 125 122 151 143 124 144 130 128 125 122 151 143 124 144 130 128 125 122 151 143 124 144 130 128 125 122 151 143 124 144 130 128 125 122 151 143 124 144 130 128 125 122 151 143 124 144 130 128 125 122 151 143 124 144 130 128 125 122 151 143 124 144 130 128 125 122 151 143 124 144 130 128 125 122 
142 121 157 172 141 140 145 147 142 121 157 172 141 140 145 147 142 121 157 172 141 140 145 147 142 121 157 172 141 140 145 147 142 121 157 172 141 140 145 147 142 121 157 172 141 140 145 147 142 121 157 172 141 140 145 147 142 121 157 172 141 140 145 147 142 121 157 172 141 140 145 147 142 121 157 172 141 140 145 147 
