0 0 0 1 2 0 0 0 1 1 3 1 0 0 1 1 1 2 2 0 2 1 0 1 0 1 0 0 1 1 2 1 0 0 0 0 0 0 1 2 1 1 1 1 0 0 0 0 0 0 0 2 2 1 1 1 1 1 1 1 1 0 0 1 1 0 0 0 0 0 0 0 1 2 3 1 0 0 1 1 
0 0 0 1 2 0 0 0 1 1 3 2 0 0 1 2 1 0 0 0 2 1 0 1 0 1 0 0 1 1 2 1 0 0 0 0 0 0 1 2 1 2 1 0 0 0 0 0 0 0 0 2 2 1 1 1 1 1 1 2 0 0 0 1 1 0 0 0 0 0 0 0 1 3 4 0 0 0 0 1 
0 0 0 1 1 0 0 0 0 1 2 1 0 0 1 1 1 0 0 1 1 1 0 0 0 0 0 0 1 1 1 0 0 0 0 0 0 0 1 1 1 1 1 0 0 0 0 0 0 0 0 1 1 1 1 1 0 0 1 1 0 0 0 1 1 0 0 0 0 0 0 0 0 2 3 0 0 0 0 0 
0 0 0 1 1 0 0 0 0 0 0 0 0 0 1 0 0 0 0 1 0 1 0 0 0 0 0 0 1 1 0 0 0 0 0 0 0 0 0 0 1 1 1 0 0 0 1 0 0 0 0 1 1 1 1 0 0 0 0 0 0 0 0 1 2 0 1 0 0 0 0 0 0 1 2 0 0 0 0 0 
0 0 0 1 1 0 0 0 0 0 0 0 0 0 1 0 0 1 1 1 0 0 0 0 0 0 1 1 1 1 0 0 0 0 0 0 0 0 1 0 1 1 0 0 0 0 1 1 0 0 1 1 1 1 1 0 0 0 0 0 0 0 1 1 2 0 0 0 0 1 0 0 0 0 1 0 0 0 0 0 
0 0 0 1 1 0 1 1 0 0 0 0 0 0 0 0 0 2 3 0 0 0 0 0 0 0 1 1 0 0 1 0 0 0 0 0 0 1 1 1 1 1 0 0 0 0 1 1 0 0 1 1 1 1 0 0 0 0 0 0 0 1 1 1 1 0 0 0 0 1 0 0 0 0 1 1 0 0 0 1 
0 0 0 0 1 0 1 1 1 0 0 1 0 0 0 0 0 3 4 0 0 0 0 0 0 0 2 1 0 0 1 0 0 0 0 0 0 1 2 1 1 0 0 0 0 0 1 1 1 0 2 1 0 1 0 0 1 0 0 0 0 1 1 1 1 0 0 0 1 2 0 0 0 0 0 1 0 0 0 1 
0 0 0 0 0 0 1 1 0 0 0 0 0 0 0 0 0 4 5 0 0 1 1 1 1 0 1 1 0 0 0 1 1 0 0 0 0 1 1 0 0 0 0 0 0 0 1 1 0 0 1 0 0 0 0 0 0 0 0 0 0 1 1 1 1 1 1 0 0 1 0 0 0 0 0 0 0 0 0 0 
0 0 0 0 0 0 0 0 0 0 0 0 0 1 1 0 0 5 7 1 0 1 2 2 2 0 0 0 0 0 0 2 1 0 0 0 0 1 1 0 0 1 0 0 1 1 0 0 0 0 1 0 0 0 0 0 0 0 0 0 0 0 1 1 2 1 2 1 0 0 0 0 0 0 1 0 0 0 0 0 
0 0 0 0 0 0 0 0 0 0 0 0 0 1 1 0 0 4 6 1 0 2 3 3 2 0 0 0 0 0 1 2 1 0 0 0 0 1 0 0 0 1 1 1 1 1 0 0 0 0 1 0 0 1 0 0 0 0 0 0 0 0 0 1 1 1 1 1 0 0 0 0 0 0 1 0 0 0 1 2 
0 0 0 1 1 0 0 0 0 1 1 0 0 0 0 0 0 2 3 0 1 2 4 4 1 0 0 0 0 0 3 2 1 0 1 0 1 1 0 0 0 1 1 1 0 0 1 1 0 0 0 0 1 2 1 0 0 0 0 0 0 0 0 0 1 0 1 0 0 0 0 0 0 0 1 0 0 0 1 4 
1 0 0 1 1 0 0 0 0 1 1 0 0 0 0 0 0 1 1 0 1 3 5 4 1 0 0 0 0 1 4 2 0 0 1 0 1 1 0 0 0 1 1 1 0 0 1 1 1 0 0 0 1 2 1 0 0 0 0 0 0 0 0 0 0 0 0 0 0 0 0 1 0 0 1 0 1 1 2 6 
0 0 0 0 0 0 0 0 0 1 1 0 0 0 0 0 0 0 1 0 1 3 5 4 1 0 0 1 1 1 2 1 0 1 2 0 1 1 0 0 0 0 1 1 1 0 1 1 0 1 1 0 1 1 0 0 0 0 0 0 1 0 0 0 0 0 1 1 0 0 1 1 0 0 0 0 1 1 1 3 
0 0 0 0 0 0 0 0 0 1 0 1 0 56 0 1 0 0 0 76 1 4 5 3 1 0 1 2 2 2 1 1 0 1 3 0 0 1 1 0 1 0 1 1 2 0 1 1 0 1 2 1 0 0 0 0 0 0 0 0 2 1 0 1 0 0 2 1 0 0 2 1 0 0 0 0 1 1 0 1 
1 0 0 0 0 0 0 0 1 1 0 1 0 80 20 2 1 0 0 66 1 4 4 2 1 0 1 1 2 1 0 1 0 1 2 0 0 0 0 0 1 0 0 1 2 0 1 0 0 1 3 1 0 0 1 0 1 1 0 0 2 1 0 1 0 0 2 2 1 0 2 1 0 0 0 0 1 1 1 2 
2 1 1 1 0 0 0 0 1 1 1 0 0 0 38 3 2 1 57 55 0 3 3 1 0 1 0 1 1 1 1 0 0 0 1 0 0 0 0 0 0 0 0 1 1 1 0 0 1 1 4 1 0 0 1 1 3 2 0 1 2 1 0 1 1 0 1 2 1 0 2 1 0 0 0 0 1 1 2 4 
2 1 1 1 0 0 0 0 1 1 1 0 0 0 46 20 2 78 60 45 0 2 2 1 0 1 0 0 0 0 1 0 0 0 0 0 0 0 0 0 0 0 0 0 1 1 0 0 1 1 5 2 0 1 2 1 4 2 0 1 2 1 1 1 1 0 1 2 2 0 2 1 0 0 0 0 1 1 2 5 
1 1 1 1 1 0 0 0 1 1 1 1 0 0 53 33 2 80 63 42 0 1 1 1 1 1 0 0 0 0 0 0 0 0 0 0 0 0 0 0 0 1 1 1 1 1 1 0 0 0 3 1 0 0 1 1 2 1 0 1 1 0 1 2 1 0 1 2 2 0 1 0 0 0 0 0 0 1 2 3 
0 0 0 1 2 0 1 0 0 1 0 1 1 0 60 43 81 82 68 40 30 0 1 1 2 2 1 0 1 1 0 0 0 0 1 1 0 0 0 0 0 2 2 2 2 1 1 0 0 0 1 1 0 0 0 1 1 1 0 0 0 0 2 4 1 0 2 2 1 0 0 0 0 0 0 1 0 1 2 1 
0 0 0 1 2 1 1 0 0 1 0 1 1 0 66 52 79 83 78 40 10 0 1 1 1 1 1 0 1 1 0 0 0 1 1 1 1 0 0 0 0 2 2 2 1 1 1 0 0 0 0 0 0 0 0 1 1 1 1 1 0 0 2 3 1 0 2 2 1 0 0 0 0 0 0 2 1 1 1 0 
0 0 0 1 3 2 1 0 0 0 0 0 0 0 69 56 77 81 83 41 10 0 1 1 1 1 1 0 1 1 0 0 1 1 0 1 1 1 0 0 0 1 2 2 1 0 0 0 0 0 0 0 0 0 0 0 0 1 2 2 0 0 1 2 2 0 2 1 1 1 1 0 0 0 1 3 1 1 1 1 
0 0 0 1 3 2 1 0 0 0 0 0 0 0 0 61 76 80 80 41 10 1 1 1 0 0 1 0 0 1 0 0 1 1 0 1 2 1 0 0 0 1 1 1 0 0 0 0 0 0 0 0 0 0 0 1 0 1 2 3 0 1 1 1 2 0 2 1 0 1 1 0 0 1 2 3 2 1 1 1 
0 0 0 1 2 1 1 0 0 0 0 0 1 1 1 66 76 80 78 41 9 3 3 1 0 0 0 0 0 0 0 0 1 1 0 1 1 0 0 0 0 0 1 1 0 0 0 0 0 1 1 1 0 0 0 4 1 1 2 2 1 1 1 1 1 1 2 2 1 0 0 0 1 2 3 3 1 0 1 2 
0 0 0 1 1 0 1 1 1 0 0 1 1 2 2 70 78 81 74 40 9 6 5 1 0 0 0 0 0 0 0 0 1 1 0 1 0 0 0 0 0 0 0 0 0 1 0 0 1 3 2 1 0 0 1 7 2 1 1 1 1 1 1 0 0 1 3 3 1 0 0 1 2 4 4 2 0 0 1 3 
0 1 1 1 1 0 0 1 1 0 0 0 1 1 1 74 79 81 68 41 9 5 4 0 0 1 2 2 0 0 0 0 0 0 0 1 0 0 0 0 0 0 0 1 0 1 0 1 1 2 1 1 0 0 2 6 2 0 1 1 1 1 1 1 2 1 2 2 1 0 0 1 2 3 4 1 0 0 1 2 
0 2 2 1 1 0 0 0 0 1 0 0 0 1 1 73 78 80 80 80 80 80 80 80 80 80 80 80 80 80 80 80 80 80 80 80 80 80 80 80 80 80 80 80 80 80 80 80 80 80 80 80 80 80 80 80 80 80 80 80 80 80 80 80 80 80 80 80 80 80 80 80 80 80 80 80 80 80 80 80 
1 1 0 0 45 74 77 67 45 50 47 2 0 0 1 2 3 1 1 0 0 0 1 0 0 0 0 0 0 0 0 0 1 0 0 0 0 1 0 0 0 1 1 2 1 0 0 0 0 2 2 2 2 3 2 0 0 0 0 1 1 1 1 1 1 1 0 0 0 0 3 5 4 1 0 0 1 2 0 0 
2 2 1 1 54 82 77 65 101 96 85 50 0 0 0 0 1 1 1 0 0 0 1 0 0 0 0 0 1 0 0 0 0 0 0 0 0 0 1 1 1 1 1 1 0 0 0 0 0 2 3 2 2 1 0 0 1 1 1 1 1 0 0 0 2 1 1 1 1 5 13 4 4 1 0 0 1 1 0 0 
4 5 2 1 54 81 75 63 130 99 60 34 1 1 0 0 0 0 2 1 0 0 1 0 0 0 0 130 194 191 189 62 0 0 1 1 0 0 0 1 1 1 1 1 1 1 0 0 0 2 3 2 1 0 0 0 1 1 1 1 1 1 0 0 1 2 1 1 1 4 11 2 3 1 0 0 1 1 0 0 
6 8 3 0 54 80 73 62 47 25 53 30 1 1 0 0 0 0 3 2 1 1 1 1 1 0 0 130 193 191 188 63 0 0 2 1 0 0 0 1 1 0 0 0 1 1 0 0 0 1 1 2 1 1 0 0 1 1 1 1 1 2 1 0 0 1 1 1 1 3 9 0 1 1 0 0 0 0 0 0 
10 3 0 53 80 72 62 47 55 86 29 0 1 0 0 0 0 3 3 2 1 1 1 1 0 0 130 193 191 188 63 1 0 2 2 0 0 0 1 0 0 0 0 1 1 0 0 0 0 1 2 0 0 0 0 1 0 0 0 2 2 1 0 0 1 1 1 1 3 10 1 1 0 0 0 0 0 0 0 4 
5 2 0 53 79 71 61 47 27 47 34 2 1 0 0 1 1 2 2 1 1 1 0 0 0 0 130 193 190 188 63 1 0 1 1 0 0 0 1 0 0 1 1 1 1 0 0 0 0 2 2 0 0 0 0 1 1 1 0 0 1 0 0 0 1 2 2 0 4 11 1 0 0 0 0 0 0 0 0 0 
1 1 0 53 77 70 60 47 27 45 32 1 0 0 0 1 1 1 1 1 1 0 0 0 0 0 129 192 190 187 63 1 0 0 0 1 1 0 0 0 0 1 0 2 1 0 0 0 0 2 3 1 0 0 0 1 1 1 0 0 0 0 0 0 0 2 3 1 5 11 1 0 0 0 0 0 0 1 0 0 
0 0 0 50 73 70 70 70 70 70 70 70 70 70 70 70 70 70 70 70 70 70 70 70 70 70 70 70 70 70 70 70 70 70 70 70 70 70 70 70 70 70 70 70 70 70 70 70 70 70 70 70 70 70 70 70 70 70 70 70 70 70 70 70 70 70 70 70 70 70 70 70 70 70 70 70 70 70 70 70 
9 0 0 3 8 4 0 0 0 0 2 2 0 0 0 64 192 190 187 125 2 0 0 0 1 0 0 0 0 1 1 1 1 0 0 0 1 1 1 0 0 2 2 1 0 0 0 0 0 0 0 0 0 1 2 1 0 2 14 0 0 1 0 0 0 0 1 1 0 0 1 0 8 60 54 51 41 31 16 10 
9 0 0 3 5 2 0 0 0 0 1 1 0 0 0 65 192 190 187 124 1 0 0 0 0 0 0 1 1 1 1 1 1 0 0 0 1 2 1 0 0 1 1 0 0 0 0 0 1 1 1 1 0 2 1 0 0 2 12 0 0 1 1 0 0 0 1 1 0 0 1 1 6 51 49 40 24 28 18 11 
8 0 1 2 1 1 1 1 0 1 1 0 0 0 1 65 192 189 187 124 0 0 0 0 0 0 0 1 2 1 1 0 0 0 0 0 1 2 0 0 0 0 0 0 0 0 0 0 1 1 3 2 1 2 0 0 0 2 12 0 0 1 1 0 0 1 1 0 0 0 1 1 6 48 40 30 18 25 18 11 
8 0 0 1 0 0 0 0 0 1 1 0 0 0 0 64 191 189 187 124 0 0 0 0 0 0 0 1 1 0 0 0 0 0 0 0 1 2 0 0 0 0 0 0 0 0 0 0 1 1 2 2 1 2 0 1 4 6 15 15 0 1 1 0 0 2 1 0 0 0 1 0 0 3 22 24 16 23 14 9 
2 0 1 1 0 0 0 0 0 1 1 0 0 0 0 128 190 188 186 62 0 0 0 0 0 0 0 1 1 0 0 0 0 0 0 0 1 2 0 0 0 0 0 0 0 0 0 0 1 1 1 0 1 1 1 4 10 9 17 11 0 1 0 0 1 2 1 0 0 1 1 0 0 12 23 20 12 11 10 9 
0 0 1 0 0 0 0 0 1 1 0 0 0 0 64 191 188 186 123 0 0 0 0 0 0 0 1 1 0 0 0 0 0 0 0 1 2 1 1 1 0 0 0 0 0 0 0 0 0 0 0 0 0 0 3 9 13 19 17 0 0 1 0 0 1 1 0 0 0 0 0 0 0 1 10 14 9 9 9 1 
0 0 1 0 0 0 0 0 0 1 0 0 0 0 63 190 188 186 123 0 0 0 0 0 0 0 1 1 0 0 0 0 0 0 0 1 2 1 1 1 1 1 0 0 0 0 0 0 0 0 0 0 0 0 2 5 10 21 18 0 0 0 1 1 1 0 0 0 0 0 0 0 0 2 2 2 9 8 0 1 
0 0 0 1 0 0 0 0 0 1 0 0 0 0 63 190 188 186 123 0 0 0 0 0 0 0 1 2 0 0 0 0 0 1 1 2 3 1 1 2 2 1 0 0 0 0 0 0 0 0 0 0 0 0 0 1 5 21 19 0 0 1 1 1 1 0 0 0 0 0 0 0 0 1 1 1 0 0 0 0 
0 0 1 1 0 0 0 0 0 0 0 0 0 0 63 190 188 186 123 1 0 0 0 1 1 1 1 1 0 0 0 0 0 0 1 2 2 1 1 2 1 0 0 0 0 0 1 0 0 1 0 0 1 0 0 0 3 20 19 0 0 1 1 1 1 1 0 0 0 0 0 0 0 1 0 0 0 0 0 0 
0 0 1 0 0 0 0 0 0 0 0 0 0 0 127 189 186 185 62 1 0 0 1 1 1 1 1 0 0 0 0 0 0 0 1 1 0 0 1 2 1 0 0 0 0 0 0 0 0 1 1 2 1 1 0 0 7 22 13 0 0 1 1 1 1 1 0 0 0 0 0 0 0 0 0 0 0 0 0 0 
0 2 1 0 0 0 0 0 1 1 0 1 0 0 190 188 186 184 1 1 0 1 2 2 2 1 1 0 0 0 0 0 0 1 1 0 0 1 1 1 0 0 1 0 1 2 0 0 1 2 1 3 2 1 1 0 19 24 0 0 0 0 1 1 1 1 0 0 0 0 0 0 0 0 0 0 0 0 0 0 
1 1 0 0 1 0 0 0 1 1 0 0 0 0 190 188 186 184 0 1 0 0 1 1 1 0 0 1 1 0 0 0 0 1 2 1 1 1 1 1 0 0 0 0 1 1 1 0 0 1 1 2 1 0 0 0 19 25 26 0 0 0 1 1 1 2 0 0 0 0 0 0 0 0 0 0 0 0 0 0 
1 0 0 1 1 0 0 0 1 1 0 0 0 0 190 188 186 184 0 0 0 0 0 0 0 0 0 1 1 1 1 0 0 1 2 1 3 2 1 1 0 0 0 0 1 0 1 0 0 0 1 0 0 0 0 0 17 24 26 0 1 0 1 1 1 1 0 0 0 0 0 0 0 0 0 0 0 0 0 0 
1 0 0 1 1 0 0 0 1 1 0 0 1 1 190 188 186 184 0 0 0 0 0 0 0 0 0 1 1 1 1 2 1 1 2 1 2 1 1 1 0 1 1 1 1 0 1 0 0 0 1 0 0 0 0 0 14 21 26 1 1 1 1 1 0 1 1 0 0 0 0 0 0 0 0 0 0 1 1 0 
0 1 0 0 0 0 0 0 1 2 1 0 1 1 189 187 186 184 0 0 1 0 0 0 0 0 1 1 1 1 1 4 2 1 2 2 1 0 1 1 0 2 2 1 0 1 0 0 0 0 0 0 0 0 0 0 3 3 3 3 3 3 3 3 3 3 3 3 3 3 3 3 3 3 3 3 3 3 3 3 
1 1 1 0 0 1 0 0 0 1 0 0 0 0 0 1 1 0 0 0 2 1 1 1 1 1 0 0 0 0 0 1 1 0 0 0 0 0 0 0 1 1 0 0 0 1 11 11 11 11 11 11 11 11 11 11 11 11 11 11 11 11 11 11 11 11 11 11 11 11 11 11 11 11 11 11 11 11 11 11 
1 1 2 2 2 1 0 0 0 0 0 0 1 1 1 0 0 0 0 0 0 0 0 0 0 0 0 0 1 1 2 0 0 0 4 17 13 9 0 0 2 1 1 0 0 0 0 0 0 0 0 0 0 0 0 0 0 1 0 0 0 0 0 0 0 0 1 1 1 1 0 0 0 1 3 2 0 0 2 3 
2 2 3 3 2 1 0 0 0 0 0 1 1 1 1 0 0 0 0 2 1 0 0 0 0 0 0 0 1 1 0 0 0 0 9 20 16 12 6 1 1 1 1 0 0 0 0 0 0 0 0 0 0 0 0 0 0 1 0 0 0 0 0 0 0 0 1 1 1 0 0 0 0 3 3 1 0 1 4 3 
3 3 4 4 3 1 0 0 0 0 0 1 0 0 0 0 0 0 0 3 2 0 0 0 0 0 0 0 1 0 0 0 0 0 11 22 20 15 8 0 1 0 0 0 0 0 0 0 0 0 0 0 0 0 0 0 0 0 0 0 0 0 0 0 0 0 1 1 1 0 0 0 0 1 2 0 0 0 2 2 
2 2 3 2 2 2 2 0 0 0 0 0 0 0 0 0 0 0 0 1 1 0 0 0 0 0 0 0 0 0 0 0 0 0 13 25 22 17 17 17 17 17 17 17 17 17 17 17 17 17 17 17 17 17 17 17 17 17 17 17 17 17 17 17 17 17 17 17 17 17 17 17 17 17 17 17 17 17 17 17 
0 0 0 0 0 0 0 0 0 0 0 0 0 0 0 0 0 0 0 0 0 1 1 5 22 21 18 13 0 0 0 0 0 1 1 0 0 0 1 1 1 0 0 0 0 0 0 0 0 1 0 0 0 1 1 1 0 0 1 0 0 0 1 0 0 0 0 1 0 0 1 1 1 2 0 2 1 0 0 0 
0 0 0 0 0 1 0 0 0 0 0 0 0 0 0 0 1 0 0 0 0 1 0 3 19 17 16 14 0 0 0 0 0 1 1 0 0 0 1 1 1 0 0 0 0 0 0 0 0 1 0 0 0 0 2 1 0 0 1 1 0 0 1 0 0 0 0 1 0 0 0 0 2 2 0 0 1 0 0 0 
0 0 0 0 0 1 0 0 1 2 1 0 0 0 0 0 1 0 0 0 1 1 0 8 18 15 19 22 13 0 0 0 0 1 1 0 0 0 1 1 0 0 0 0 0 0 0 0 0 1 1 1 1 1 1 1 1 1 1 1 0 0 0 0 0 0 0 0 0 0 0 0 3 1 0 0 0 0 0 0 
0 0 0 0 1 1 1 1 1 6 4 0 0 0 0 1 1 0 0 2 1 1 0 19 20 21 23 25 1 0 0 0 0 0 0 0 0 0 2 1 0 0 1 0 0 0 0 0 0 1 1 2 1 0 0 1 1 1 1 1 0 0 0 0 0 0 0 0 0 0 0 1 4 0 0 0 0 0 0 0 
0 0 0 0 0 1 1 2 4 10 5 0 0 0 1 0 0 0 1 1 0 0 3 19 20 21 22 19 1 0 0 0 0 0 1 3 3 1 1 0 0 0 0 0 0 0 1 1 0 0 1 1 0 0 0 0 1 1 1 1 1 0 0 0 0 0 0 0 0 0 0 1 2 0 0 0 0 0 0 0 
2 1 0 0 0 0 1 1 6 7 2 0 0 1 1 0 0 0 1 1 0 0 7 19 20 21 22 14 1 1 1 1 0 0 4 8 3 1 0 0 0 0 0 0 0 0 3 1 0 0 0 1 1 0 0 0 1 2 1 1 2 0 0 0 0 0 0 0 0 0 0 0 0 0 0 0 0 0 0 2 
6 0 0 0 0 0 1 0 4 3 0 1 2 2 1 0 0 0 1 0 0 0 18 19 20 22 22 23 1 1 1 2 0 0 8 12 2 2 0 0 0 1 0 0 0 2 5 1 0 0 0 1 1 0 0 1 2 3 2 2 3 0 2 1 0 0 0 0 0 0 0 0 0 0 0 1 0 0 0 5 
5 0 0 0 0 0 0 0 0 0 1 1 3 2 0 0 0 0 0 0 0 2 18 19 21 22 23 24 19 1 1 1 0 1 5 5 1 2 0 0 0 0 0 1 1 1 2 0 0 0 0 1 0 0 0 1 2 2 2 2 1 2 4 1 0 0 0 0 0 0 0 0 0 0 0 1 1 1 1 4 
6 2 1 1 0 0 0 0 0 1 1 3 3 1 0 0 0 0 1 1 0 5 18 19 21 22 23 25 25 14 0 0 1 1 1 1 3 3 0 0 0 0 0 1 1 1 0 0 0 0 0 0 0 0 0 1 1 2 2 1 1 7 6 1 0 0 0 0 0 0 0 0 0 0 0 1 3 2 1 3 
1 2 1 0 0 0 1 3 2 3 6 2 0 0 0 0 2 3 2 2 16 19 20 21 23 24 24 24 19 0 1 1 0 0 1 3 0 0 0 0 0 2 2 1 0 0 0 0 1 1 0 0 0 1 1 1 2 1 1 3 7 2 0 0 0 0 0 0 0 0 0 0 0 0 2 2 0 1 5 6 
1 2 1 0 0 0 1 2 1 2 5 2 0 0 0 0 2 2 1 2 15 18 20 21 23 23 24 24 25 19 0 1 0 0 0 1 0 0 0 0 1 3 3 2 0 0 0 0 1 1 0 0 0 0 0 1 1 2 1 3 6 2 0 0 0 1 1 0 0 0 0 0 0 0 1 0 0 0 3 3 
1 1 0 0 0 1 1 1 0 2 2 1 0 0 0 1 1 1 0 14 17 19 20 22 23 23 23 24 25 25 2 1 0 0 0 1 1 1 0 0 3 4 3 0 0 0 1 2 3 1 0 0 0 0 0 1 2 2 2 6 2 0 1 0 1 2 1 1 0 0 1 1 0 0 0 0 0 1 2 0 
0 0 0 0 0 0 0 1 0 0 1 0 0 0 0 0 0 0 3 15 17 19 21 22 22 23 24 25 25 14 1 1 0 0 0 1 2 1 0 1 2 2 0 0 0 0 1 2 2 0 0 0 0 0 0 1 2 1 2 1 0 0 1 2 1 1 0 0 0 1 1 0 0 0 0 0 0 1 0 0 
0 0 0 0 0 0 2 6 3 1 1 1 0 0 0 0 0 0 2 14 16 18 20 21 21 22 23 24 25 24 13 1 1 0 0 2 4 1 0 0 0 0 0 0 0 1 1 2 3 1 0 0 0 0 0 1 2 1 1 0 0 1 2 2 1 0 0 0 0 2 2 0 0 1 0 0 1 0 0 0 
0 0 0 0 0 1 8 10 1 0 1 0 0 0 0 0 0 1 12 14 17 19 19 20 20 22 23 25 24 18 1 1 0 0 1 3 2 0 0 0 0 0 0 0 0 1 2 2 2 0 0 1 1 1 1 1 1 0 0 0 0 2 2 1 0 0 0 0 0 2 1 0 1 0 0 1 0 0 0 1 
1 0 0 0 0 4 12 2 0 1 1 0 1 0 0 0 0 1 1 1 1 1 1 1 1 1 1 1 1 1 1 1 1 1 1 1 1 1 1 1 1 1 1 1 1 1 1 1 1 1 1 1 1 1 1 1 1 1 1 1 1 1 1 1 1 1 1 1 1 1 1 1 1 1 1 1 1 1 1 1 
0 2 1 0 0 0 1 10 10 10 10 10 10 10 10 10 10 10 10 10 10 10 10 10 10 10 10 10 10 10 10 10 10 10 10 10 10 10 10 10 10 10 10 10 10 10 10 10 10 10 10 10 10 10 10 10 10 10 10 10 10 10 10 10 10 10 10 10 10 10 10 10 10 10 10 10 10 10 10 10 
14 15 15 17 19 20 19 18 16 13 11 0 1 3 2 0 0 0 0 0 0 0 0 0 1 1 0 0 0 0 0 0 0 0 1 1 1 1 1 0 0 0 0 1 0 0 0 1 1 1 0 0 0 1 1 1 2 0 0 1 1 0 0 0 0 0 0 0 1 1 1 0 0 0 1 2 2 2 2 2 
2 2 2 2 2 2 2 2 2 2 2 2 2 2 2 2 2 2 2 2 2 2 2 2 2 2 2 2 2 2 2 2 2 2 2 2 2 2 2 2 2 2 2 2 2 2 2 2 2 2 2 2 2 2 2 2 2 2 2 2 2 2 2 2 2 2 2 2 2 2 2 2 2 2 2 2 2 2 2 2 
2 2 2 2 2 2 2 2 2 2 2 2 2 2 2 2 2 2 2 2 2 2 2 2 2 2 2 2 2 2 2 2 2 2 2 2 2 2 2 2 2 2 2 2 2 2 2 2 2 2 2 2 2 2 2 2 2 2 2 2 2 2 2 2 2 2 2 2 2 2 2 2 2 2 2 2 2 2 2 2 
2 2 2 2 2 2 2 2 2 2 2 2 2 2 2 2 2 2 2 2 2 2 2 2 2 2 2 2 2 2 2 2 2 2 2 2 2 2 2 2 2 2 2 2 2 2 2 2 2 2 2 2 2 2 2 2 2 2 2 2 2 2 2 2 2 2 2 2 2 2 2 2 2 2 2 2 2 2 2 2 
2 2 2 2 2 2 2 2 2 2 2 2 2 2 2 2 2 2 2 2 2 2 2 2 2 2 2 2 2 2 2 2 2 2 2 2 2 2 2 2 2 2 2 2 2 2 2 2 2 2 2 2 2 2 2 2 2 2 2 2 2 2 2 2 2 2 2 2 2 2 2 2 2 2 2 2 2 2 2 2 
2 2 2 2 2 2 2 2 2 2 2 2 2 2 2 2 2 2 2 2 2 2 2 2 2 2 2 2 2 2 2 2 2 2 2 2 2 2 2 2 2 2 2 2 2 2 2 2 2 2 2 2 2 2 2 2 2 2 2 2 2 2 2 2 2 2 2 2 2 2 2 2 2 2 2 2 2 2 2 2 
2 2 2 2 2 2 2 2 2 2 2 2 2 2 2 2 2 2 2 2 2 2 2 2 2 2 2 2 2 2 2 2 2 2 2 2 2 2 2 2 2 2 2 2 2 2 2 2 2 2 2 2 2 2 2 2 2 2 2 2 2 2 2 2 2 2 2 2 2 2 2 2 2 2 2 2 2 2 2 2 
2 2 2 2 2 2 2 2 2 2 2 2 2 2 2 2 2 2 2 2 2 2 2 2 2 2 2 2 2 2 2 2 2 2 2 2 2 2 2 2 2 2 2 2 2 2 2 2 2 2 2 2 2 2 2 2 2 2 2 2 2 2 2 2 2 2 2 2 2 2 2 2 2 2 2 2 2 2 2 2 
2 2 2 2 2 2 2 2 2 2 2 2 2 2 2 2 2 2 2 2 2 2 2 2 2 2 2 2 2 2 2 2 2 2 2 2 2 2 2 2 2 2 2 2 2 2 2 2 2 2 2 2 2 2 2 2 2 2 2 2 2 2 2 2 2 2 2 2 2 2 2 2 2 2 2 2 2 2 2 2 
