0 0 0 1 2 0 0 0 1 1 3 1 0 0 1 1 1 2 2 0 2 1 0 1 0 1 0 0 1 1 2 1 0 0 0 0 0 0 1 2 1 1 1 1 0 0 0 0 0 0 0 2 2 1 1 1 1 1 1 1 1 0 0 1 1 0 0 0 0 0 0 0 1 2 3 1 0 0 1 1 
0 0 0 1 43 42 42 42 42 42 43 43 42 42 42 43 42 42 42 42 43 42 42 42 42 42 42 42 42 42 43 42 42 42 42 42 42 42 42 43 42 43 42 42 42 42 42 42 42 42 42 43 43 42 42 42 42 42 42 43 42 42 42 42 42 42 42 42 42 42 42 42 42 43 44 42 0 0 0 1 
0 0 0 1 42 42 42 42 42 42 43 42 42 42 42 42 42 42 42 42 42 42 42 42 42 42 42 42 42 42 42 42 42 42 42 42 42 42 42 42 42 42 42 42 42 42 42 42 42 42 42 42 42 42 42 42 42 42 42 42 42 42 42 42 42 42 42 42 42 42 42 42 42 43 43 42 0 0 0 0 
0 0 0 1 42 42 42 42 42 42 42 42 42 42 42 42 42 42 42 42 42 42 42 42 42 42 42 42 42 42 42 42 42 42 42 42 42 42 42 42 42 42 42 42 42 42 42 42 42 42 42 42 42 42 42 42 42 42 42 42 42 42 42 42 43 42 42 42 42 42 42 42 42 42 43 42 0 0 0 0 
0 0 0 1 42 42 42 42 42 42 42 42 42 42 42 42 42 42 42 42 42 42 42 42 42 42 42 42 42 42 42 42 42 42 42 42 42 42 42 42 42 42 42 42 42 42 42 42 42 42 42 42 42 42 42 42 42 42 42 42 42 42 42 42 43 42 42 42 42 42 42 42 42 42 42 42 0 0 0 0 
0 0 0 1 42 42 42 42 42 42 42 42 42 42 42 42 42 43 43 42 42 42 42 42 42 42 42 42 42 42 42 42 42 42 42 42 42 42 42 42 42 42 42 42 42 42 42 42 42 42 42 42 42 42 42 42 42 42 42 42 42 42 42 42 42 42 42 42 42 42 42 42 42 42 42 42 0 0 0 1 
0 0 0 0 42 42 42 42 42 42 42 42 42 42 42 42 42 43 44 42 42 42 42 42 42 42 43 42 42 42 42 42 42 42 42 42 42 42 43 42 42 42 42 42 42 42 42 42 42 42 43 42 42 42 42 42 42 42 42 42 42 42 42 42 42 42 42 42 42 43 42 42 42 42 42 42 0 0 0 1 
0 0 0 0 42 42 42 42 42 42 42 42 42 42 42 42 42 44 44 42 42 42 42 42 42 42 42 42 42 42 42 42 42 42 42 42 42 42 42 42 42 42 42 42 42 42 42 42 42 42 42 42 42 42 42 42 42 42 42 42 42 42 42 42 42 42 42 42 42 42 42 42 42 42 42 42 0 0 0 0 
0 0 0 0 42 42 42 42 42 42 42 42 42 42 42 42 42 44 45 42 42 42 43 43 43 42 42 42 42 42 42 43 42 42 42 42 42 42 42 42 42 42 42 42 42 42 42 42 42 42 42 42 42 42 42 42 42 42 42 42 42 42 42 42 43 42 43 42 42 42 42 42 42 42 42 42 0 0 0 0 
0 0 0 0 42 42 42 42 42 42 42 42 42 42 42 42 42 44 45 42 42 43 43 43 43 42 42 42 42 42 42 43 42 42 42 42 42 42 42 42 42 42 42 42 42 42 42 42 42 42 42 42 42 42 42 42 42 42 42 42 42 42 42 42 42 42 42 42 42 42 42 42 42 42 42 42 0 0 1 2 
0 0 0 1 42 42 42 42 42 42 42 42 42 42 42 42 42 43 43 42 42 43 44 44 42 42 42 42 42 42 43 43 42 42 42 42 42 42 42 42 42 42 42 42 42 42 42 42 42 42 42 42 42 43 42 42 42 42 42 42 42 42 42 42 42 42 42 42 42 42 42 42 42 42 42 42 0 0 1 4 
1 0 0 1 42 42 42 42 42 42 42 42 42 42 42 42 42 42 42 42 42 43 44 44 42 42 42 42 42 42 44 43 42 42 42 42 42 42 42 42 42 42 42 42 42 42 42 42 42 42 42 42 42 43 42 42 42 42 42 42 42 42 42 42 42 42 42 42 42 42 42 42 42 42 42 42 1 1 2 6 
0 0 0 0 42 42 42 42 42 42 42 42 42 42 42 42 42 42 42 42 42 43 44 44 42 42 42 42 42 42 43 42 42 42 43 42 42 42 42 42 42 42 42 42 42 42 42 42 42 42 42 42 42 42 42 42 42 42 42 42 42 42 42 42 42 42 42 42 42 42 42 42 42 42 42 42 1 1 1 3 
0 0 0 0 42 42 42 42 42 42 42 42 42 42 42 42 42 42 42 42 42 44 44 43 42 42 42 43 43 43 42 42 42 42 43 42 42 42 42 42 42 42 42 42 43 42 42 42 42 42 43 42 42 42 42 42 42 42 42 42 43 42 42 42 42 42 43 42 42 42 43 42 42 42 42 42 1 1 0 1 
1 0 0 0 42 42 42 42 42 42 42 42 42 42 42 43 42 42 42 42 42 44 44 43 42 42 42 42 43 42 42 42 42 42 43 42 42 42 42 42 42 42 42 42 43 42 42 42 42 42 43 42 42 42 42 42 42 42 42 42 43 42 42 42 42 42 43 43 42 42 43 42 42 42 42 42 1 1 1 2 
2 1 1 1 42 42 42 42 42 42 42 42 42 42 42 43 43 42 42 42 42 43 43 42 42 42 42 42 42 42 42 42 42 42 42 42 42 42 42 42 42 42 42 42 42 42 42 42 42 42 44 42 42 42 42 42 43 43 42 42 43 42 42 42 42 42 42 43 42 42 43 42 42 42 42 42 1 1 2 4 
2 1 1 1 42 42 42 42 42 42 42 42 42 42 42 44 43 42 42 42 42 43 43 42 42 42 42 42 42 42 42 42 42 42 42 42 42 42 42 42 42 42 42 42 42 42 42 42 42 42 44 43 42 42 43 42 44 43 42 42 43 42 42 42 42 42 42 43 43 42 43 42 42 42 42 42 1 1 2 5 
36 37 32 1 42 42 42 42 42 42 42 42 42 42 42 44 43 42 42 42 42 42 42 42 42 42 42 42 42 42 42 42 42 42 42 42 42 42 42 42 42 42 42 42 42 42 42 42 42 42 43 42 42 42 42 42 43 42 42 42 42 42 42 43 42 42 42 43 43 42 42 42 42 42 42 42 0 1 2 3 
35 35 34 33 58 59 42 42 42 42 42 42 42 42 42 44 43 42 42 42 42 42 42 42 43 43 42 42 42 42 42 42 42 42 42 42 42 42 42 42 42 43 43 43 43 42 42 42 42 42 42 42 42 42 42 42 42 42 42 42 42 42 43 44 42 42 43 43 42 42 42 42 42 42 42 42 0 1 2 255 
36 36 33 32 58 58 58 58 56 42 42 42 42 42 42 43 42 42 42 42 42 42 42 42 42 42 42 42 42 42 42 42 42 42 42 42 42 42 42 42 42 43 43 43 42 42 42 42 42 42 42 42 42 42 42 42 42 42 42 42 42 42 43 43 42 42 43 43 42 42 42 42 42 42 42 43 1 1 251 255 
26 28 33 70 58 58 57 57 56 56 51 42 42 42 43 43 42 42 42 42 42 42 42 42 42 42 42 42 42 42 42 42 42 42 42 42 42 42 42 42 42 43 43 43 42 42 42 42 42 42 42 42 42 42 42 42 42 43 43 43 42 42 43 43 43 43 43 42 42 42 42 42 42 42 43 1 111 222 253 98 
35 32 57 58 57 57 58 57 58 57 57 57 57 57 57 57 57 57 57 57 57 57 57 57 57 57 57 57 57 57 57 57 57 57 57 57 57 57 57 57 57 57 57 57 57 57 57 57 57 57 57 57 57 57 57 57 57 57 57 57 57 57 57 57 57 57 57 57 57 57 57 57 57 57 57 57 57 57 57 57 
59 59 57 52 43 42 42 42 44 45 43 42 42 42 42 42 42 42 42 42 42 42 42 42 42 42 42 42 42 42 42 42 42 42 42 42 43 43 43 42 42 42 44 44 43 42 42 42 42 42 42 42 42 43 43 43 42 42 42 43 44 44 43 0 96 212 252 107 50 50 49 79 64 63 62 61 61 61 60 59 
57 58 58 57 51 42 42 44 44 43 42 42 43 43 43 42 42 42 42 42 42 42 42 42 42 42 42 42 42 42 42 42 42 42 42 43 43 42 42 42 43 44 44 43 42 42 42 42 42 42 43 43 43 43 43 42 42 42 43 43 44 43 0 94 207 250 96 32 33 33 70 59 61 62 146 233 255 133 60 59 
60 59 63 156 236 233 135 184 255 127 42 170 255 127 42 42 47 141 231 239 166 202 255 127 42 42 42 109 199 243 237 172 79 43 43 42 42 42 42 43 43 43 42 42 42 42 42 42 67 160 234 241 189 89 42 42 42 76 192 227 194 212 177 202 248 103 43 43 43 43 43 43 43 43 43 43 43 43 43 43 
100 255 215 58 47 103 255 226 97 70 179 255 212 42 44 93 255 226 97 53 93 118 42 43 42 42 42 42 43 43 42 42 42 42 43 43 80 235 238 148 56 118 251 218 64 42 53 129 255 236 170 212 158 232 179 46 42 37 77 62 64 84 185 227 138 227 217 67 64 65 83 174 239 156 69 68 105 255 217 68 
106 255 216 65 70 128 251 201 63 60 99 255 212 42 67 183 226 98 42 42 42 42 42 42 42 42 43 42 42 43 42 42 42 42 43 44 85 255 212 42 42 64 171 237 143 43 85 192 255 236 170 209 151 229 178 45 45 45 83 64 64 103 254 216 85 184 230 120 68 68 82 164 246 183 65 71 127 255 216 66 
104 255 216 65 72 129 250 197 65 65 104 255 216 65 99 236 255 255 255 255 255 255 223 93 59 58 58 59 58 60 60 59 58 60 60 60 99 255 212 42 42 46 101 251 196 85 170 192 246 180 19 34 34 34 37 45 46 46 46 46 46 46 46 46 46 46 46 46 46 46 46 46 46 46 46 46 46 46 46 46 
255 255 62 61 198 255 98 60 62 62 226 255 99 66 67 67 66 65 64 64 63 62 62 61 61 60 255 255 57 56 59 100 255 210 53 53 106 255 211 54 24 26 29 31 35 35 35 35 35 35 35 35 35 35 35 35 35 35 35 35 35 35 35 35 35 35 35 35 35 35 35 35 35 35 35 35 35 35 35 35 
234 120 62 63 64 65 66 67 67 68 68 68 68 68 68 128 220 249 185 176 231 250 135 64 97 149 222 238 168 43 23 21 21 20 19 19 21 64 86 198 239 123 60 61 64 64 64 64 64 64 64 64 64 64 64 64 64 64 64 64 64 64 64 64 64 64 64 64 64 64 64 64 64 64 64 64 64 64 64 64 
67 68 68 69 69 70 80 133 180 142 71 68 67 86 172 216 252 230 123 38 36 35 34 36 38 39 39 39 39 39 39 39 39 39 39 39 39 39 39 39 39 39 39 39 39 39 39 39 39 39 39 39 39 39 39 39 39 39 39 39 39 39 39 39 39 39 39 39 39 39 39 39 39 39 39 39 39 39 39 39 
70 70 70 70 82 254 254 172 49 48 48 48 48 48 48 48 48 48 48 48 48 48 48 48 48 48 48 48 48 48 48 48 48 48 48 48 48 48 48 48 48 48 48 48 48 48 48 48 48 48 48 48 48 48 48 48 48 48 48 48 48 48 48 48 48 48 48 48 48 48 48 48 48 48 48 48 48 48 48 48 
53 52 52 53 54 54 54 54 54 54 53 52 52 51 49 49 49 49 49 49 49 49 49 49 49 49 49 49 49 49 49 49 49 49 49 49 49 49 49 49 49 49 49 49 49 49 49 49 49 49 49 49 49 49 49 49 49 49 49 49 49 49 49 49 49 49 49 49 49 49 49 49 49 49 49 49 49 49 49 49 
50 48 47 45 44 43 43 43 43 43 43 43 43 43 43 43 43 43 43 43 43 43 43 43 43 43 43 43 43 43 43 43 43 43 43 43 43 43 43 43 43 43 43 43 43 43 43 43 43 43 43 43 43 43 43 43 43 43 43 43 43 43 43 43 43 43 43 43 43 43 43 43 43 43 43 43 43 43 43 43 
40 40 40 40 40 40 40 40 40 38 34 31 28 28 27 27 26 26 25 25 25 24 24 24 24 24 24 25 25 26 26 27 28 28 29 30 31 33 34 35 36 37 38 39 40 41 41 41 41 41 41 41 41 41 41 41 41 41 41 41 41 41 41 41 41 41 41 41 41 41 41 41 41 41 41 41 41 41 41 41 
30 28 27 27 27 26 26 25 25 24 24 24 24 24 24 24 24 24 24 25 25 26 26 27 28 29 29 30 31 32 33 34 35 36 37 38 39 40 40 40 40 40 40 40 40 40 40 40 40 40 40 40 40 40 40 40 40 40 40 40 40 40 40 40 40 40 40 40 40 40 40 40 40 40 40 40 40 40 40 40 
24 23 23 23 23 23 23 23 24 24 25 25 26 26 27 28 28 29 30 30 31 32 33 34 35 35 36 37 37 38 39 40 41 41 41 41 41 41 41 41 41 41 41 41 41 41 41 41 41 41 41 41 41 41 41 41 41 41 41 41 41 41 41 41 41 41 41 41 41 41 41 41 41 41 41 41 41 41 41 41 
24 24 25 26 26 27 28 28 29 30 30 31 31 32 33 33 34 34 35 35 36 37 37 38 39 40 40 40 40 40 40 40 40 40 40 40 40 40 40 40 40 40 40 40 40 40 40 40 40 40 40 40 40 40 40 40 40 40 40 40 40 40 40 40 40 40 40 40 40 40 40 40 40 40 40 40 40 40 40 40 
29 30 30 31 31 31 32 32 32 33 33 34 35 36 36 37 38 43 47 47 47 47 47 47 47 47 47 47 47 47 47 47 47 47 47 47 47 47 47 47 47 47 47 47 47 47 47 47 47 47 47 47 47 47 47 47 47 47 47 47 47 47 47 47 47 47 47 47 47 47 47 47 47 47 47 47 47 47 47 47 
31 32 32 33 33 34 38 46 45 45 45 45 44 44 43 43 43 43 43 43 43 42 42 42 42 42 42 42 42 42 42 42 42 42 42 42 42 42 42 42 42 42 42 42 42 42 42 42 42 42 42 42 42 42 42 42 42 42 42 42 42 42 42 42 42 42 42 42 42 42 42 42 42 42 42 42 42 42 42 42 
44 44 44 43 43 43 43 43 43 43 43 43 43 43 43 43 42 40 38 36 34 32 31 29 27 26 26 26 26 25 25 24 24 23 23 23 23 22 22 22 22 21 21 21 21 21 21 21 21 22 22 23 23 24 24 25 25 26 26 27 27 28 28 29 29 29 29 29 29 29 30 30 30 30 30 30 45 45 45 44 
43 43 43 43 43 43 43 43 43 43 43 43 42 42 42 42 42 42 42 42 42 42 42 42 42 42 42 42 42 42 42 42 42 42 42 42 42 42 42 42 42 42 42 42 42 42 42 42 42 42 42 42 42 42 42 42 42 42 42 42 42 42 42 42 42 42 42 42 42 42 42 42 42 42 42 42 42 42 42 42 
42 42 42 42 42 42 42 42 42 42 42 42 42 42 42 42 42 42 42 42 42 42 42 42 42 42 42 42 42 42 42 42 42 42 42 42 42 42 42 42 42 42 42 42 42 42 42 42 42 42 42 42 42 42 42 42 42 42 42 42 42 42 42 42 42 42 42 42 42 42 42 42 42 42 42 42 42 42 42 42 
25 25 25 24 24 23 23 23 23 23 22 22 22 21 21 21 21 20 20 20 20 21 21 21 21 21 21 22 22 22 23 23 24 24 25 25 25 26 26 27 27 27 27 27 27 27 27 28 28 28 28 44 44 44 43 44 43 43 43 43 43 43 43 43 43 43 43 43 41 40 38 36 34 33 31 29 28 26 25 25 
24 24 23 23 23 23 22 22 22 22 22 21 21 21 20 20 20 20 20 21 21 21 21 21 21 21 22 22 22 23 23 24 24 25 25 25 26 26 27 27 27 27 27 27 27 27 28 28 32 44 44 44 44 43 43 43 43 43 43 43 43 43 43 43 43 41 41 41 41 41 41 41 41 41 41 41 41 41 41 41 
21 21 20 20 20 20 20 20 20 20 21 21 21 21 21 21 22 22 22 23 23 23 24 24 25 25 25 26 26 26 26 26 26 26 27 27 27 27 44 44 44 44 44 44 44 44 44 44 44 44 44 43 43 42 41 41 41 41 41 41 41 41 41 41 41 41 41 41 41 41 41 41 41 41 41 41 41 41 41 41 
20 21 21 21 21 21 21 22 22 22 22 23 23 24 24 24 25 25 25 25 26 26 26 26 26 26 26 37 44 44 44 44 44 44 44 44 44 44 44 44 43 42 40 39 37 36 35 33 32 30 29 27 26 25 25 24 24 24 23 23 23 23 23 22 22 22 22 21 21 21 20 20 20 20 20 20 20 20 20 20 
21 21 21 21 21 22 22 22 22 23 23 24 24 24 25 25 25 25 25 26 26 26 26 26 32 44 44 44 44 44 44 44 44 44 44 44 44 43 42 42 42 42 42 42 42 42 42 42 42 42 42 42 42 42 42 42 42 42 42 42 42 42 42 42 42 42 42 42 42 42 42 42 42 42 42 42 42 42 42 42 
23 23 24 24 24 25 25 25 25 25 25 25 25 25 44 44 44 44 44 44 44 44 44 44 44 43 42 41 41 41 41 41 41 41 41 41 41 41 41 41 41 41 41 41 41 41 41 41 41 41 41 41 41 41 41 41 41 41 41 41 41 41 41 41 41 41 41 41 41 41 41 41 41 41 41 41 41 41 41 41 
25 25 25 37 44 44 44 44 44 44 44 44 44 43 42 41 41 41 41 41 41 41 41 41 41 41 41 41 41 41 41 41 41 41 41 41 41 41 41 41 41 41 41 41 41 41 41 41 41 41 41 41 41 41 41 41 41 41 41 41 41 41 41 41 41 41 41 41 41 41 41 41 41 41 41 41 41 41 41 41 
44 43 42 41 41 41 41 41 41 41 41 41 41 41 41 41 41 41 41 41 41 41 41 41 41 41 41 41 41 41 41 41 41 41 41 41 41 41 41 41 41 41 41 41 41 41 41 41 41 41 41 41 41 41 41 41 41 41 41 41 41 41 41 41 41 41 41 41 41 41 41 41 41 41 41 41 41 41 41 41 
30 28 27 26 25 24 23 23 23 23 23 23 23 22 22 22 21 21 21 21 20 20 20 20 20 20 20 20 20 20 20 20 20 20 20 20 20 20 20 20 21 21 21 21 21 21 21 22 22 22 22 22 23 23 23 23 23 23 23 24 24 24 45 44 44 44 44 44 44 43 42 41 41 41 41 41 41 41 41 41 
22 22 22 22 22 22 21 21 21 20 20 20 20 20 20 20 20 20 20 20 20 20 20 20 20 20 20 20 20 20 21 21 21 21 21 21 21 21 22 22 22 22 22 23 23 23 23 23 23 23 23 23 23 23 23 23 23 23 23 23 23 23 23 23 23 23 23 23 23 23 23 23 23 23 23 23 23 23 23 23 
23 23 23 23 23 23 23 23 23 23 23 23 23 23 23 23 23 23 23 23 23 23 23 23 23 23 23 23 23 23 23 23 23 23 23 23 23 23 23 23 23 23 23 23 23 23 23 23 23 23 23 23 23 23 23 23 23 23 23 23 23 23 23 23 23 23 23 23 23 23 23 23 23 23 23 23 23 23 23 23 
23 23 23 23 23 23 23 23 23 23 23 23 23 23 23 23 23 23 23 23 23 23 23 23 23 23 23 23 23 23 23 23 23 23 23 23 23 23 23 23 23 23 23 23 23 23 23 23 23 23 23 23 23 23 23 23 23 23 23 23 23 23 23 23 23 23 23 23 23 23 23 23 23 23 23 23 23 23 23 23 
23 23 23 23 23 23 23 23 23 23 23 23 23 23 23 23 23 23 23 23 23 23 23 23 23 23 23 23 23 23 23 23 23 23 23 23 23 23 23 23 23 23 23 23 23 23 23 23 23 23 23 23 23 23 23 23 23 23 23 23 23 23 23 23 23 23 23 23 23 23 23 23 23 23 23 23 23 23 23 23 
23 23 23 23 23 23 23 23 23 23 23 23 23 23 23 23 23 23 23 23 23 23 23 23 23 23 23 23 23 23 23 23 23 23 23 23 23 23 23 23 23 23 23 23 23 23 23 23 23 23 23 23 23 23 23 23 23 23 23 23 23 23 23 23 23 23 23 23 23 23 23 23 23 23 23 23 23 23 23 23 
23 23 23 23 23 23 23 23 23 23 23 23 23 23 23 23 23 23 23 23 23 23 23 23 23 23 23 23 23 23 23 23 23 23 23 23 23 23 23 23 23 23 23 23 23 23 23 23 23 23 23 23 23 23 23 23 23 23 23 23 23 23 23 23 23 23 23 23 23 23 23 23 23 23 23 23 23 23 23 23 
23 23 23 23 23 23 23 23 23 23 23 23 23 23 23 23 23 23 23 23 23 23 23 23 23 23 23 23 23 23 23 23 23 23 23 23 23 23 23 23 23 23 23 23 23 23 23 23 23 23 23 23 23 23 23 23 23 23 23 23 23 23 23 23 23 23 23 23 23 23 23 23 23 23 23 23 23 23 23 23 
23 23 23 23 23 23 23 23 23 23 23 23 23 23 23 23 23 23 23 23 23 23 23 23 23 23 23 23 23 23 23 23 23 23 23 23 23 23 23 23 23 23 23 23 23 23 23 23 23 23 23 23 23 23 23 23 23 23 23 23 23 23 23 23 23 23 23 23 23 23 23 23 23 23 23 23 23 23 23 23 
23 23 23 23 23 23 23 23 23 23 23 23 23 23 23 23 23 23 23 23 23 23 23 23 23 23 23 23 23 23 23 23 23 23 23 23 23 23 23 23 23 23 23 23 23 23 23 23 23 23 23 23 23 23 23 23 23 23 23 23 23 23 23 23 23 23 23 23 23 23 23 23 23 23 23 23 23 23 23 23 
23 23 23 23 23 23 23 23 23 23 23 23 23 23 23 23 23 23 23 23 23 23 23 23 23 23 23 23 23 23 23 23 23 23 23 23 23 23 23 23 23 23 23 23 23 23 23 23 23 23 23 23 23 23 23 23 23 23 23 23 23 23 23 23 23 23 23 23 23 23 23 23 23 23 23 23 23 23 23 23 
23 23 23 23 23 23 23 23 23 23 23 23 23 23 23 23 23 23 23 23 23 23 23 23 23 23 23 23 23 23 23 23 23 23 23 23 23 23 23 23 23 23 23 23 23 23 23 23 23 23 23 23 23 23 23 23 23 23 23 23 23 23 23 23 23 23 23 23 23 23 23 23 23 23 23 23 23 23 23 23 
23 23 23 23 23 23 23 23 23 23 23 23 23 23 23 23 23 23 23 23 23 23 23 23 23 23 23 23 23 23 23 23 23 23 23 23 23 23 23 23 23 23 23 23 23 23 23 23 23 23 23 23 23 23 23 23 23 23 23 23 23 23 23 23 23 23 23 23 23 23 23 23 23 23 23 23 23 23 23 23 
23 23 23 23 23 23 23 23 23 23 23 23 23 23 23 23 23 23 23 23 23 23 23 23 23 23 23 23 23 23 23 23 23 23 23 23 23 23 23 23 23 23 23 23 23 23 23 23 23 23 23 23 23 23 23 23 23 23 23 23 23 23 23 23 23 23 23 23 23 23 23 23 23 23 23 23 23 23 23 23 
23 23 23 23 23 23 23 23 23 23 23 23 23 23 23 23 23 23 23 23 23 23 23 23 23 23 23 23 23 23 23 23 23 23 23 23 23 23 23 23 23 23 23 23 23 23 23 23 23 23 23 23 23 23 23 23 23 23 23 23 23 23 23 23 23 23 23 23 23 23 23 23 23 23 23 23 23 23 23 23 
23 23 23 23 23 23 23 23 23 23 23 23 23 23 23 23 23 23 23 23 23 23 23 23 23 23 23 23 23 23 23 23 23 23 23 23 23 23 23 23 23 23 23 23 23 23 23 23 23 23 23 23 23 23 23 23 23 23 23 23 23 23 23 23 23 23 23 23 23 23 23 23 23 23 23 23 23 23 23 23 
23 23 23 23 23 23 23 23 23 23 23 23 23 23 23 23 23 23 23 23 23 23 23 23 23 23 23 23 23 23 23 23 23 23 23 23 23 23 23 23 23 23 23 23 23 23 23 23 23 23 23 23 23 23 23 23 23 23 23 23 23 23 23 23 23 23 23 23 23 23 23 23 23 23 23 23 23 23 23 23 
23 23 23 23 23 23 23 23 23 23 23 23 23 23 23 23 23 23 23 23 23 23 23 23 23 23 23 23 23 23 23 23 23 23 23 23 23 23 23 23 23 23 23 23 23 23 23 23 23 23 23 23 23 23 23 23 23 23 23 23 23 23 23 23 23 23 23 23 23 23 23 23 23 23 23 23 23 23 23 23 
23 23 23 23 23 23 23 23 23 23 23 23 23 23 23 23 23 23 23 23 23 23 23 23 23 23 23 23 23 23 23 23 23 23 23 23 23 23 23 23 23 23 23 23 23 23 23 23 23 23 23 23 23 23 23 23 23 23 23 23 23 23 23 23 23 23 23 23 23 23 23 23 23 23 23 23 23 23 23 23 
23 23 23 23 23 23 23 23 23 23 23 23 23 23 23 23 23 23 23 23 23 23 23 23 23 23 23 23 23 23 23 23 23 23 23 23 23 23 23 23 23 23 23 23 23 23 23 23 23 23 23 23 23 23 23 23 23 23 23 23 23 23 23 23 23 23 23 23 23 23 23 23 23 23 23 23 23 23 23 23 
23 23 23 23 23 23 23 23 23 23 23 23 23 23 23 23 23 23 23 23 23 23 23 23 23 23 23 23 23 23 23 23 23 23 23 23 23 23 23 23 23 23 23 23 23 23 23 23 23 23 23 23 23 23 23 23 23 23 23 23 23 23 23 23 23 23 23 23 23 23 23 23 23 23 23 23 23 23 23 23 
23 23 23 23 23 23 23 23 23 23 23 23 23 23 23 23 23 23 23 23 23 23 23 23 23 23 23 23 23 23 23 23 23 23 23 23 23 23 23 23 23 23 23 23 23 23 23 23 23 23 23 23 23 23 23 23 23 23 23 23 23 23 23 23 23 23 23 23 23 23 23 23 23 23 23 23 23 23 23 23 
23 23 23 23 23 23 23 23 23 23 23 23 23 23 23 23 23 23 23 23 23 23 23 23 23 23 23 23 23 23 23 23 23 23 23 23 23 23 23 23 23 23 23 23 23 23 23 23 23 23 23 23 23 23 23 23 23 23 23 23 23 23 23 23 23 23 23 23 23 23 23 23 23 23 23 23 23 23 23 23 
23 23 23 23 23 23 23 23 23 23 23 23 23 23 23 23 23 23 23 23 23 23 23 23 23 23 23 23 23 23 23 23 23 23 23 23 23 23 23 23 23 23 23 23 23 23 23 23 23 23 23 23 23 23 23 23 23 23 23 23 23 23 23 23 23 23 23 23 23 23 23 23 23 23 23 23 23 23 23 23 
23 23 23 23 23 23 23 23 23 23 23 23 23 23 23 23 23 23 23 23 23 23 23 23 23 23 23 23 23 23 23 23 23 23 23 23 23 23 23 23 23 23 23 23 23 23 23 23 23 23 23 23 23 23 23 23 23 23 23 23 23 23 23 23 23 23 23 23 23 23 23 23 23 23 23 23 23 23 23 23 
23 23 23 23 23 23 23 23 23 23 23 23 23 23 23 23 23 23 23 23 23 23 23 23 23 23 23 23 23 23 23 23 23 23 23 23 23 23 23 23 23 23 23 23 23 23 23 23 23 23 23 23 23 23 23 23 23 23 23 23 23 23 23 23 23 23 23 23 23 23 23 23 23 23 23 23 23 23 23 23 
23 23 23 23 23 23 23 23 23 23 23 23 23 23 23 23 23 23 23 23 23 23 23 23 23 23 23 23 23 23 23 23 23 23 23 23 23 23 23 23 23 23 23 23 23 23 23 23 23 23 23 23 23 23 23 23 23 23 23 23 23 23 23 23 23 23 23 23 23 23 23 23 23 23 23 23 23 23 23 23 
23 23 23 23 23 23 23 23 23 23 23 23 23 23 23 23 23 23 23 23 23 23 23 23 23 23 23 23 23 23 23 23 23 23 23 23 23 23 23 23 23 23 23 23 23 23 23 23 23 23 23 23 23 23 23 23 23 23 23 23 23 23 23 23 23 23 23 23 23 23 23 23 23 23 23 23 23 23 23 23 
23 23 23 23 23 23 23 23 23 23 23 23 23 23 23 23 23 23 23 23 23 23 23 23 23 23 23 23 23 23 23 23 23 23 23 23 23 23 23 23 23 23 23 23 23 23 23 23 23 23 23 23 23 23 23 23 23 23 23 23 23 23 23 23 23 23 23 23 23 23 23 23 23 23 23 23 23 23 23 23 
