0 0 0 1 2 0 0 0 1 1 3 1 0 0 1 1 1 2 2 0 2 1 0 1 0 1 0 0 1 1 2 1 0 0 0 0 0 0 1 2 1 1 1 1 0 0 0 0 0 0 0 2 2 1 1 1 1 1 1 1 1 0 0 1 1 0 0 0 0 0 0 0 1 2 3 1 0 0 1 1 
0 0 0 1 2 0 0 0 1 1 3 2 0 0 1 2 1 0 0 0 2 1 0 1 0 1 0 0 1 1 2 1 0 0 0 0 0 0 1 2 1 2 1 0 0 0 0 0 0 0 0 2 2 1 1 1 1 1 1 2 0 0 0 1 1 0 0 0 0 0 0 0 1 3 4 0 0 0 0 1 
0 0 0 1 1 0 0 0 0 1 2 1 0 0 1 1 1 0 0 1 1 1 0 0 0 0 0 0 1 1 1 0 0 0 0 0 0 0 1 1 1 1 1 0 0 0 0 0 0 0 0 1 1 1 1 1 0 0 1 1 0 0 0 1 1 0 0 0 0 0 0 0 0 2 3 0 0 0 0 0 
0 0 0 1 1 0 0 0 0 0 0 0 0 0 1 0 0 0 0 1 0 1 0 0 0 0 0 0 1 1 0 0 0 0 0 0 0 0 0 0 1 1 1 0 0 0 1 0 0 0 0 1 1 1 1 0 0 0 0 0 0 0 0 1 2 0 1 0 0 0 0 0 0 1 2 0 0 0 0 0 
0 0 0 1 1 0 0 0 0 0 0 0 0 0 1 0 0 1 1 1 0 0 0 0 0 0 1 1 1 1 0 0 0 0 0 0 0 0 1 0 1 1 0 0 0 0 1 1 0 0 1 1 1 1 1 0 0 0 0 0 0 0 1 1 2 0 0 0 0 1 0 0 0 0 1 0 0 0 0 0 
0 0 0 1 1 0 1 1 0 0 0 0 0 0 0 0 0 2 3 0 0 0 0 0 0 0 1 1 0 0 1 0 0 0 0 0 0 1 1 1 1 1 0 0 0 0 1 1 0 0 1 1 1 1 0 0 0 0 0 0 0 1 1 1 1 0 0 0 0 1 0 0 0 0 1 1 0 0 0 1 
0 0 0 0 1 0 1 1 1 0 0 1 0 0 0 0 0 3 4 0 0 0 0 0 0 0 2 1 0 0 1 0 0 0 0 0 0 1 2 1 1 0 0 0 0 0 1 1 1 0 2 1 0 1 0 0 1 0 0 0 0 1 1 1 1 0 0 0 1 2 0 0 0 0 0 1 0 0 0 1 
0 0 0 0 0 0 1 1 0 0 0 0 0 0 0 0 0 4 5 0 0 1 1 1 1 0 1 1 0 0 0 1 1 0 0 0 0 1 1 0 0 0 0 0 0 0 1 1 0 0 1 0 0 0 0 0 0 0 0 0 0 1 1 1 1 1 1 0 0 1 0 0 0 0 0 0 0 0 0 0 
0 0 0 0 0 0 0 0 0 0 0 0 0 1 1 0 0 5 7 1 0 1 2 2 2 0 0 0 0 0 0 2 1 0 0 0 0 1 1 0 0 1 0 0 1 1 0 0 0 0 1 0 0 0 0 0 0 0 0 0 0 0 1 1 2 1 2 1 0 0 0 0 0 0 1 0 0 0 0 0 
0 0 0 0 0 0 0 0 0 0 0 0 0 1 1 0 0 4 6 1 0 2 3 3 2 0 0 0 0 0 1 2 1 0 0 0 0 1 0 0 0 1 1 1 1 1 0 0 0 0 1 0 0 1 0 0 0 0 0 0 0 0 0 1 1 1 1 1 0 0 0 0 0 0 1 0 0 0 1 2 
0 0 0 1 1 0 0 0 0 1 1 0 0 0 0 0 0 2 3 0 1 2 4 4 1 0 0 0 0 0 3 2 1 0 1 0 1 1 0 0 0 1 1 1 0 0 1 1 0 0 0 0 1 2 1 0 0 0 0 0 0 0 0 0 1 0 1 0 0 0 0 0 0 0 1 0 0 0 1 4 
1 0 0 1 1 0 0 0 0 1 1 0 0 0 0 0 0 1 1 0 1 3 5 4 1 0 0 0 0 1 4 2 0 0 1 0 1 1 0 0 0 1 1 1 0 0 1 1 1 0 0 0 1 2 1 0 0 0 0 0 0 0 0 0 0 0 0 0 0 0 0 1 0 0 1 0 1 1 2 6 
0 0 0 0 0 0 0 0 0 1 1 0 0 0 0 0 0 0 1 0 1 3 5 4 1 0 0 1 1 1 2 1 0 1 2 0 1 1 0 0 0 0 1 1 1 0 1 1 0 1 1 0 1 1 0 0 0 0 0 0 1 0 0 0 0 0 1 1 0 0 1 1 0 0 0 0 1 1 1 3 
0 0 0 0 0 0 0 0 0 1 0 1 0 0 0 1 0 0 0 0 1 4 5 3 1 0 1 2 2 2 1 1 0 1 3 0 0 1 1 0 1 0 1 1 2 0 1 1 0 1 2 1 0 0 0 0 0 0 0 0 2 1 0 1 0 0 2 1 0 0 2 1 0 0 0 0 1 1 0 1 
1 0 0 0 0 0 0 0 1 1 0 1 0 0 0 2 1 0 0 0 1 4 4 2 1 0 1 1 2 1 0 1 0 1 2 0 0 0 0 0 1 0 0 1 2 0 1 0 0 1 3 1 0 0 1 0 1 1 0 0 2 1 0 1 0 0 2 2 1 0 2 1 0 0 0 0 1 1 1 2 
2 1 1 1 0 0 0 0 1 1 1 0 0 0 0 3 2 1 0 0 0 3 3 1 0 1 0 1 1 1 1 0 0 0 1 0 0 0 0 0 0 0 0 1 1 1 0 0 1 1 4 1 0 0 1 1 3 2 0 1 2 1 0 1 1 0 1 2 1 0 2 1 0 0 0 0 1 1 2 4 
2 1 1 1 0 0 0 0 1 1 1 0 0 0 0 4 2 1 0 0 0 2 2 1 0 1 0 0 0 0 1 0 0 0 0 0 0 0 0 0 0 0 0 0 1 1 0 0 1 1 5 2 0 1 2 1 4 2 0 1 2 1 1 1 1 0 1 2 2 0 2 1 0 0 0 0 1 1 2 5 
1 1 1 1 1 0 0 0 1 1 1 1 0 0 0 4 2 0 0 0 0 1 1 1 1 1 0 0 0 0 0 0 0 0 0 0 0 0 0 0 0 1 1 1 1 1 1 0 0 0 3 1 0 0 1 1 2 1 0 1 1 0 1 2 1 0 1 2 2 0 1 0 0 0 0 0 0 1 2 3 
0 0 0 1 2 0 1 0 0 1 0 1 1 0 0 4 2 0 0 0 0 0 1 1 2 2 1 0 1 1 0 0 0 0 1 1 0 0 0 0 0 2 2 2 2 1 1 0 0 0 1 1 0 0 0 1 1 1 0 0 0 0 2 4 1 0 2 2 1 0 0 0 0 0 0 1 0 1 2 1 
0 0 0 1 2 1 1 0 0 1 0 1 1 0 0 3 1 0 0 0 0 0 1 1 1 1 1 0 1 1 0 0 0 1 1 1 1 0 0 0 0 2 2 2 1 1 1 0 0 0 0 0 0 0 0 1 1 1 1 1 0 0 2 3 1 0 2 2 1 0 0 0 0 0 0 2 1 1 1 0 
0 0 0 1 3 2 1 0 0 0 0 0 0 0 0 2 1 0 0 0 0 0 1 1 1 1 1 0 1 1 0 0 1 1 0 1 1 1 0 0 0 1 2 2 1 0 0 0 0 0 0 0 0 0 0 0 0 1 2 2 0 0 1 2 2 0 2 1 1 1 1 0 0 0 1 3 1 1 1 1 
0 0 0 1 3 2 1 0 0 0 0 0 0 0 0 1 0 1 1 0 0 1 1 1 0 0 1 0 0 1 0 0 1 1 0 1 2 1 0 0 0 1 1 1 0 0 0 0 0 0 0 0 0 0 0 1 0 1 2 3 0 1 1 1 2 0 2 1 0 1 1 0 0 1 2 3 2 1 1 1 
0 0 0 1 2 1 1 0 0 0 0 0 1 1 1 1 1 1 0 0 0 3 3 1 0 0 0 0 0 0 0 0 1 1 0 1 1 0 0 0 0 0 1 1 0 0 0 0 0 1 1 1 0 0 0 4 1 1 2 2 1 1 1 1 1 1 2 2 1 0 0 0 1 2 3 3 1 0 1 2 
0 0 0 1 1 0 1 1 1 0 0 1 1 2 2 1 2 1 0 1 0 6 5 1 0 0 0 0 0 0 0 0 1 1 0 1 0 0 0 0 0 0 0 0 0 1 0 0 1 3 2 1 0 0 1 7 2 1 1 1 1 1 1 0 0 1 3 3 1 0 0 1 2 4 4 2 0 0 1 3 
0 1 1 1 1 0 0 1 1 0 0 0 1 1 1 1 1 1 1 1 0 5 4 0 0 1 2 2 0 0 0 0 0 0 0 1 0 0 0 0 0 0 0 1 0 1 0 1 1 2 1 1 0 0 2 6 2 0 1 1 1 1 1 1 2 1 2 2 1 0 0 1 2 3 4 1 0 0 1 2 
0 2 2 1 1 0 0 0 0 1 0 0 0 1 1 0 1 1 2 0 1 3 2 0 0 1 5 4 1 0 0 0 0 0 0 1 0 0 0 0 0 0 1 1 0 0 0 1 2 1 1 1 0 1 3 3 1 0 1 0 1 1 1 3 5 1 1 1 0 0 1 1 2 2 3 1 0 0 0 1 
0 3 2 1 1 0 0 0 0 1 0 0 0 0 0 0 0 1 2 0 1 1 1 0 0 2 6 5 1 0 0 0 0 0 0 1 0 0 0 0 0 0 1 2 0 0 0 2 3 0 0 1 1 1 3 0 0 0 1 0 1 1 2 4 7 2 0 0 0 0 1 2 1 1 2 0 0 0 0 0 
0 4 4 2 0 0 1 1 1 0 0 2 1 0 0 0 0 1 1 0 0 1 1 0 1 1 3 3 1 1 0 0 1 1 0 0 0 0 0 1 0 0 1 1 0 0 0 1 2 0 0 1 1 1 3 0 0 0 0 0 3 2 2 3 4 1 0 0 0 1 1 1 1 1 1 1 1 0 0 0 
1 5 6 4 0 0 1 2 2 0 1 3 2 1 1 1 0 0 0 1 0 1 1 0 1 0 1 1 1 2 0 0 1 72 72 72 72 72 72 72 72 72 72 72 72 72 72 0 1 1 1 2 1 1 2 0 1 0 0 0 4 3 2 2 1 0 1 1 1 1 2 1 0 0 1 3 1 1 1 1 
1 4 5 4 0 0 1 2 1 0 1 6 5 1 1 1 1 1 0 1 0 1 1 1 1 0 0 0 1 3 1 0 1 72 72 72 72 72 72 72 72 72 72 72 72 72 72 0 0 1 1 1 1 1 2 1 1 0 0 1 3 3 2 1 0 0 1 1 1 1 1 1 1 0 1 2 2 1 1 1 
0 2 3 3 1 0 1 1 1 0 0 10 8 1 0 1 2 1 0 1 0 0 1 1 2 0 0 0 1 4 2 1 1 72 72 72 72 72 72 72 72 72 72 72 72 72 72 0 0 1 1 1 0 0 1 1 1 0 0 1 1 2 2 1 1 0 1 1 1 1 1 2 2 1 0 1 2 1 1 1 
0 1 2 1 0 1 0 0 0 0 12 9 1 0 1 3 2 0 1 0 0 0 1 2 0 0 0 1 4 3 2 1 72 72 72 72 72 72 72 72 72 72 72 72 72 72 0 0 1 1 0 0 0 1 2 1 0 0 1 0 2 2 0 1 0 1 1 0 1 0 3 2 1 0 1 2 1 1 1 0 
1 1 1 0 0 0 0 0 0 0 7 5 1 0 0 2 1 0 1 0 0 0 1 1 0 1 1 1 3 2 1 1 72 72 72 72 72 72 72 72 72 72 72 72 72 73 0 0 1 1 0 1 1 1 2 1 0 0 1 0 3 2 0 1 0 1 1 1 1 0 1 1 0 0 0 2 2 2 0 0 
2 1 0 0 1 0 0 1 0 0 1 1 1 0 0 0 0 0 1 0 1 0 0 0 0 1 1 1 1 1 1 1 72 72 72 72 72 72 72 72 72 72 72 72 72 73 1 1 0 1 0 1 2 0 3 1 0 0 1 0 4 3 0 1 0 1 1 1 2 0 0 0 0 1 0 1 3 3 0 0 
1 1 0 0 1 0 0 1 1 0 0 0 0 0 0 0 0 0 1 0 1 0 0 0 0 4 3 1 1 1 1 1 72 72 72 72 72 72 72 72 72 72 72 72 73 73 1 1 0 1 1 1 2 1 2 1 0 0 1 1 3 2 1 2 1 1 1 1 1 0 0 0 0 1 0 2 3 2 0 0 
1 1 0 0 0 0 0 1 1 0 0 0 0 0 0 1 1 0 0 1 0 0 0 0 1 7 5 0 0 0 0 2 72 72 72 72 72 72 72 72 72 72 72 73 73 73 1 0 1 0 1 1 2 1 2 0 0 1 0 2 2 1 1 3 2 1 0 0 1 1 0 0 0 0 0 3 3 1 0 0 
0 0 1 0 0 0 0 1 2 0 0 0 0 0 0 2 1 0 0 1 0 0 0 0 1 9 6 0 0 0 0 2 72 72 72 72 72 72 72 72 72 72 72 73 73 73 1 0 1 0 1 1 1 2 1 0 0 1 1 2 1 0 2 3 2 1 0 0 0 1 0 0 0 0 0 3 2 0 0 0 
0 0 1 1 0 0 0 1 2 0 0 1 1 0 2 3 2 1 1 1 1 0 0 0 2 6 4 0 1 0 0 1 72 72 72 72 72 72 72 72 72 72 73 73 73 73 0 0 1 1 1 1 1 1 1 0 0 1 2 2 0 0 1 2 1 0 0 0 0 1 1 1 2 0 2 2 1 0 0 1 
0 0 1 2 0 0 0 1 2 0 0 1 2 0 3 4 3 2 1 1 1 0 0 0 3 2 1 1 2 0 1 1 72 72 72 72 72 72 72 72 72 72 73 73 73 73 0 0 1 3 1 1 1 0 1 0 0 1 3 1 0 0 0 0 0 0 0 0 0 1 1 3 3 0 3 1 0 0 1 1 
0 0 1 2 0 0 1 2 1 0 0 1 2 0 3 3 5 6 1 1 1 1 0 0 2 1 0 0 1 0 1 1 72 72 72 72 72 72 72 72 72 73 73 73 73 73 0 0 1 2 1 0 0 0 1 0 0 1 3 1 0 0 0 0 0 0 0 0 0 1 1 2 3 0 3 1 0 3 6 2 
0 0 1 2 0 0 2 2 1 0 0 1 1 0 1 2 8 10 1 2 1 1 1 0 2 1 0 0 1 0 1 1 72 72 72 72 72 72 72 72 73 73 73 73 73 73 0 0 1 2 1 0 0 0 0 0 0 1 2 2 0 0 0 0 1 0 0 0 0 1 1 1 2 0 2 1 1 6 12 2 
0 1 2 0 0 2 3 0 0 1 1 1 0 0 1 9 12 1 2 1 1 1 0 2 1 0 0 0 0 1 1 72 72 72 72 72 72 72 72 73 73 73 73 73 73 0 0 1 1 1 0 0 0 0 0 0 1 2 2 1 1 1 0 1 0 0 0 0 1 0 0 1 0 1 0 1 7 15 4 1 
0 0 1 1 0 1 2 0 0 0 0 0 0 0 1 6 7 1 1 0 1 1 0 1 1 0 0 0 0 0 1 72 72 72 72 72 72 72 73 73 73 73 73 73 73 0 0 1 2 1 0 0 0 0 0 0 1 3 2 1 1 2 1 1 0 0 0 0 1 0 0 1 0 0 0 1 4 9 5 2 
0 0 0 2 1 1 1 0 1 0 0 0 0 0 2 3 2 1 0 0 1 1 0 0 1 1 0 0 0 0 1 72 72 72 72 72 72 73 73 73 73 73 73 73 73 0 0 1 3 1 0 1 0 0 1 1 2 4 1 1 2 2 2 0 1 0 0 0 1 0 0 1 0 0 0 0 1 2 4 1 
0 0 1 2 1 1 1 0 1 0 0 0 0 0 1 1 1 1 0 0 0 0 0 1 1 1 0 0 0 0 0 72 72 72 72 72 72 73 73 73 73 73 73 73 73 1 1 1 2 1 0 0 0 0 0 1 2 3 1 1 2 2 1 0 1 0 0 1 1 0 1 1 0 1 1 0 0 0 2 1 
0 0 1 2 1 1 1 1 0 1 0 0 0 0 1 1 0 0 0 0 0 0 0 1 1 0 0 0 0 0 0 72 72 72 72 72 73 73 73 73 73 73 73 73 73 1 1 1 2 0 0 0 0 0 0 1 1 1 0 1 2 2 1 0 1 0 0 1 0 0 1 1 1 3 1 1 0 0 1 0 
0 0 1 1 1 1 2 1 0 1 0 0 0 0 0 0 0 0 0 0 0 0 0 2 1 0 0 0 0 0 1 72 72 72 72 72 73 73 73 73 73 73 73 73 73 2 2 1 1 0 0 0 0 0 0 1 1 0 0 1 1 1 0 0 1 0 1 2 0 0 1 2 1 3 2 1 1 0 1 0 
0 0 0 0 1 1 1 1 0 0 0 0 0 0 0 0 0 0 0 0 0 0 1 1 0 0 1 0 0 0 1 72 72 72 72 73 73 73 73 73 73 73 73 73 73 1 1 0 0 1 1 0 0 0 0 1 2 1 1 1 1 1 0 0 0 0 1 1 1 0 0 1 1 2 1 0 0 0 2 1 
0 0 0 0 1 1 1 2 0 0 0 0 0 0 0 0 0 0 0 0 0 0 1 0 0 1 1 0 0 0 1 91 91 91 91 91 91 91 91 91 91 91 91 91 91 0 0 0 0 1 1 1 1 0 0 1 2 1 3 2 1 1 0 0 0 0 1 0 1 0 0 0 1 0 0 0 0 0 2 1 
0 0 1 0 1 1 1 1 0 0 0 0 0 0 0 0 0 0 0 0 0 0 1 0 0 1 1 0 0 0 1 1 91 91 91 91 91 91 91 91 91 91 91 91 0 0 0 0 0 1 1 1 1 2 1 1 2 1 2 1 1 1 0 1 1 1 1 0 1 0 0 0 1 0 0 0 0 0 1 0 
0 1 1 1 1 1 0 1 1 0 0 0 0 0 0 0 0 0 0 1 1 0 0 1 0 0 0 0 0 0 1 2 91 91 91 91 91 91 91 91 91 91 91 91 0 0 0 0 1 1 1 1 1 4 2 1 2 2 1 0 1 1 0 2 2 1 0 1 0 0 0 0 0 0 0 0 0 0 1 1 
1 1 2 1 1 1 0 0 1 0 0 0 0 0 0 0 0 0 0 1 1 0 0 1 0 0 0 0 0 1 1 2 1 0 2 1 1 3 1 0 0 0 1 0 1 0 0 0 1 1 0 0 2 6 3 1 1 2 0 0 0 1 0 2 3 1 0 1 0 0 0 0 0 0 0 0 0 0 3 2 
1 1 1 1 1 1 0 0 1 0 0 0 0 0 0 0 0 0 0 1 1 1 0 0 0 0 0 0 0 1 1 1 1 1 1 1 0 1 1 0 0 1 1 0 1 0 0 1 1 1 0 0 1 3 1 1 1 1 1 0 0 0 0 1 1 1 0 1 0 0 0 0 0 2 1 0 0 0 5 3 
1 0 0 0 1 1 1 0 1 0 0 1 1 0 0 0 0 0 0 0 1 1 0 0 0 0 0 0 0 1 1 0 0 2 1 0 0 0 2 1 0 1 1 0 1 0 1 2 1 0 0 0 1 1 0 1 1 1 2 1 0 0 0 0 0 0 0 1 0 0 0 1 0 3 1 0 1 1 5 3 
1 0 0 1 1 1 1 0 1 0 0 1 1 0 0 0 0 0 0 0 1 1 0 0 0 0 0 0 0 1 1 0 0 1 0 0 0 1 2 1 0 1 2 1 1 2 2 2 2 0 0 0 1 0 0 1 1 1 1 0 0 0 0 1 0 0 0 1 0 0 0 1 1 3 1 0 0 1 5 2 
0 0 0 2 2 1 1 0 0 0 0 0 0 1 0 0 0 0 0 0 1 1 0 0 0 0 0 0 0 1 1 1 1 1 0 0 1 3 3 1 0 2 4 2 2 3 4 3 2 1 0 0 1 0 1 1 1 1 1 0 0 0 1 3 1 0 0 0 0 0 0 1 2 1 0 0 0 1 4 1 
0 0 0 2 1 1 1 0 0 0 0 0 0 1 0 0 1 0 0 0 1 1 0 0 0 0 0 0 0 1 1 1 1 0 0 0 1 4 3 1 0 2 5 3 3 4 5 4 3 1 0 0 1 0 1 1 0 1 0 0 0 0 1 4 1 0 0 0 0 0 0 1 2 0 0 0 0 1 4 1 
0 0 0 1 1 0 0 0 1 0 0 0 0 0 0 0 0 0 0 0 0 1 0 0 0 0 0 1 0 1 1 1 1 0 0 0 1 2 2 0 0 1 3 2 2 3 3 2 2 3 2 0 0 0 1 0 0 0 0 0 0 0 1 2 1 0 0 0 1 0 0 0 1 0 0 0 0 1 3 1 
0 0 0 0 0 0 0 0 2 1 0 0 1 0 0 0 0 1 0 0 0 0 0 1 1 0 1 2 0 0 0 1 2 0 0 0 1 0 0 0 0 0 1 1 2 1 1 0 0 5 4 0 0 0 0 0 0 0 0 0 0 0 0 0 0 0 0 0 2 1 0 0 0 0 0 0 1 1 2 1 
0 0 0 0 0 0 0 1 2 1 0 0 1 0 1 0 0 1 0 0 0 0 0 1 1 0 1 2 1 1 0 1 2 1 0 0 1 0 0 0 0 0 0 1 1 1 0 1 0 4 3 0 0 0 0 0 0 0 0 0 0 0 0 1 0 0 0 0 1 0 0 0 0 0 0 1 1 1 1 0 
0 1 1 0 0 0 0 1 2 1 0 0 1 1 1 1 0 0 0 0 0 0 0 2 1 0 0 1 1 1 1 0 1 1 0 0 1 1 0 0 0 1 1 0 1 1 1 3 0 2 2 1 0 0 0 0 0 0 0 1 1 0 0 1 0 0 0 0 1 0 1 1 0 0 0 1 1 0 1 0 
1 1 1 0 0 0 0 1 2 1 0 0 1 1 2 1 0 0 0 0 0 0 0 2 1 0 0 0 2 2 1 0 1 2 1 0 1 1 0 0 0 1 1 0 1 0 1 4 0 0 1 1 0 0 1 0 0 0 0 1 1 0 0 2 2 1 0 0 0 0 1 1 0 0 1 1 1 0 0 1 
1 1 1 1 0 0 0 1 1 1 0 0 1 1 1 0 0 0 0 0 0 0 0 1 1 1 1 1 1 1 1 1 1 1 1 0 0 0 0 0 0 0 0 0 0 0 1 4 0 0 0 1 0 0 0 0 0 0 0 1 1 1 1 1 6 4 0 0 0 0 1 1 0 0 2 1 1 0 0 1 
2 2 2 1 0 0 0 0 0 0 0 0 0 2 1 0 0 1 0 0 0 0 0 0 1 1 2 1 0 0 1 1 1 1 1 0 0 0 0 0 0 0 0 0 0 0 1 4 0 0 0 0 0 0 0 0 0 0 0 0 1 1 3 1 11 8 0 0 0 1 1 0 0 1 2 1 0 0 1 1 
2 2 2 1 1 0 0 1 0 0 3 4 1 2 1 0 0 1 0 0 0 1 2 0 0 1 1 1 0 0 0 1 1 2 1 1 1 0 0 0 0 0 0 0 0 0 1 3 0 0 0 0 0 0 0 2 3 0 0 0 0 1 2 1 9 6 0 0 1 1 1 0 0 1 2 1 0 0 1 1 
1 1 1 2 1 1 1 1 0 0 6 9 1 1 0 0 0 1 0 0 0 1 4 0 0 0 1 1 1 0 0 1 2 2 1 2 2 0 1 0 0 0 0 0 0 0 0 1 0 0 0 0 0 0 0 4 6 0 0 0 0 0 1 0 4 3 0 1 2 2 1 0 0 0 1 0 0 0 2 1 
1 1 1 2 1 1 1 2 0 0 8 12 2 2 0 0 0 1 0 0 0 2 5 1 0 0 0 1 1 0 0 1 2 3 2 2 3 0 2 1 0 0 0 0 0 0 0 0 0 0 0 1 0 0 0 5 8 1 0 0 0 0 0 0 0 0 1 1 3 3 1 0 0 0 0 0 0 0 1 1 
1 2 1 2 2 1 1 1 1 0 5 7 1 3 1 0 0 1 0 1 1 1 3 0 0 0 0 1 1 0 0 1 2 2 2 2 2 1 6 2 0 0 0 0 0 0 0 0 0 0 0 1 1 2 1 3 6 6 1 1 1 0 0 0 0 1 2 1 5 3 1 0 0 0 1 2 1 0 0 1 
2 2 0 2 2 1 1 0 1 1 1 1 1 5 2 0 0 1 0 1 1 1 1 0 0 0 1 0 1 0 0 1 1 2 2 2 1 1 10 4 0 0 0 0 0 0 0 0 0 1 0 1 2 4 1 1 4 10 1 3 2 0 0 0 1 3 3 1 8 3 1 0 0 0 2 3 3 0 0 1 
0 1 2 1 0 0 1 1 1 0 0 4 1 0 0 1 0 2 3 2 0 0 0 0 1 1 1 0 0 1 1 1 2 2 1 1 9 4 0 0 0 0 1 0 0 0 0 1 0 0 2 3 1 0 3 9 1 2 2 0 0 0 1 2 2 1 6 3 1 0 0 0 2 3 2 0 0 0 1 1 
0 1 2 1 0 0 0 2 1 0 0 2 1 0 0 0 0 3 4 3 0 0 0 0 1 2 0 0 0 0 0 1 1 2 2 1 8 3 0 0 0 1 1 1 0 0 0 1 0 0 1 1 0 0 2 5 1 1 1 0 0 0 1 1 1 0 2 2 1 0 0 0 1 1 1 0 0 0 0 0 
1 0 2 1 0 0 0 2 1 0 0 0 1 1 1 0 0 3 4 3 0 0 0 1 2 3 1 0 0 0 0 0 1 2 2 2 6 2 0 1 0 1 2 1 1 0 0 1 1 0 0 0 0 0 1 2 0 1 0 0 0 0 1 0 1 2 0 1 1 0 0 0 1 0 0 0 2 1 0 1 
3 2 1 1 0 0 0 1 1 1 0 0 0 2 3 0 0 2 2 2 0 0 0 1 2 3 2 0 0 0 0 0 1 2 2 1 3 1 0 1 2 2 1 1 0 0 0 2 1 0 0 0 0 0 1 1 0 0 0 0 0 0 0 0 3 8 1 1 1 1 0 0 0 0 0 0 3 2 0 2 
5 3 1 0 0 1 0 0 1 2 1 0 0 4 5 0 0 0 1 0 0 0 1 1 2 3 3 1 0 0 1 0 1 2 2 1 1 0 0 2 3 2 1 0 0 0 0 3 2 0 1 1 0 1 1 0 0 0 0 0 0 0 0 0 5 14 2 0 1 1 0 0 0 0 0 0 3 1 0 2 
5 2 1 0 0 1 0 0 1 2 1 0 0 3 4 0 0 0 0 0 0 0 0 1 2 2 3 1 0 1 1 1 1 1 1 1 0 0 0 2 3 2 1 0 0 0 0 2 2 0 1 1 0 1 1 0 0 1 1 1 0 0 0 0 4 12 2 0 1 1 0 1 0 0 0 0 2 1 0 1 
4 1 0 0 0 0 1 1 1 1 2 0 0 2 2 0 0 0 1 1 0 0 0 1 2 2 2 1 0 1 2 1 2 1 1 1 1 0 0 1 3 1 1 1 1 1 0 1 1 1 0 2 1 0 0 0 1 2 2 2 1 0 0 0 2 7 1 1 1 1 0 3 1 0 0 0 1 0 0 1 
3 0 0 0 0 0 1 1 1 1 2 0 0 1 1 0 0 1 1 1 0 0 0 1 2 1 2 1 0 1 2 2 2 1 0 1 1 0 0 1 2 0 1 1 1 1 0 1 1 1 0 2 1 0 0 0 1 3 3 2 1 0 1 0 1 2 0 1 1 1 0 3 1 0 1 0 1 0 0 1 
2 1 0 0 0 0 0 0 1 1 1 0 0 2 3 0 0 0 1 1 0 0 0 0 1 1 1 0 0 1 1 1 1 0 0 1 1 0 1 1 1 1 0 1 1 0 0 1 1 0 1 1 0 0 0 0 3 2 2 2 1 1 0 0 0 1 0 1 1 1 0 2 1 0 1 1 0 0 0 1 
2 1 0 0 0 0 0 0 1 1 0 0 0 4 5 0 0 0 0 0 1 0 0 0 0 1 1 0 0 0 1 0 0 0 0 1 1 0 1 2 0 1 0 1 1 0 0 1 1 0 1 0 0 0 1 0 4 2 1 1 2 1 0 0 0 0 0 1 1 1 0 1 0 0 1 2 0 0 0 1 
2 1 0 0 0 0 1 1 0 1 0 1 0 3 4 0 1 0 0 0 1 0 0 0 1 1 1 0 0 0 1 0 0 0 1 1 1 1 1 1 0 1 0 1 1 0 0 1 1 1 1 0 0 1 1 1 3 1 0 1 2 1 0 0 0 0 0 0 1 1 1 1 0 0 1 2 2 2 2 2 
