31 31 31 31 31 31 31 31 31 31 30 31 31 31 31 31 31 31 31 31 32 32 33 33 34 34 34 34 35 35 35 35 35 35 35 35 35 36 36 36 36 36 37 37 37 37 38 38 39 39 39 39 40 40 41 41 42 42 43 43 43 44 44 44 44 44 44 44 45 45 46 47 47 47 47 48 48 48 49 49 
31 30 31 31 31 31 31 31 31 31 31 31 32 32 33 33 34 34 34 34 34 34 34 34 35 35 35 35 35 35 35 36 36 36 36 36 37 37 37 38 38 39 39 39 40 40 41 41 42 42 43 43 43 43 43 43 43 43 44 44 45 46 46 47 47 47 48 48 48 49 45 32 32 32 31 31 31 31 31 31 
31 31 31 30 31 31 31 32 32 33 33 34 33 33 34 34 34 34 34 34 34 34 34 35 35 35 35 35 35 36 36 36 37 37 38 38 38 39 39 39 40 40 41 41 42 42 42 42 42 43 43 43 43 44 45 45 46 46 46 47 47 47 48 48 49 33 32 32 32 32 31 31 31 31 31 31 30 31 30 30 
30 30 30 30 31 31 32 33 33 33 33 33 33 33 33 33 34 34 34 34 34 34 34 34 35 35 35 35 36 36 36 37 37 38 38 38 39 39 39 40 41 41 41 41 41 41 42 42 43 43 43 44 44 45 46 46 46 47 47 48 48 43 33 33 32 32 32 31 31 31 31 31 30 30 30 30 30 30 30 30 
30 30 31 31 32 32 33 33 32 32 33 33 33 33 33 33 33 33 33 34 34 34 34 34 34 35 35 36 36 36 37 37 38 38 38 39 39 40 40 40 40 40 40 40 41 42 42 43 43 44 44 45 45 46 46 47 47 48 43 34 33 33 32 32 32 31 31 31 31 30 30 30 30 30 30 30 30 30 30 30 
31 32 32 32 32 32 32 32 32 32 32 32 32 33 33 33 33 33 33 33 34 34 34 35 35 35 35 36 37 37 37 38 38 38 39 39 39 39 39 40 40 41 42 42 42 43 44 44 45 45 46 46 47 47 43 34 34 33 33 32 32 31 31 31 31 30 30 30 30 29 29 29 29 29 29 29 29 30 30 30 
31 32 32 32 32 32 32 32 31 32 32 32 32 32 32 33 33 33 33 34 34 34 34 35 36 36 36 37 37 38 38 38 38 38 39 39 40 41 41 42 42 43 44 44 44 45 45 46 47 44 35 34 34 33 33 32 32 31 31 31 30 30 30 29 29 29 29 29 29 29 29 29 29 29 29 30 30 31 31 31 
31 31 31 31 31 31 31 31 31 31 31 31 31 31 32 32 32 32 33 33 33 34 34 35 35 36 36 37 37 37 37 38 38 39 40 40 41 41 42 43 43 44 44 45 45 46 46 39 38 36 35 34 33 32 32 31 31 31 30 30 29 29 29 29 29 29 29 29 29 29 29 29 29 29 29 30 30 30 30 30 
31 31 31 31 31 31 31 31 31 31 30 30 30 30 31 31 31 32 32 33 33 33 34 34 34 35 35 36 36 37 37 38 39 40 40 41 41 42 43 43 44 44 45 45 46 43 41 40 38 37 36 35 34 33 32 31 30 30 29 28 28 29 29 29 29 29 29 29 29 29 29 29 29 29 30 30 30 30 30 30 
30 30 30 30 30 30 30 30 30 30 30 30 29 29 29 30 30 30 31 32 32 32 33 34 34 35 36 36 37 37 38 39 40 40 41 41 42 43 43 44 44 45 47 48 46 45 43 42 40 39 37 36 35 34 32 31 30 29 28 28 28 28 28 29 29 29 29 29 29 29 29 29 29 29 29 29 29 29 30 30 
30 30 30 30 30 30 30 30 30 30 29 29 29 29 29 28 28 29 30 31 32 32 33 34 35 35 36 37 37 38 39 39 40 41 41 42 43 43 44 44 45 53 51 50 50 50 50 50 50 50 50 50 50 50 50 50 50 50 50 50 50 50 50 50 50 50 50 50 50 50 50 50 50 50 50 50 50 50 50 50 
32 32 31 31 31 31 31 32 32 32 32 32 33 33 34 35 36 37 37 38 39 40 40 41 41 42 43 43 44 44 60 62 60 58 57 57 57 57 57 57 57 57 57 57 57 57 57 57 57 57 57 57 57 57 57 57 57 57 57 57 57 57 57 57 57 57 57 57 57 57 57 57 57 57 57 57 57 57 57 57 
35 35 35 35 36 36 37 37 38 38 39 40 40 40 41 41 42 43 43 57 81 78 75 72 68 65 61 58 54 53 53 53 53 53 53 53 53 53 53 53 53 53 53 53 53 53 53 53 53 53 53 53 53 53 53 53 53 53 53 53 53 53 53 53 53 53 53 53 53 53 53 53 53 53 53 53 53 53 53 53 
39 39 39 39 40 40 41 42 42 107 104 101 98 95 91 88 84 81 78 73 69 65 61 58 58 58 58 58 58 58 58 58 58 58 58 58 58 58 58 58 58 58 58 58 58 58 58 58 58 58 58 58 58 58 58 58 58 58 58 58 58 58 58 58 58 58 58 58 58 58 58 58 58 58 58 58 58 58 58 58 
122 121 120 120 118 116 112 109 106 102 99 95 90 86 82 78 75 72 69 66 64 61 59 57 56 56 56 56 56 56 56 56 56 56 56 56 56 56 56 56 56 56 56 56 56 56 56 56 56 56 56 56 56 56 56 56 56 56 56 56 56 56 56 56 56 56 56 56 56 56 56 56 56 56 56 56 56 56 56 56 
112 110 109 107 106 105 102 98 93 89 85 82 78 76 73 70 68 67 65 64 63 62 61 61 61 61 62 62 61 60 58 57 57 57 57 57 57 57 57 57 57 57 57 57 57 57 57 57 57 57 57 57 57 57 57 57 57 57 57 57 57 57 57 57 57 57 57 57 57 57 57 57 57 57 57 57 57 57 57 57 
86 85 83 82 80 78 77 75 73 70 68 66 64 63 62 63 62 62 61 61 60 59 58 57 56 56 56 56 56 56 56 56 56 56 56 56 56 56 56 56 56 56 56 56 56 56 56 56 56 56 56 56 56 56 56 56 56 56 56 56 56 56 56 56 56 56 56 56 56 56 56 56 56 56 56 56 56 56 56 56 
83 83 83 83 83 83 83 83 83 83 83 83 83 83 83 83 83 83 83 83 83 83 83 83 83 83 83 83 83 83 83 83 83 83 83 83 83 83 83 83 83 83 83 83 83 83 83 83 83 83 83 83 83 83 83 83 83 83 83 83 83 83 83 83 83 83 83 83 83 83 83 83 83 83 83 83 83 83 83 83 
79 79 79 79 79 79 79 79 79 79 79 79 79 79 79 79 79 79 79 79 79 78 78 78 78 78 78 78 78 78 78 78 78 78 78 79 34 34 33 32 32 36 40 43 46 49 51 52 52 52 53 53 53 53 53 53 54 55 56 56 56 56 56 56 56 56 56 56 56 56 56 56 56 56 56 56 56 56 56 56 
79 79 79 79 79 79 79 79 79 79 79 79 79 79 79 79 79 79 79 78 78 78 78 78 78 51 49 48 48 49 49 49 49 49 49 49 49 49 49 49 49 49 49 49 49 49 49 49 49 49 49 49 49 49 49 49 49 49 49 49 49 49 49 49 49 49 49 49 49 49 49 49 49 49 49 49 49 49 49 49 
79 79 79 79 79 79 79 79 79 79 79 79 79 79 67 76 72 68 66 66 66 66 66 66 66 66 66 66 66 66 66 66 66 66 66 66 66 66 66 66 66 66 66 66 66 66 66 66 66 66 66 66 66 66 66 66 66 66 66 66 66 66 66 66 66 66 66 66 66 66 66 66 66 66 66 66 66 66 66 66 
79 79 79 92 81 82 84 81 82 80 73 73 74 60 57 53 52 52 51 55 54 54 54 54 54 54 54 54 54 54 54 54 54 54 54 54 54 54 54 54 54 54 54 54 54 54 54 54 54 54 54 54 54 54 54 54 54 54 54 54 54 54 54 54 54 54 54 54 54 54 54 54 54 54 54 54 54 54 54 54 
79 75 77 80 80 85 88 90 88 81 77 70 64 57 50 44 39 39 45 51 50 60 69 78 86 87 88 71 81 81 81 81 81 81 81 81 81 81 81 81 81 81 81 81 81 81 81 81 80 80 80 80 80 80 80 80 80 80 80 80 80 80 80 80 80 80 80 80 80 80 80 79 79 0 0 0 1 1 0 0 
0 13 75 73 73 74 74 78 85 90 89 98 92 87 81 77 69 57 55 55 55 55 55 55 55 55 55 55 55 55 55 55 55 55 55 55 55 55 55 55 55 55 55 55 55 55 55 55 55 55 55 55 55 55 55 55 55 55 55 55 55 55 55 55 55 55 55 55 55 55 55 55 55 55 55 55 55 55 55 55 
77 77 76 71 75 67 82 95 110 116 109 101 93 86 81 82 82 82 82 82 82 82 82 82 82 82 81 81 81 81 81 81 81 81 81 81 81 81 81 81 81 81 81 81 81 81 81 81 80 80 80 80 80 80 80 80 80 80 80 80 80 80 2 0 0 1 2 0 0 2 2 1 0 0 1 1 0 1 2 8 
10 80 81 76 78 79 80 81 82 83 85 94 101 104 63 82 82 82 82 82 82 82 82 82 82 82 82 82 82 81 81 81 81 81 81 81 81 81 81 81 81 81 81 81 81 81 81 81 81 81 81 81 80 80 80 80 80 80 80 80 80 80 2 0 0 1 2 0 0 2 3 0 0 1 1 1 0 0 1 9 
4 1 33 77 73 76 77 80 83 105 108 101 94 92 78 82 82 82 82 82 82 82 82 82 82 82 82 82 82 82 82 82 81 81 81 81 81 81 81 81 81 81 81 81 81 81 81 81 81 81 81 81 81 81 80 80 80 80 80 80 80 42 2 0 0 0 1 0 0 1 0 0 0 0 0 0 0 0 4 6 
3 1 0 0 1 12 81 99 88 77 80 84 79 66 82 82 82 82 82 82 82 82 82 82 82 82 82 82 82 82 82 82 82 82 82 82 81 81 81 81 81 81 81 81 81 81 81 81 81 81 81 81 81 81 81 81 81 81 80 80 80 43 3 0 0 0 1 1 1 1 0 0 0 0 0 0 0 1 2 2 
1 0 0 0 1 0 65 76 89 85 85 79 83 72 83 83 83 83 82 82 82 82 82 82 82 82 82 82 82 82 82 82 82 82 82 82 82 82 82 81 81 81 81 81 81 81 81 81 81 81 81 81 81 81 81 81 81 81 81 81 81 42 2 0 0 0 1 1 1 1 0 0 0 0 0 0 0 0 1 1 
1 0 0 0 0 0 33 40 13 0 32 85 89 77 83 83 83 83 83 83 83 82 82 82 82 82 82 82 82 82 82 82 82 82 82 82 82 82 82 82 82 82 82 81 81 81 81 81 81 81 81 81 81 81 81 81 81 81 81 81 81 41 1 0 0 0 1 1 1 1 1 0 0 0 0 0 0 0 1 0 
0 0 0 0 0 0 20 63 23 0 0 34 68 81 83 83 83 83 83 83 83 83 83 83 83 82 82 82 82 82 82 82 82 82 82 82 82 82 82 82 82 82 82 82 82 82 82 81 81 81 81 81 81 81 81 81 81 81 81 81 81 40 0 0 0 0 1 1 1 1 1 0 0 0 0 0 0 0 0 0 
0 0 0 0 0 0 44 54 17 0 0 39 75 83 83 83 83 83 83 83 83 83 83 83 83 83 83 83 82 82 82 82 82 82 82 82 82 82 82 82 82 82 82 82 82 82 82 82 82 82 81 81 81 81 81 81 81 81 81 81 81 40 0 0 0 0 0 0 1 1 1 0 0 0 0 0 0 0 0 0 
0 0 0 0 0 0 1 0 0 0 36 68 78 83 83 83 83 83 83 83 83 83 83 83 83 83 83 83 83 83 83 83 82 82 82 82 82 82 82 82 82 82 82 82 82 82 82 82 82 82 82 82 82 82 81 81 81 81 81 81 81 41 1 0 0 0 0 0 1 1 1 0 0 0 0 0 0 0 0 0 
0 0 0 0 0 0 0 0 0 1 45 78 81 84 83 83 83 83 83 83 83 83 83 83 83 83 83 83 83 83 83 83 83 83 83 83 82 82 82 82 82 82 82 82 82 82 82 82 82 82 82 82 82 82 82 82 82 82 81 81 81 41 1 0 0 0 0 0 1 1 1 0 0 0 0 0 0 0 0 0 
0 0 0 0 0 0 0 0 0 1 50 83 83 84 84 84 84 83 83 83 83 83 83 83 83 83 83 83 83 83 83 83 83 83 83 83 83 83 83 82 82 82 82 82 82 82 82 82 82 82 82 82 82 82 82 82 82 82 82 82 82 40 0 0 0 1 1 1 1 0 0 1 0 0 0 0 0 0 0 0 
0 0 0 1 0 0 24 50 36 43 44 84 109 56 107 69 92 84 76 104 67 73 95 100 83 83 83 83 69 71 95 96 87 71 77 102 69 73 95 80 91 96 70 96 82 82 82 82 82 82 82 82 82 82 82 82 82 82 82 82 82 41 1 1 1 1 1 1 1 0 0 0 0 0 0 0 0 0 0 0 
0 0 0 1 0 0 57 77 68 65 33 89 120 43 115 64 95 84 75 114 82 82 82 82 82 82 82 82 82 82 82 82 82 82 82 82 82 82 82 82 82 82 82 82 82 82 82 82 82 82 82 82 82 82 82 82 82 82 82 82 82 82 82 82 82 82 82 82 82 82 82 82 82 82 82 82 82 82 82 82 
85 86 83 85 85 84 85 85 85 83 85 85 85 84 84 83 83 82 85 83 85 84 83 84 83 84 84 85 83 84 85 83 84 83 82 82 82 82 82 82 82 82 82 82 82 82 82 82 82 82 82 4 2 0 0 0 1 1 1 0 0 0 0 0 1 0 0 0 0 0 0 0 0 1 0 19 53 64 68 85 
85 85 85 85 85 85 85 85 84 84 84 84 84 84 84 84 84 66 70 97 98 88 83 83 83 83 83 83 83 83 83 83 83 83 82 82 82 82 82 82 82 82 82 82 82 82 82 82 82 82 43 3 0 0 0 1 2 1 1 0 0 0 0 0 0 0 0 0 0 0 0 0 0 1 0 0 0 35 75 85 
86 85 85 85 85 85 85 85 85 85 85 84 84 84 84 84 84 84 84 84 84 83 83 83 83 83 83 83 83 83 83 83 83 83 82 82 82 82 82 82 82 82 82 82 82 82 82 82 82 82 4 1 0 0 0 2 1 1 1 0 0 0 0 0 0 1 0 0 1 0 0 0 1 1 0 0 0 77 87 86 
86 86 85 85 85 85 85 85 85 85 85 85 85 84 84 84 84 84 84 84 84 84 84 83 83 83 83 83 83 83 83 83 83 83 82 82 82 82 82 82 82 82 82 82 82 82 82 82 82 82 3 0 0 0 0 1 0 0 0 0 0 0 0 0 0 0 0 0 0 0 0 0 0 0 0 0 4 86 86 86 
86 86 86 86 85 85 85 85 85 85 85 85 85 85 85 84 84 84 84 84 84 84 84 84 84 83 83 83 83 83 83 83 83 83 83 83 82 82 82 82 82 82 82 82 82 82 82 82 42 1 0 0 0 0 0 0 0 0 1 1 0 0 0 0 0 0 0 0 0 0 0 0 0 0 1 46 87 86 86 86 
86 86 86 86 86 85 85 85 85 85 85 85 85 85 85 84 84 84 84 84 84 84 84 84 84 84 83 83 83 83 83 83 83 83 83 83 83 82 82 82 82 82 82 82 82 82 2 1 0 0 0 0 0 0 0 1 2 1 0 0 1 0 1 0 0 1 0 0 0 0 0 1 62 88 87 87 87 87 86 86 
86 86 86 86 86 86 85 85 85 85 85 85 85 85 85 85 84 84 84 84 84 84 84 84 84 84 84 83 83 83 83 83 83 83 83 83 83 83 82 82 82 82 82 82 1 0 0 1 1 0 0 0 0 1 2 1 0 0 1 1 1 1 0 0 0 0 0 0 0 2 75 88 87 87 87 87 87 87 87 86 
86 86 86 86 86 86 86 85 85 85 85 85 85 85 85 85 85 84 84 84 84 84 84 84 84 84 84 84 83 83 83 83 83 83 83 83 83 83 82 82 82 82 1 0 1 1 1 0 0 0 0 1 2 1 0 0 1 1 2 1 0 0 0 0 0 0 0 2 88 88 87 87 87 87 87 87 87 87 87 86 
86 86 86 86 86 86 86 85 85 85 85 85 85 85 85 85 85 84 84 84 84 84 84 84 84 84 84 84 83 83 83 83 83 83 83 83 83 83 82 80 0 1 1 1 1 0 0 0 0 1 1 0 0 0 1 1 0 0 0 0 0 0 0 0 0 4 88 88 88 87 87 87 87 87 87 87 87 87 87 86 
86 86 86 86 86 86 86 85 85 85 85 85 85 85 85 85 85 85 84 84 84 84 84 84 84 84 84 84 83 83 83 83 83 83 83 83 83 0 1 2 2 2 1 0 0 0 0 0 0 0 0 0 2 1 0 0 1 0 0 0 0 0 61 88 88 88 88 88 88 88 87 87 87 87 87 87 87 87 87 87 
86 86 86 86 86 86 86 86 85 85 85 85 85 85 85 85 85 85 85 84 84 84 84 84 84 84 84 84 84 83 83 83 83 83 83 1 1 2 2 2 1 1 0 0 1 0 0 3 4 1 2 1 0 0 1 0 0 0 1 2 74 88 88 88 88 88 88 88 88 88 88 87 87 87 87 87 87 87 87 87 
86 86 86 86 86 86 86 86 85 85 85 85 85 85 85 85 85 85 84 84 84 84 84 84 84 84 84 84 84 83 83 83 81 1 1 1 1 1 1 1 1 1 0 0 2 7 6 1 0 0 0 0 0 0 0 0 2 7 87 89 89 88 88 88 88 88 88 88 88 88 87 87 87 87 87 87 87 87 87 87 
86 86 86 86 86 86 86 86 86 85 85 85 85 85 85 85 85 85 85 84 84 84 83 79 84 84 84 84 84 84 2 1 1 1 1 2 1 1 1 2 0 0 8 12 2 2 0 0 0 1 0 0 0 2 5 90 89 89 89 89 89 88 88 88 88 88 88 88 88 88 88 87 87 87 87 87 87 87 87 87 
86 86 86 86 86 86 86 86 86 85 85 85 85 85 85 85 85 85 85 80 74 84 84 84 84 84 84 41 1 1 1 1 1 2 1 1 1 1 0 3 6 3 2 1 0 0 0 0 0 1 1 33 75 89 89 89 89 89 89 89 89 88 88 88 88 88 88 88 88 88 88 87 87 87 87 87 87 87 87 87 
86 86 86 86 86 86 86 86 85 85 85 85 85 85 85 85 76 54 61 84 84 84 84 84 41 0 1 2 0 1 2 1 1 0 0 1 1 1 1 3 3 0 0 0 0 0 1 1 39 81 90 89 89 89 89 89 89 89 89 89 89 88 88 88 88 88 88 88 88 88 88 87 87 87 87 87 87 87 87 87 
86 86 86 86 86 86 86 86 85 85 85 85 85 85 85 85 85 85 85 84 84 82 0 1 1 0 0 1 1 0 0 0 1 1 0 0 1 3 0 0 0 0 0 2 2 7 85 90 90 90 90 89 89 89 89 89 89 89 89 89 88 88 88 88 88 88 88 88 88 88 87 87 87 87 87 87 87 87 87 87 
86 86 86 86 86 86 86 86 86 85 85 53 85 52 85 82 81 71 85 0 0 1 1 0 1 2 1 0 0 0 2 1 0 0 2 1 0 0 0 0 3 4 3 91 91 90 90 90 90 90 90 89 89 89 89 89 89 89 89 89 89 88 88 88 88 88 88 88 88 88 88 87 87 87 87 87 87 87 87 87 
86 86 86 86 86 86 86 86 86 85 85 75 51 60 73 54 18 0 0 0 0 0 1 1 0 0 0 1 1 0 0 0 0 1 1 0 0 2 3 34 75 90 90 90 90 90 90 90 90 90 90 89 89 89 89 89 89 89 89 89 89 88 88 88 88 88 88 88 88 88 88 87 87 87 87 87 87 87 87 87 
86 86 86 86 86 75 58 78 86 85 85 85 85 42 1 0 0 2 2 1 1 0 0 0 0 1 1 0 0 0 1 2 1 0 1 2 40 81 91 91 91 90 90 90 90 90 90 90 90 90 90 89 89 89 89 89 89 89 89 89 89 88 88 88 88 88 88 88 88 88 88 87 87 87 87 87 87 87 87 87 
86 86 86 86 86 86 86 86 86 86 85 3 2 0 2 238 3 92 82 63 81 85 42 1 2 1 80 21 76 5 76 32 0 74 74 74 74 74 74 74 74 74 74 74 74 74 74 74 74 74 74 74 74 74 74 74 74 74 74 74 74 74 74 74 74 74 74 74 74 74 74 74 74 74 74 74 74 74 74 74 
26 1 0 0 170 142 34 5 0 0 0 1 1 1 1 0 0 1 2 0 0 0 0 52 91 92 91 85 90 87 89 86 91 91 91 91 90 90 90 90 90 90 90 90 90 90 89 89 89 89 89 89 89 89 89 89 88 88 88 88 88 88 88 88 88 88 87 87 87 87 87 87 76 51 62 87 86 86 75 62 
0 0 0 2 1 0 0 0 0 0 1 1 1 1 0 0 0 1 0 0 0 42 83 91 92 92 92 92 91 91 91 91 91 91 91 91 91 91 90 90 90 90 90 90 90 90 90 89 89 89 89 89 89 89 89 89 89 88 88 88 88 88 88 88 88 88 88 88 87 87 87 87 87 87 87 87 87 87 86 42 
0 0 1 31 77 0 76 18 63 84 84 72 83 84 80 3 83 83 52 32 74 86 94 92 90 85 92 92 92 92 92 102 100 102 91 91 101 91 91 91 90 90 90 90 90 90 90 90 90 90 89 89 89 89 89 89 89 89 89 89 88 88 88 88 88 88 88 88 88 88 87 51 51 53 65 87 87 87 70 0 
0 0 1 54 1 0 0 32 10 84 84 1 27 84 11 41 8 7 52 36 0 98 98 98 98 98 98 98 98 98 98 98 98 98 98 98 98 98 98 98 98 98 98 98 98 98 98 98 98 98 98 98 98 98 98 98 98 98 98 98 98 98 98 98 98 98 98 98 98 98 98 98 98 98 98 98 98 98 98 98 
98 98 98 98 98 98 98 98 98 98 98 98 98 98 98 98 98 98 98 98 98 98 98 98 98 98 98 98 98 98 98 98 98 98 98 98 98 98 98 98 98 98 98 98 98 98 98 98 98 98 98 98 98 98 98 98 98 98 98 98 98 98 98 98 98 98 98 98 98 98 98 98 98 98 98 98 98 98 98 98 
98 98 98 98 98 98 98 98 98 98 98 98 98 98 98 98 98 98 98 98 98 98 98 98 98 98 98 98 98 98 98 98 98 98 98 98 98 98 98 98 98 98 98 98 98 98 98 98 98 98 98 98 98 98 98 98 98 98 98 98 98 98 98 98 98 98 98 98 98 98 98 98 98 98 98 98 98 98 98 98 
98 98 98 98 98 98 98 98 98 98 98 98 98 98 98 98 98 98 98 98 98 98 98 98 98 98 98 98 98 98 98 98 98 98 98 98 98 98 98 98 98 98 98 98 98 98 98 98 98 98 98 98 98 98 98 98 98 98 98 98 98 98 98 98 98 98 98 98 98 98 98 98 98 98 98 98 98 98 98 98 
98 98 98 98 98 98 98 98 98 98 98 98 98 98 98 98 98 98 98 98 98 98 98 98 98 98 98 98 98 98 98 98 98 98 98 98 98 98 98 98 98 98 98 98 98 98 98 98 98 98 98 98 98 98 98 98 98 98 98 98 98 98 98 98 98 98 98 98 98 98 98 98 98 98 98 98 98 98 98 98 
98 98 98 98 98 98 98 98 98 98 98 98 98 98 98 98 98 98 98 98 98 98 98 98 98 98 98 98 98 98 98 98 98 98 98 98 98 98 98 98 98 98 98 98 98 98 98 98 98 98 98 98 98 98 98 98 98 98 98 98 98 98 98 98 98 98 98 98 98 98 98 98 98 98 98 98 98 98 98 98 
98 98 98 98 98 98 98 98 98 98 98 98 98 98 98 98 98 98 98 98 98 98 98 98 98 98 98 98 98 98 98 98 98 98 98 98 98 98 98 98 98 98 98 98 98 98 98 98 98 98 98 98 98 98 98 98 98 98 98 98 98 98 98 98 98 98 98 98 98 98 98 98 98 98 98 98 98 98 98 98 
98 98 98 98 98 98 98 98 98 98 98 98 98 98 98 98 98 98 98 98 98 98 98 98 98 98 98 98 98 98 98 98 98 98 98 98 98 98 98 98 98 98 98 98 98 98 98 98 98 98 98 98 98 98 98 98 98 98 98 98 98 98 98 98 98 98 98 98 98 98 98 98 98 98 98 98 98 98 98 98 
98 98 98 98 98 98 98 98 98 98 98 98 98 98 98 98 98 98 98 98 98 98 98 98 98 98 98 98 98 98 98 98 98 98 98 98 98 98 98 98 98 98 98 98 98 98 98 98 98 98 98 98 98 98 98 98 98 98 98 98 98 98 98 98 98 98 98 98 98 98 98 98 98 98 98 98 98 98 98 98 
98 98 98 98 98 98 98 98 98 98 98 98 98 98 98 98 98 98 98 98 98 98 98 98 98 98 98 98 98 98 98 98 98 98 98 98 98 98 98 98 98 98 98 98 98 98 98 98 98 98 98 98 98 98 98 98 98 98 98 98 98 98 98 98 98 98 98 98 98 98 98 98 98 98 98 98 98 98 98 98 
98 98 98 98 98 98 98 98 98 98 98 98 98 98 98 98 98 98 98 98 98 98 98 98 98 98 98 98 98 98 98 98 98 98 98 98 98 98 98 98 98 98 98 98 98 98 98 98 98 98 98 98 98 98 98 98 98 98 98 98 98 98 98 98 98 98 98 98 98 98 98 98 98 98 98 98 98 98 98 98 
98 98 98 98 98 98 98 98 98 98 98 98 98 98 98 98 98 98 98 98 98 98 98 98 98 98 98 98 98 98 98 98 98 98 98 98 98 98 98 98 98 98 98 98 98 98 98 98 98 98 98 98 98 98 98 98 98 98 98 98 98 98 98 98 98 98 98 98 98 98 98 98 98 98 98 98 98 98 98 98 
98 98 98 98 98 98 98 98 98 98 98 98 98 98 98 98 98 98 98 98 98 98 98 98 98 98 98 98 98 98 98 98 98 98 98 98 98 98 98 98 98 98 98 98 98 98 98 98 98 98 98 98 98 98 98 98 98 98 98 98 98 98 98 98 98 98 98 98 98 98 98 98 98 98 98 98 98 98 98 98 
98 98 98 98 98 98 98 98 98 98 98 98 98 98 98 98 98 98 98 98 98 98 98 98 98 98 98 98 98 98 98 98 98 98 98 98 98 98 98 98 98 98 98 98 98 98 98 98 98 98 98 98 98 98 98 98 98 98 98 98 98 98 98 98 98 98 98 98 98 98 98 98 98 98 98 98 98 98 98 98 
98 98 98 98 98 98 98 98 98 98 98 98 98 98 98 98 98 98 98 98 98 98 98 98 98 98 98 98 98 98 98 98 98 98 98 98 98 98 98 98 98 98 98 98 98 98 98 98 98 98 98 98 98 98 98 98 98 98 98 98 98 98 98 98 98 98 98 98 98 98 98 98 98 98 98 98 98 98 98 98 
98 98 98 98 98 98 98 98 98 98 98 98 98 98 98 98 98 98 98 98 98 98 98 98 98 98 98 98 98 98 98 98 98 98 98 98 98 98 98 98 98 98 98 98 98 98 98 98 98 98 98 98 98 98 98 98 98 98 98 98 98 98 98 98 98 98 98 98 98 98 98 98 98 98 98 98 98 98 98 98 
98 98 98 98 98 98 98 98 98 98 98 98 98 98 98 98 98 98 98 98 98 98 98 98 98 98 98 98 98 98 98 98 98 98 98 98 98 98 98 98 98 98 98 98 98 98 98 98 98 98 98 98 98 98 98 98 98 98 98 98 98 98 98 98 98 98 98 98 98 98 98 98 98 98 98 98 98 98 98 98 
98 98 98 98 98 98 98 98 98 98 98 98 98 98 98 98 98 98 98 98 98 98 98 98 98 98 98 98 98 98 98 98 98 98 98 98 98 98 98 98 98 98 98 98 98 98 98 98 98 98 98 98 98 98 98 98 98 98 98 98 98 98 98 98 98 98 98 98 98 98 98 98 98 98 98 98 98 98 98 98 
98 98 98 98 98 98 98 98 98 98 98 98 98 98 98 98 98 98 98 98 98 98 98 98 98 98 98 98 98 98 98 98 98 98 98 98 98 98 98 98 98 98 98 98 98 98 98 98 98 98 98 98 98 98 98 98 98 98 98 98 98 98 98 98 98 98 98 98 98 98 98 98 98 98 98 98 98 98 98 98 
98 98 98 98 98 98 98 98 98 98 98 98 98 98 98 98 98 98 98 98 98 98 98 98 98 98 98 98 98 98 98 98 98 98 98 98 98 98 98 98 98 98 98 98 98 98 98 98 98 98 98 98 98 98 98 98 98 98 98 98 98 98 98 98 98 98 98 98 98 98 98 98 98 98 98 98 98 98 98 98 
