12 12 12 12 12 12 12 12 12 12 12 11 11 11 11 11 11 11 11 11 11 10 10 10 10 10 10 10 11 11 11 12 12 12 12 13 13 13 14 14 14 14 15 15 15 16 16 16 16 17 17 17 17 18 18 18 18 19 19 19 19 20 20 20 20 21 21 21 21 22 22 22 22 23 23 23 23 23 22 22 
12 12 12 12 12 12 12 12 12 12 11 11 11 11 11 11 11 11 11 10 10 10 10 10 10 10 11 11 11 12 12 12 12 13 13 13 14 14 14 14 15 15 15 15 16 16 16 16 17 17 17 17 18 18 18 18 19 19 19 20 20 20 20 21 21 21 21 22 22 22 23 23 23 23 23 22 22 16 13 13 
12 12 12 12 12 12 12 12 12 11 11 11 11 11 11 11 11 11 10 10 10 10 10 10 10 11 11 11 12 12 12 12 13 13 13 14 14 14 15 15 15 15 16 16 16 16 17 17 17 17 18 18 18 18 19 19 19 20 20 20 20 21 21 21 21 22 22 22 23 23 23 22 22 22 22 14 14 14 13 13 
12 12 12 12 12 12 12 12 11 11 11 11 11 11 11 10 10 10 10 10 10 10 11 11 11 11 12 12 12 13 13 13 13 14 14 14 14 15 15 15 15 16 16 16 16 17 17 17 17 18 18 18 19 19 19 19 20 20 20 21 21 21 22 22 22 22 23 23 22 22 22 22 17 15 14 14 14 13 13 13 
12 12 12 12 12 12 12 12 11 11 11 11 11 11 11 11 10 10 10 10 11 11 11 11 12 12 12 13 13 13 13 14 14 14 14 15 15 15 15 15 16 16 16 16 17 17 17 18 18 18 19 19 19 19 20 20 20 21 21 21 22 22 22 22 22 22 22 22 21 21 16 15 15 15 14 14 14 13 13 13 
13 12 12 12 12 12 12 12 12 12 11 11 11 11 11 11 11 11 11 11 11 11 12 12 12 12 13 13 13 13 14 14 14 14 15 15 15 15 15 15 16 16 16 17 17 17 18 18 18 19 19 19 20 20 20 20 21 21 21 22 22 22 22 22 22 21 21 21 17 16 16 16 15 15 15 14 14 14 14 13 
13 13 13 13 12 12 12 12 12 12 12 12 11 11 11 11 11 11 11 12 12 12 12 13 13 13 13 13 14 14 14 14 14 14 15 15 15 15 15 16 16 16 17 17 17 18 18 18 19 19 19 20 20 21 21 21 22 22 22 22 22 21 21 21 21 19 18 17 17 17 16 16 15 15 15 15 14 14 14 14 
13 13 13 13 13 13 12 12 12 12 12 12 11 11 11 12 12 12 12 12 13 13 13 13 13 13 14 14 14 14 14 14 14 14 15 15 15 16 16 16 17 17 17 18 18 19 19 19 20 20 20 21 21 22 22 22 22 21 21 21 20 20 20 19 18 18 18 17 17 17 16 16 16 16 15 15 15 15 14 14 
14 13 13 13 13 13 12 12 12 12 12 12 12 12 12 12 13 13 13 13 13 13 13 13 14 14 14 14 14 14 14 15 15 15 16 16 16 17 17 18 18 18 19 19 19 20 20 21 21 21 22 22 21 21 21 21 20 20 20 20 20 19 19 19 18 18 18 17 17 17 16 16 16 16 15 15 15 15 15 15 
14 13 13 13 13 12 12 12 12 12 12 13 13 13 13 13 13 13 13 13 13 14 14 14 14 14 14 14 15 15 15 16 16 17 17 17 18 18 19 19 20 20 20 21 21 21 21 21 21 20 20 20 19 19 22 22 21 21 20 20 20 19 19 19 18 18 18 17 17 17 17 16 16 16 16 16 15 15 15 15 
13 13 13 12 13 13 13 13 13 13 13 13 13 13 13 13 13 13 13 13 13 13 14 14 15 15 15 16 16 17 17 18 18 18 19 19 20 20 20 21 21 20 20 20 20 19 19 19 19 23 23 23 22 22 22 21 21 20 20 20 19 19 19 19 18 18 18 17 17 17 17 16 16 16 16 15 15 15 14 14 
13 13 13 13 13 13 13 13 13 13 13 13 13 13 13 13 13 14 14 15 15 15 16 16 17 17 18 18 18 19 19 20 20 20 20 20 19 19 19 19 18 18 18 24 24 24 24 23 23 23 22 22 22 21 21 21 20 20 20 19 19 19 18 18 18 18 17 17 17 16 16 16 15 15 15 14 14 14 13 13 
13 13 13 13 13 13 13 13 13 13 12 13 13 13 14 14 15 15 16 16 16 17 17 18 18 18 19 19 19 19 19 19 18 18 18 18 18 17 23 25 24 24 24 24 24 24 24 23 23 23 22 22 21 21 21 21 20 20 20 19 19 19 18 18 17 17 17 16 16 16 15 15 15 15 14 14 14 14 14 14 
13 13 13 12 12 12 12 13 13 13 14 14 15 15 15 16 16 17 17 17 18 18 18 19 18 18 18 18 18 18 17 17 17 20 25 25 25 25 25 25 25 25 25 24 24 23 23 23 22 22 22 21 21 21 20 20 20 19 19 19 18 18 17 17 17 16 16 16 15 15 15 15 14 14 14 14 14 14 13 13 
12 12 12 12 12 13 13 14 14 14 15 15 16 16 16 17 17 18 18 18 18 17 17 17 17 17 17 17 17 20 25 25 25 25 25 25 25 25 25 25 25 24 24 24 23 23 23 22 22 22 21 21 21 21 20 20 19 19 19 18 18 17 17 17 16 16 16 15 15 15 15 14 14 14 14 13 13 13 12 12 
12 13 13 14 14 15 15 15 16 16 16 17 17 17 17 17 16 16 16 16 16 16 16 16 26 26 26 26 26 25 25 25 25 25 25 25 25 25 24 24 24 23 23 23 23 23 22 22 22 22 21 21 20 20 19 19 18 18 18 17 17 16 16 16 15 15 15 14 14 14 13 13 12 12 12 11 11 11 11 11 
13 14 14 14 15 15 15 15 16 16 16 15 15 15 15 15 15 15 15 15 19 25 25 25 25 26 26 26 26 26 26 26 25 25 25 25 25 25 24 24 24 24 23 23 23 23 22 22 22 21 21 20 20 20 19 19 18 18 18 17 17 16 16 16 15 15 14 14 13 13 12 12 11 11 11 11 11 12 12 12 
13 13 13 14 14 14 14 14 14 14 14 14 14 15 15 15 15 15 15 21 24 24 25 25 25 25 25 25 25 25 26 26 25 25 25 25 25 25 24 24 24 24 24 23 23 23 23 22 22 22 21 21 20 20 20 19 19 18 18 18 17 17 16 16 15 14 14 13 13 12 12 11 10 10 11 11 11 11 12 12 
12 12 12 13 13 13 13 13 13 13 13 14 14 14 14 14 14 15 23 23 23 24 24 24 24 24 25 25 25 24 24 24 24 24 24 24 24 24 24 24 23 23 23 23 23 23 23 23 22 22 21 21 20 20 20 19 19 19 18 18 17 17 16 15 15 14 13 13 12 11 11 10 10 10 11 11 11 11 11 11 
11 11 11 11 11 11 12 12 12 12 13 13 13 13 14 14 14 23 23 23 23 23 23 23 23 23 23 23 23 23 23 23 23 23 23 23 23 23 23 23 23 23 23 23 22 22 22 22 22 22 22 21 21 20 20 20 19 19 19 18 18 17 16 15 15 14 13 13 12 11 10 10 10 10 10 10 10 10 10 10 
10 10 10 11 11 11 12 12 12 13 13 13 13 14 14 17 25 25 25 25 25 25 24 24 24 24 23 23 23 22 22 22 22 22 22 22 22 22 22 22 22 22 22 22 22 23 23 23 23 22 22 22 21 21 21 21 20 20 20 19 19 18 17 17 16 15 15 14 13 13 12 12 12 12 12 12 11 11 11 10 
10 10 11 11 11 11 12 12 12 12 13 13 13 13 16 23 24 24 25 25 25 25 25 25 25 25 24 24 24 23 23 22 22 22 22 22 22 22 22 22 23 23 23 23 23 23 23 24 24 23 23 23 23 22 22 22 22 21 21 21 20 19 19 18 18 17 17 16 15 15 15 14 14 13 13 12 11 11 10 10 
10 10 10 10 11 11 11 11 12 12 12 12 12 12 19 20 21 23 23 24 24 24 25 25 25 25 25 25 25 24 24 24 23 23 22 22 23 23 23 23 23 23 24 24 24 24 24 24 24 24 25 24 24 24 24 24 24 24 23 23 22 22 21 21 20 20 19 19 18 17 16 16 15 14 13 12 12 11 10 10 
11 11 11 11 11 12 12 12 12 12 12 12 12 79 81 17 18 19 19 20 21 22 23 24 24 24 24 24 24 24 24 24 24 24 24 23 23 23 24 24 24 25 25 25 25 25 25 25 25 25 25 25 25 25 25 25 25 25 25 24 24 24 24 23 23 23 22 22 21 20 19 18 17 16 15 14 13 13 12 12 
12 12 12 12 12 12 12 12 12 12 13 50 79 79 79 79 79 80 80 80 80 80 45 19 20 23 24 24 24 25 25 25 25 25 25 25 25 25 25 26 26 26 26 26 26 26 26 26 26 26 26 26 26 26 25 25 25 25 25 25 25 25 24 24 24 24 24 23 23 22 21 21 20 19 19 18 18 17 16 16 
15 14 14 14 14 14 14 13 13 50 79 79 79 79 79 79 79 80 80 80 80 80 80 80 80 80 80 81 46 17 17 17 17 23 25 25 25 25 25 25 25 25 25 25 25 25 25 25 25 25 25 25 25 25 25 25 25 25 25 25 25 25 25 25 25 25 25 25 25 25 25 25 25 24 23 22 21 21 20 19 
18 17 17 16 16 15 15 14 79 79 79 79 79 79 79 79 79 80 80 80 80 80 80 80 80 80 80 81 81 81 81 81 81 81 15 15 17 19 20 22 23 24 25 25 25 25 25 25 25 25 26 26 26 26 26 26 26 26 26 26 26 26 25 25 25 26 26 26 27 27 27 26 26 25 24 23 23 22 21 20 
19 18 17 17 16 15 15 14 79 79 79 79 79 79 79 79 79 79 80 80 80 80 80 80 80 80 80 80 81 81 81 81 81 81 81 81 81 81 82 82 82 83 16 16 17 17 18 18 19 20 21 22 23 24 25 25 25 25 25 25 25 25 25 25 25 25 24 24 24 24 25 25 25 24 24 23 22 21 20 20 
17 16 15 15 15 14 79 79 79 79 79 79 79 79 79 79 79 80 80 80 80 80 80 80 80 80 80 81 81 81 81 81 81 81 81 81 82 82 82 82 82 82 82 82 84 61 3 16 12 12 12 12 12 12 12 12 12 12 12 12 12 12 12 12 12 12 12 12 12 12 12 12 12 12 12 12 12 12 12 12 
79 79 79 79 79 79 79 79 79 79 80 80 80 80 80 80 80 80 80 80 81 81 81 81 81 81 81 81 81 82 82 82 80 64 0 2 1 1 1 0 4 1 0 17 18 18 18 19 17 15 14 16 15 20 20 20 20 20 20 19 19 20 20 20 20 20 20 20 20 19 19 18 17 19 18 78 78 79 79 79 
79 79 79 79 79 79 79 79 79 79 80 80 80 80 80 80 80 80 80 81 81 81 81 81 81 81 81 81 81 82 75 33 0 0 1 1 1 0 1 1 0 0 0 7 18 18 18 17 16 17 17 18 18 19 18 18 18 18 19 20 20 20 20 19 19 19 19 19 19 18 18 18 18 51 78 78 79 79 79 79 
79 79 79 79 79 79 79 80 80 80 80 80 80 80 80 80 80 80 81 81 81 81 81 81 81 81 82 78 0 0 0 0 0 1 0 0 0 1 1 0 0 0 2 17 18 18 17 17 16 16 16 17 18 20 19 18 16 14 14 15 16 17 18 18 18 18 19 19 18 18 16 78 78 78 79 79 79 79 79 79 
79 79 79 79 79 80 80 80 80 80 80 80 80 80 80 80 81 81 81 81 81 81 81 75 33 0 0 0 1 1 0 0 0 0 1 1 0 0 1 1 1 7 18 18 18 17 17 16 16 16 16 17 17 17 17 20 19 19 19 19 19 18 18 17 18 19 19 51 78 78 78 78 78 79 79 79 79 79 79 79 
79 79 80 80 80 80 80 80 80 80 80 80 80 80 81 81 81 81 70 0 0 0 1 1 4 3 0 0 0 1 1 0 1 0 1 1 2 1 2 18 18 18 18 17 16 16 18 16 17 16 16 16 19 20 18 22 21 21 20 20 22 21 21 78 78 78 78 78 78 78 79 79 79 79 79 79 79 79 79 79 
79 80 80 80 80 80 80 80 80 80 80 80 80 81 81 78 36 0 0 0 0 1 3 3 1 0 0 0 1 0 0 0 0 1 1 1 1 0 0 6 17 18 18 18 17 17 16 17 17 16 17 17 16 16 16 16 17 19 19 19 19 51 78 78 78 78 78 78 78 78 79 79 79 79 79 79 79 79 79 79 
80 80 80 80 80 80 80 80 80 80 80 79 65 24 0 0 1 0 0 2 2 0 0 0 0 0 0 0 1 1 1 1 1 1 0 0 0 1 6 17 17 17 17 17 17 16 17 18 18 17 17 17 16 15 15 15 16 16 50 78 78 78 78 78 78 78 78 78 79 79 79 79 79 79 79 79 79 79 79 79 
80 80 80 80 80 80 80 80 66 0 0 1 1 1 0 0 1 0 0 0 0 0 0 0 1 3 1 1 1 0 1 0 0 1 3 1 0 17 17 18 17 17 17 16 16 16 17 16 18 18 17 16 16 17 16 78 78 78 78 78 78 78 78 78 78 78 79 79 79 79 79 79 79 79 79 79 79 79 79 80 
80 80 80 78 62 1 0 0 0 1 1 0 0 0 0 0 0 0 0 0 0 1 2 1 0 0 0 1 0 0 1 3 1 0 0 0 0 17 17 17 16 16 16 16 15 16 17 18 19 18 17 17 78 78 78 78 78 78 78 78 78 78 78 78 79 79 79 79 79 79 79 79 79 79 79 79 79 79 80 80 
78 57 1 0 0 0 0 0 0 0 0 0 0 0 0 0 0 0 0 1 1 0 0 0 0 0 0 0 1 2 1 0 0 0 0 0 3 17 18 17 17 17 16 16 15 15 16 16 17 15 78 78 78 78 78 78 78 78 78 78 78 78 79 79 79 79 79 79 79 79 79 79 79 79 79 79 80 80 80 80 
1 0 0 0 0 0 0 0 0 0 0 0 0 0 0 0 0 1 1 0 0 0 0 0 0 0 1 2 1 1 1 0 0 0 0 0 0 3 18 18 17 16 16 17 16 16 15 14 78 78 78 78 78 78 78 78 78 78 78 78 78 79 79 79 79 79 79 79 79 79 79 79 79 79 79 80 78 57 0 0 
0 0 0 0 0 0 3 2 0 0 0 0 0 0 0 0 1 1 0 0 0 0 0 0 0 2 2 1 1 1 1 1 0 0 0 0 0 0 0 7 18 17 17 17 16 17 50 78 78 78 78 78 78 78 78 78 78 78 78 78 78 78 79 79 79 79 79 79 79 79 79 79 79 75 64 27 0 0 0 1 
0 0 0 0 0 3 5 1 0 0 0 0 0 0 0 1 2 0 0 0 0 0 1 1 2 3 1 1 2 2 1 0 0 0 0 0 0 0 0 0 0 3 19 18 17 14 78 78 78 78 78 78 78 78 78 78 78 78 78 78 78 78 79 79 79 79 79 79 79 79 79 78 64 0 0 0 0 0 0 0 
0 0 0 0 4 7 2 1 0 0 0 1 1 1 1 1 0 0 0 0 0 0 1 2 2 1 1 2 1 0 0 0 0 0 1 0 0 1 0 0 1 0 0 0 0 78 78 78 78 78 78 78 78 78 78 78 78 78 78 78 78 78 79 79 79 79 79 79 78 76 1 0 0 0 0 0 0 0 0 0 
0 0 0 0 3 7 2 1 0 0 1 1 1 1 1 1 0 0 0 0 0 0 1 1 0 0 1 2 1 0 0 0 0 0 0 0 0 1 1 1 2 1 0 0 0 78 78 78 78 78 78 78 78 78 78 78 78 78 78 78 78 78 78 78 79 79 79 74 65 0 1 0 0 0 0 0 0 1 0 0 
0 0 0 0 3 7 2 1 0 0 1 2 2 1 1 0 0 0 0 0 0 0 1 0 0 0 1 1 0 0 0 0 0 1 1 0 0 1 1 1 2 1 1 0 0 77 78 78 78 78 78 78 78 78 78 78 78 78 78 78 78 78 78 78 78 74 60 0 0 1 0 0 0 0 0 0 0 1 0 0 
0 0 0 1 3 4 1 0 0 0 0 1 1 0 0 0 1 0 0 0 0 0 1 1 1 1 1 1 0 0 0 0 0 1 1 0 0 0 1 1 1 0 0 0 0 1 1 77 74 78 78 78 78 78 78 78 78 78 78 77 78 74 76 65 0 0 0 0 0 0 0 0 1 0 0 0 0 1 0 0 
0 0 0 1 2 1 0 0 0 0 0 0 0 0 0 0 1 1 1 0 0 0 1 1 1 2 1 1 0 0 0 0 0 0 0 0 0 0 0 0 0 0 0 0 0 1 0 0 0 0 0 76 67 70 78 71 75 74 67 66 52 0 0 0 0 0 0 0 0 0 0 0 1 0 0 0 0 1 0 0 
0 1 1 1 2 0 0 0 0 0 0 0 0 0 0 0 1 1 1 1 1 1 1 1 1 1 1 1 0 0 1 1 1 0 0 0 0 0 0 0 0 0 0 0 0 0 0 0 1 1 1 1 0 0 1 0 0 0 0 0 0 0 0 0 0 0 1 0 0 0 0 0 0 0 0 0 0 1 1 0 
0 1 1 1 2 0 0 0 0 0 0 0 0 0 0 1 1 1 1 2 3 1 1 2 1 0 0 1 0 0 2 1 0 0 0 0 0 0 0 0 0 0 0 0 0 1 1 1 1 1 1 1 0 0 0 0 0 0 0 0 0 0 0 0 0 0 1 0 0 0 0 0 0 0 0 0 1 1 1 0 
0 1 1 1 2 0 0 0 0 0 0 0 0 0 0 1 0 0 0 3 5 2 1 1 1 0 0 0 0 0 2 2 0 0 0 0 0 0 0 0 0 0 0 0 1 2 1 1 1 1 1 1 0 0 0 0 0 0 0 0 0 0 0 0 0 0 1 1 0 0 0 0 0 0 0 0 1 1 1 1 
1 1 0 0 1 0 0 0 1 0 0 0 0 0 1 1 0 0 0 1 2 1 1 1 1 0 0 0 0 0 1 1 0 0 0 0 0 0 0 0 1 0 0 0 1 4 2 0 0 0 0 1 1 0 0 0 0 0 1 0 0 0 0 0 0 0 0 1 0 0 0 0 0 0 0 0 1 0 0 0 
1 0 0 0 0 1 0 0 1 0 0 0 0 1 1 0 0 0 0 1 0 0 1 1 1 1 0 0 0 0 0 0 0 0 0 0 0 0 0 1 2 0 0 1 2 4 2 0 0 0 1 1 1 0 0 0 0 0 1 0 0 0 0 0 0 0 0 1 0 0 0 0 0 0 0 0 1 0 0 0 
0 0 0 0 1 1 0 0 1 1 1 1 2 2 2 1 0 0 0 0 0 0 1 1 1 0 0 0 0 0 0 0 0 0 0 0 0 0 1 1 2 0 0 0 2 4 1 0 0 0 2 1 1 0 0 0 0 0 0 0 0 0 0 0 0 0 0 1 0 0 0 0 0 0 0 0 1 1 1 1 
0 0 0 1 3 2 0 0 2 3 2 2 3 3 2 1 0 0 0 0 0 1 1 1 1 0 0 0 0 1 2 0 0 0 0 0 0 0 1 1 0 0 0 0 2 3 0 0 0 0 1 1 1 0 0 0 0 0 0 0 0 0 0 0 0 0 0 1 0 0 0 0 0 0 0 0 1 1 1 0 
0 0 0 2 3 2 0 0 3 4 3 3 4 4 3 2 0 0 0 0 0 1 0 0 0 0 0 0 0 2 3 0 0 0 0 0 0 0 1 1 0 0 0 0 2 3 0 0 0 0 1 0 0 0 0 0 0 0 0 0 0 0 0 0 0 0 0 0 0 0 0 0 0 0 0 0 1 1 1 0 
0 0 0 1 2 1 0 0 1 2 2 2 3 2 2 2 2 1 0 0 0 0 0 0 0 0 0 0 0 1 1 0 0 0 0 0 0 0 0 0 0 0 0 0 1 2 0 0 0 0 0 0 0 0 0 1 0 0 0 0 0 0 0 0 0 0 0 0 0 0 1 0 0 1 1 0 0 0 1 1 
0 0 0 0 0 0 0 0 0 1 1 1 1 0 0 1 4 2 0 0 0 0 0 0 0 0 0 0 0 0 0 0 0 0 0 1 0 0 0 0 0 0 0 1 1 1 0 0 0 0 0 0 0 0 1 1 0 0 0 0 0 0 0 0 0 0 0 0 0 0 1 0 0 1 1 1 0 0 1 1 
0 0 0 0 0 0 0 0 0 0 1 1 0 0 0 1 3 2 0 0 0 0 0 0 0 0 0 0 0 0 0 0 0 0 0 0 0 0 0 0 0 0 1 1 1 0 0 0 1 0 0 0 0 0 1 1 0 0 0 1 1 1 0 0 0 0 0 0 0 0 1 0 0 0 1 1 1 0 0 1 
0 0 0 1 0 0 0 0 1 0 0 1 1 1 2 0 2 1 0 0 0 0 0 0 0 0 1 0 0 0 0 0 0 0 0 0 0 1 0 0 0 0 1 0 0 0 0 1 1 0 0 0 0 0 1 1 0 0 0 1 1 1 0 0 0 0 0 0 0 0 1 0 0 0 0 2 1 0 0 1 
1 0 0 1 0 0 0 0 1 0 0 0 0 2 2 0 0 1 0 0 0 0 0 0 0 0 1 0 0 0 2 1 0 0 0 0 0 1 0 0 0 1 1 0 0 0 1 1 1 1 0 0 0 0 1 1 0 0 0 1 1 0 0 0 0 0 0 0 0 0 1 1 1 1 1 1 1 1 1 1 
1 0 0 0 0 0 0 0 0 0 0 0 0 2 2 0 0 0 0 0 0 0 0 0 0 0 1 1 1 1 2 5 2 0 0 0 0 1 0 0 0 1 1 0 0 0 1 2 2 1 0 0 0 0 0 0 0 0 0 0 1 0 0 0 0 0 0 0 0 0 0 1 1 1 0 0 0 1 1 1 
1 0 0 0 0 0 0 0 0 0 0 0 0 2 2 0 0 0 0 0 0 0 0 0 0 0 0 1 1 2 4 10 5 0 0 0 1 0 0 0 1 1 0 0 0 1 1 2 2 1 1 0 0 0 0 0 1 3 3 1 1 0 0 0 0 0 0 0 1 1 0 0 1 1 0 0 0 0 1 1 
1 1 1 0 0 0 0 0 0 0 0 0 0 1 2 0 0 0 0 0 0 0 2 2 0 0 0 0 1 1 3 8 4 0 0 1 1 0 0 0 1 1 0 0 0 1 1 1 1 1 1 1 1 1 0 0 2 7 6 1 0 0 0 0 0 0 0 0 2 2 0 0 0 1 1 0 0 0 1 2 
1 1 2 1 0 0 0 0 0 0 0 0 0 0 0 0 0 0 0 0 0 1 4 4 0 0 0 0 0 0 1 3 2 0 1 2 2 4 5 0 0 0 0 0 0 1 1 1 1 1 1 1 1 1 1 0 2 9 8 2 1 0 0 0 0 0 0 0 3 3 0 0 0 0 1 0 0 0 1 2 
2 2 2 2 0 1 0 0 0 0 0 0 0 0 0 0 0 0 0 0 0 1 6 5 0 0 0 0 0 0 0 0 0 1 1 3 9 14 1 0 0 0 0 0 0 1 1 1 1 1 2 1 1 1 1 0 1 5 5 1 2 0 0 0 0 0 1 1 1 2 0 0 0 0 1 0 0 0 1 2 
2 2 2 1 2 4 1 0 0 0 0 0 0 0 0 0 0 0 1 1 1 1 4 6 4 1 1 0 0 0 0 0 1 1 2 4 16 45 32 0 0 1 1 0 0 0 1 2 1 0 2 1 1 0 0 1 1 1 1 2 4 1 0 0 0 0 1 1 1 0 0 0 0 0 0 0 0 0 1 1 
2 2 1 1 4 8 2 0 0 0 0 0 0 0 0 0 0 0 1 2 3 1 2 6 7 1 2 1 0 0 0 1 3 2 3 6 2 0 0 0 0 2 3 2 0 0 1 1 0 0 1 1 0 0 0 1 1 0 0 1 3 0 0 0 0 0 2 2 1 0 0 0 0 1 1 0 0 0 1 1 
1 1 3 7 2 0 0 0 0 0 0 0 0 0 0 0 0 2 2 0 1 5 6 1 2 1 0 0 0 1 2 1 2 5 18 32 16 33 2 8 14 15 0 0 0 1 0 0 1 1 0 0 0 0 1 0 0 0 1 0 0 0 0 1 3 3 2 0 0 0 0 1 1 0 0 0 0 0 1 1 
1 3 6 2 0 0 0 1 1 0 0 0 0 0 0 0 1 0 0 0 3 3 1 1 0 0 0 0 1 1 0 0 2 1 0 0 17 51 36 20 46 32 0 0 0 0 0 0 1 0 0 0 0 1 0 0 0 0 1 1 0 0 1 3 3 2 0 0 0 1 2 2 0 0 0 0 0 0 1 2 
2 3 4 1 0 0 0 1 1 1 0 0 0 1 0 0 0 0 0 0 1 1 0 0 0 0 0 0 0 0 1 1 0 17 39 11 0 0 0 0 0 0 1 0 0 1 2 1 1 0 0 0 0 1 1 0 0 0 0 2 2 0 0 2 2 1 0 0 0 1 2 2 1 0 0 0 0 0 1 2 
1 1 2 0 0 1 2 1 1 0 0 0 0 1 0 0 0 0 0 0 1 0 0 0 0 0 0 0 0 1 4 5 1 1 1 0 0 0 0 0 0 1 2 1 0 80 159 6 88 85 61 82 84 43 1 1 0 80 21 77 3 76 32 0 74 0 0 0 0 85 2 79 13 79 0 0 0 0 1 2 
1 1 0 0 0 2 2 1 0 0 0 0 1 2 1 0 1 0 0 1 0 0 0 0 0 0 0 0 0 1 8 10 1 77 154 19 36 16 50 69 88 34 2 0 0 3 4 1 97 175 101 73 138 95 15 1 0 56 1 3 2 0 32 0 10 0 0 0 0 85 32 2 2 78 0 1 1 1 1 1 
1 0 0 0 0 2 2 1 0 0 0 0 0 2 1 0 1 0 0 1 0 0 0 1 1 0 0 0 0 1 6 8 1 17 51 51 119 255 187 109 175 50 1 0 0 85 198 57 11 0 0 0 1 1 1 1 1 0 0 2 1 0 0 0 1 0 0 0 0 85 5 64 18 80 0 1 1 1 1 1 
1 1 0 0 0 1 2 1 1 1 1 0 0 1 1 0 0 1 0 0 0 0 1 2 2 1 0 0 0 0 3 5 1 17 51 34 1 2 0 17 34 0 0 0 0 1 2 0 0 0 0 0 1 1 1 1 1 0 0 1 0 0 0 1 1 0 0 0 0 1 1 1 1 0 0 1 2 2 1 0 
0 1 0 0 0 1 1 0 1 1 1 0 0 1 1 0 0 1 0 0 0 0 1 3 2 1 0 0 0 0 1 1 0 1 1 0 1 2 0 0 0 0 0 0 0 1 30 77 0 76 18 63 84 84 72 83 84 80 3 83 83 52 32 74 1 0 78 52 82 29 1 1 0 0 102 89 101 1 0 92 
0 1 0 0 1 1 1 0 0 1 0 0 0 1 0 0 1 0 0 0 0 1 2 2 2 1 1 0 0 0 0 0 0 17 51 49 42 21 0 0 9 16 0 0 0 1 54 0 0 0 32 10 84 84 1 26 84 11 42 8 6 52 36 0 0 0 60 80 11 84 0 1 0 0 102 0 0 0 102 1 
1 1 0 1 2 0 1 0 1 1 0 0 1 1 0 1 0 0 0 1 0 4 2 1 1 2 1 0 0 0 0 0 1 51 51 44 32 0 0 1 49 0 0 0 1 36 60 0 0 0 0 1 1 0 1 84 1 0 3 4 0 1 0 0 0 81 46 80 34 1 1 1 0 102 0 1 0 0 0 1 
1 1 1 1 1 51 102 51 0 1 0 0 0 1 1 1 0 0 0 1 1 2 1 0 0 1 1 0 0 0 0 0 0 34 51 17 1 0 0 0 1 2 2 2 2 2 2 2 2 2 2 2 2 2 2 2 2 2 2 2 2 2 2 2 2 2 2 2 2 2 2 2 2 2 2 2 2 2 2 2 
2 2 2 2 2 2 2 2 2 2 2 2 2 2 2 2 2 2 2 2 2 2 2 2 2 2 2 2 2 2 2 2 2 2 2 2 2 2 2 2 2 2 2 2 2 2 2 2 2 2 2 2 2 2 2 2 2 2 2 2 2 2 2 2 2 2 2 2 2 2 2 2 2 2 2 2 2 2 2 2 
2 2 2 2 2 2 2 2 2 2 2 2 2 2 2 2 2 2 2 2 2 2 2 2 2 2 2 2 2 2 2 2 2 2 2 2 2 2 2 2 2 2 2 2 2 2 2 2 2 2 2 2 2 2 2 2 2 2 2 2 2 2 2 2 2 2 2 2 2 2 2 2 2 2 2 2 2 2 2 2 
