0 0 0 1 2 0 0 0 1 1 3 1 0 0 1 1 1 2 2 0 2 1 0 1 0 1 0 0 1 1 2 1 0 0 0 0 0 0 1 2 1 1 1 1 0 0 0 0 0 0 0 2 2 1 1 1 1 1 1 1 1 0 0 1 1 0 0 0 0 0 0 0 1 2 3 1 0 0 1 1 
0 0 0 1 2 0 0 0 1 1 3 2 0 0 1 2 1 0 0 0 2 1 0 1 0 1 0 0 1 1 2 1 0 0 0 0 0 0 1 2 1 2 1 0 0 0 0 0 0 0 0 2 2 1 1 1 1 1 1 2 0 0 0 1 1 0 0 0 0 0 0 0 1 3 4 0 0 0 0 1 
0 0 0 1 1 0 0 0 0 1 2 1 0 0 1 1 1 0 0 1 1 1 0 0 0 0 0 0 1 1 1 0 0 0 0 0 0 0 1 1 1 1 1 0 0 0 0 0 0 0 0 1 1 1 1 1 0 0 1 1 0 0 0 1 1 0 0 0 0 0 0 0 0 2 3 0 0 0 0 0 
0 0 0 1 1 0 0 0 0 0 0 0 0 0 1 0 0 0 0 1 0 1 0 0 0 0 0 0 1 1 0 0 0 0 0 0 0 0 0 0 1 1 1 0 0 0 1 0 0 0 0 1 1 1 1 0 0 0 0 0 0 0 0 1 2 0 1 0 0 0 0 0 0 1 2 0 0 0 0 0 
0 0 0 1 1 0 0 0 0 0 0 0 0 0 1 0 0 1 1 1 0 0 0 0 0 0 1 1 1 1 0 0 0 0 0 0 0 0 1 0 1 1 0 0 0 0 1 1 0 0 1 1 1 1 1 0 0 0 0 0 0 0 1 1 2 0 0 0 0 1 0 0 0 0 1 0 0 0 0 0 
0 0 0 1 1 0 1 1 0 0 0 0 0 0 0 0 0 2 3 0 0 0 0 0 0 0 1 1 0 0 1 0 0 0 0 0 0 1 1 1 1 1 0 0 0 0 1 1 0 0 1 1 1 1 0 0 0 0 0 0 0 1 1 1 1 0 0 0 0 1 0 0 0 0 1 1 0 0 0 1 
0 0 0 0 1 0 1 1 1 0 0 1 0 0 0 0 0 3 4 0 0 0 0 0 0 0 2 1 0 0 1 0 0 0 0 0 0 1 2 1 1 0 0 0 0 0 1 1 1 0 2 1 0 1 0 0 1 0 0 0 0 1 1 1 1 0 0 0 1 2 0 0 0 0 0 1 0 0 0 1 
0 0 0 0 0 0 1 1 0 0 0 0 0 0 0 0 0 4 5 0 0 1 1 1 1 0 1 1 0 0 0 1 1 0 0 0 0 1 1 0 0 0 0 0 0 0 1 1 0 0 1 0 0 0 0 0 0 0 0 0 0 1 1 1 1 1 1 0 0 1 0 0 0 0 0 0 0 0 0 0 
0 0 0 0 0 0 0 0 0 0 0 0 0 1 1 0 0 5 7 1 0 1 2 2 2 0 0 0 0 0 0 2 1 0 0 0 0 1 1 0 0 1 0 0 1 1 0 0 0 0 1 0 0 0 0 0 0 0 0 0 0 0 1 1 2 1 2 1 0 0 0 0 0 0 1 0 0 0 0 0 
0 0 0 0 0 0 0 0 0 0 0 0 0 1 1 0 0 4 6 1 0 2 3 3 2 0 0 0 0 0 1 2 1 0 0 0 0 1 0 0 0 1 1 1 1 1 0 0 0 0 1 0 0 1 0 0 0 0 0 0 0 0 0 1 1 1 1 1 0 0 0 0 0 0 1 0 0 0 1 2 
0 0 0 1 1 0 0 0 0 1 1 0 0 0 0 0 0 2 3 0 1 2 4 4 1 0 0 0 0 0 3 2 1 0 1 0 1 1 0 0 0 1 1 1 0 0 1 1 0 0 0 0 1 2 1 0 0 0 0 0 0 0 0 0 1 0 1 0 0 0 0 0 0 0 1 0 0 0 1 4 
1 0 0 1 1 0 0 0 0 1 1 0 0 0 0 0 0 33 1 0 1 3 5 4 1 0 0 0 0 1 4 2 0 0 1 0 1 1 0 0 0 1 1 1 0 0 1 1 1 0 0 0 1 2 1 0 0 0 0 0 0 0 0 0 0 0 0 0 0 0 0 1 0 0 1 0 1 1 2 6 
0 0 0 0 0 0 0 0 0 1 1 0 0 0 0 0 0 46 1 0 1 3 5 4 1 0 0 1 1 1 2 1 0 1 2 0 1 1 0 0 0 0 1 1 1 0 1 1 0 1 1 0 1 1 0 0 0 0 0 0 1 0 0 0 0 0 1 1 0 0 1 1 0 0 0 0 1 1 1 3 
0 0 0 0 0 0 0 0 0 1 0 1 0 0 0 1 0 62 0 0 1 4 5 3 1 0 1 2 2 2 1 1 0 1 3 0 0 1 1 0 1 0 1 1 2 0 1 1 0 1 2 1 0 0 0 0 0 0 0 0 2 1 0 1 0 0 2 1 0 0 2 1 0 0 0 0 1 1 0 1 
1 0 0 0 0 0 0 0 1 1 0 1 0 0 0 2 1 67 0 0 1 4 4 2 1 0 1 1 2 1 0 1 0 1 2 0 0 0 0 0 1 0 0 1 2 0 1 0 0 1 3 1 0 0 1 0 1 1 0 0 2 1 0 1 0 0 2 2 1 0 2 1 0 0 0 0 1 1 1 2 
2 1 1 1 0 0 0 0 1 1 1 0 0 0 59 3 2 2 2 2 2 2 2 2 2 2 2 2 2 2 2 2 2 2 2 2 2 2 2 2 2 2 2 2 2 2 2 2 2 2 2 2 2 2 2 2 2 2 2 2 2 2 2 2 2 2 2 2 2 2 2 2 2 2 2 2 2 2 2 2 
1 0 0 50 60 18 48 32 14 4 0 1 1 1 1 0 0 0 0 0 0 0 0 0 0 0 0 0 0 0 0 1 1 1 1 1 0 0 0 2 1 0 0 0 1 1 1 0 0 1 0 0 1 1 0 0 1 2 0 0 0 0 0 0 0 0 0 1 2 1 0 0 0 1 0 0 0 0 0 0 
0 1 0 0 0 0 0 0 0 0 0 0 0 0 0 0 0 0 0 0 0 0 0 0 0 0 0 0 0 0 0 0 0 0 0 0 0 0 0 0 0 0 0 0 0 0 0 0 0 0 0 0 0 0 0 0 0 0 0 0 0 0 0 0 0 0 0 0 0 0 0 0 0 0 0 0 0 0 0 0 
0 1 1 1 1 0 0 1 0 0 0 1 0 0 1 1 0 0 0 0 1 2 1 0 0 0 0 0 0 0 0 0 0 0 0 0 1 2 1 0 0 1 2 1 0 1 1 1 1 0 0 0 0 1 2 1 1 1 0 0 0 0 1 2 1 0 0 0 0 0 0 0 0 10 78 85 77 22 15 58 
1 1 0 0 0 0 0 0 0 0 0 1 0 0 1 1 0 0 0 0 1 1 0 0 0 0 0 0 0 0 0 0 0 0 0 0 1 2 2 0 1 1 1 1 0 1 0 0 1 0 0 0 1 2 2 1 1 1 0 0 0 0 1 1 1 0 0 0 0 0 0 1 1 11 81 84 75 9 9 9 
3 2 0 0 0 0 0 0 0 0 0 1 0 0 1 0 0 0 0 0 0 1 0 0 0 0 0 0 1 1 0 0 0 1 3 1 1 2 1 1 1 1 1 1 1 2 1 0 0 0 0 1 2 3 2 0 0 1 1 0 0 0 1 0 0 1 1 0 0 0 1 1 2 13 84 86 75 9 12 10 
5 3 0 0 0 0 0 0 0 0 0 1 0 0 0 0 0 0 0 0 0 0 0 0 0 0 0 1 2 1 0 0 0 3 5 1 1 1 1 1 1 0 0 0 1 3 2 0 0 0 1 2 4 3 1 0 0 1 2 0 1 1 1 0 0 0 1 0 0 0 0 1 1 12 85 87 75 10 16 10 
4 2 0 0 1 2 1 0 0 0 0 0 0 0 0 0 0 0 0 0 0 0 0 0 0 0 1 1 1 1 0 0 0 3 4 1 0 1 1 1 1 1 1 1 1 2 1 0 0 0 1 2 3 3 0 0 0 1 1 0 2 1 1 0 0 0 0 0 0 0 0 0 1 12 84 88 72 10 11 10 
2 1 0 0 2 4 3 0 0 0 0 0 0 0 0 0 0 0 0 0 0 1 0 0 0 0 1 1 1 1 0 0 1 3 2 0 0 0 0 1 1 1 3 3 1 1 0 0 0 1 1 2 2 2 0 0 0 0 0 1 2 1 1 0 0 0 0 0 0 0 0 0 0 11 83 88 68 31 74 9 
1 0 0 0 3 5 3 0 0 0 0 0 0 0 0 0 0 0 0 0 0 1 1 0 0 0 2 2 0 0 1 1 1 2 0 0 0 0 0 1 1 2 5 5 1 0 0 0 0 1 1 1 1 1 0 0 0 0 0 1 4 3 1 0 0 1 1 0 0 0 1 0 0 10 80 83 67 19 139 9 
8 0 0 1 1 3 2 1 0 0 0 1 0 0 0 0 0 0 0 0 0 1 0 0 0 0 1 1 0 0 1 1 1 2 0 0 0 0 1 2 2 2 3 3 0 0 0 0 1 1 1 1 1 1 1 0 0 0 0 2 5 5 2 0 0 1 2 1 0 1 2 1 1 1 12 80 65 13 13 13 
1 2 0 0 0 0 196 193 191 188 0 0 0 2 1 0 0 1 1 1 1 1 2 1 1 0 0 1 3 3 2 1 0 0 1 1 1 1 1 1 1 0 1 2 2 1 1 1 13 2 3 3 1 0 1 1 1 0 0 10 8 1 0 1 80 72 110 83 68 9 1 1 2 0 0 0 1 4 2 1 
2 1 1 0 0 195 193 190 188 1 0 0 3 1 0 0 1 1 1 0 0 1 1 1 0 0 1 1 2 2 1 1 0 1 1 1 1 1 2 2 1 0 1 2 1 1 1 12 0 1 2 1 0 1 0 0 0 0 12 9 1 0 87 81 72 134 99 64 9 11 1 2 0 0 0 1 4 3 2 1 
2 1 1 0 0 195 193 190 187 1 1 0 4 1 0 0 1 1 0 0 0 1 2 1 0 0 1 0 2 2 0 1 0 1 1 0 1 0 3 2 1 0 1 2 1 1 1 12 1 1 1 0 0 0 0 0 0 0 7 5 1 0 85 82 72 52 10 65 9 9 1 1 0 1 1 1 3 2 1 1 
1 0 0 0 0 195 192 190 187 1 1 0 2 1 0 0 1 1 0 1 1 1 2 1 0 0 1 0 3 2 0 1 0 1 1 1 1 0 1 1 0 0 0 2 2 2 0 14 2 1 0 0 1 0 0 1 0 0 1 1 1 0 85 82 72 52 19 59 54 10 0 0 0 1 1 1 1 1 1 1 
0 0 0 0 0 194 192 189 187 1 1 0 0 1 1 1 0 1 0 1 2 0 3 1 0 0 1 0 4 3 0 1 0 1 1 1 2 0 0 0 0 1 0 1 3 3 0 16 1 1 0 0 1 0 0 1 1 0 0 0 0 0 83 79 69 51 27 51 47 9 0 0 0 4 3 1 1 1 1 1 
0 0 0 0 64 193 191 188 125 0 0 0 0 1 1 0 0 1 1 1 1 1 1 0 0 0 1 1 2 1 1 1 1 1 1 1 0 0 0 0 0 0 0 2 2 1 3 15 1 0 0 0 0 0 0 1 0 0 0 0 0 11 79 73 64 48 36 10 13 8 0 0 3 6 3 0 0 0 0 2 
1 0 0 0 129 192 189 187 64 1 0 0 0 1 0 0 0 0 1 1 1 1 0 0 0 0 1 2 1 1 2 2 1 0 0 0 1 0 0 0 0 0 2 3 1 0 8 12 0 0 0 0 0 0 0 1 0 0 0 0 0 49 75 75 75 75 75 75 75 75 75 75 75 75 75 75 75 75 75 75 
0 0 0 0 0 1 1 1 1 1 1 0 0 0 1 2 1 0 0 1 1 0 0 0 0 0 1 1 1 1 0 2 1 0 0 2 12 0 0 1 1 0 0 0 1 1 0 0 1 1 1 9 52 42 41 34 15 9 9 0 1 2 1 1 1 1 0 1 1 0 0 0 1 65 192 189 187 124 0 0 
0 0 0 0 0 1 2 1 1 0 0 0 0 0 1 2 0 0 0 0 0 0 0 0 0 0 1 1 3 2 1 2 0 0 0 2 12 0 0 1 1 0 0 1 1 0 0 0 1 1 1 7 41 28 35 28 13 9 9 0 0 1 0 0 0 0 0 1 1 0 0 0 0 64 191 189 187 124 0 0 
0 0 0 0 1 2 1 0 0 0 1 0 0 1 3 1 0 0 0 0 0 0 0 0 0 1 1 2 3 0 3 1 0 3 6 14 18 0 1 2 0 0 2 2 1 0 0 1 1 0 1 20 20 20 20 20 20 20 20 20 20 20 20 20 20 20 20 20 20 20 20 20 20 20 20 20 20 20 20 20 
0 0 0 1 2 1 1 1 0 0 0 0 0 0 0 0 0 0 0 0 0 0 5 12 12 20 12 0 0 1 0 0 1 0 0 0 0 0 0 0 0 11 15 15 15 15 15 15 15 15 15 15 15 15 15 15 15 15 15 15 15 15 15 15 15 15 15 15 15 15 15 15 15 15 15 15 15 15 15 15 
0 0 0 0 0 0 0 0 0 0 0 0 1 5 21 19 0 0 1 1 1 1 0 0 0 0 0 0 0 0 1 1 1 0 0 0 0 0 0 1 1 0 0 0 0 0 0 0 0 0 0 63 190 188 186 123 1 0 0 0 1 1 1 1 1 0 0 0 0 0 0 1 2 2 1 1 2 1 0 0 
0 0 0 1 0 0 1 0 0 1 0 0 0 3 20 19 0 0 1 1 1 1 1 0 0 0 0 0 0 0 1 0 0 0 0 0 0 0 0 1 0 0 0 0 0 0 0 0 0 0 0 63 190 187 185 123 1 0 0 1 1 1 1 1 1 0 0 0 0 0 0 1 1 0 0 1 2 1 0 0 
0 0 0 0 0 0 1 1 2 1 1 0 0 7 22 13 0 0 1 1 1 1 1 0 0 0 0 0 0 0 0 0 0 0 0 0 0 0 1 1 0 0 0 0 0 0 1 0 0 0 0 126 188 186 184 62 1 0 0 1 2 2 1 1 0 0 0 0 0 0 0 1 0 0 0 1 1 0 0 0 
0 1 2 0 0 1 2 1 3 2 1 1 0 19 24 0 0 0 0 1 1 1 1 0 0 0 0 0 0 0 0 0 0 0 0 0 0 1 1 0 0 1 0 0 0 1 1 0 0 0 0 190 188 186 184 0 1 0 0 1 1 1 0 0 1 1 0 0 0 0 1 2 1 1 1 1 1 0 0 0 
0 1 1 1 0 0 1 1 2 1 0 0 0 19 25 26 0 0 0 1 1 1 2 0 0 0 0 0 0 0 0 0 0 0 0 0 0 1 0 0 1 1 0 0 0 1 1 0 0 0 0 190 188 186 184 0 0 0 0 0 0 0 0 0 1 1 1 1 0 0 1 2 1 3 2 1 1 0 0 0 
0 1 0 1 0 0 0 1 0 0 0 0 0 17 24 26 0 1 0 1 1 1 1 0 0 0 0 0 0 0 0 0 0 0 0 0 0 1 0 0 1 1 0 0 0 1 1 0 0 1 1 190 188 186 184 0 0 0 0 0 0 0 0 0 1 1 1 1 2 1 1 2 1 2 1 1 1 0 1 1 
1 1 0 1 0 0 0 1 0 0 0 0 0 14 21 26 1 1 1 1 1 0 1 1 0 0 0 0 0 0 0 0 0 0 1 1 0 0 1 0 0 0 0 0 0 1 2 1 0 1 1 189 187 186 184 0 0 1 0 0 0 0 0 1 1 1 1 1 4 2 1 2 2 1 0 1 1 0 2 2 
1 0 1 0 0 0 0 0 0 0 0 0 0 3 3 3 3 3 3 3 3 3 3 3 3 3 3 3 3 3 3 3 3 3 3 3 3 3 3 3 3 3 3 3 3 3 3 3 3 3 3 3 3 3 3 3 3 3 3 3 3 3 3 3 3 3 3 3 3 3 3 3 3 3 3 3 3 3 3 3 
0 0 1 11 11 11 11 11 11 11 11 11 11 11 11 11 11 11 11 11 11 11 11 11 11 11 11 11 11 11 11 11 11 11 11 11 11 11 11 11 11 11 11 11 11 11 11 11 11 11 11 11 11 11 11 11 11 11 11 11 11 11 11 11 11 11 11 11 11 11 11 11 11 11 11 11 11 11 11 11 
0 0 0 0 0 0 0 0 0 0 0 0 0 0 1 0 0 0 0 0 0 0 0 1 1 1 1 0 0 0 1 3 2 0 0 2 3 2 2 3 3 2 1 0 0 0 0 0 1 1 1 1 0 0 0 0 1 2 0 0 0 0 0 0 0 1 1 0 0 0 0 14 31 17 13 8 0 1 1 1 
0 0 0 0 0 0 0 0 0 0 0 0 0 0 1 0 0 0 0 0 0 0 0 1 1 1 0 0 0 0 2 3 2 0 0 3 4 3 3 4 4 3 2 0 0 0 0 0 1 0 0 0 0 0 0 0 2 3 0 0 0 0 0 0 0 1 1 0 0 0 0 14 41 31 17 10 0 1 0 0 
0 0 0 0 0 0 0 0 0 0 0 0 0 0 0 0 0 0 0 0 0 0 0 1 1 1 0 0 0 0 1 2 1 0 0 1 2 2 2 3 2 2 2 2 1 0 0 0 0 0 0 0 0 0 0 0 1 1 0 0 0 0 0 0 0 0 0 0 0 0 0 14 41 31 19 17 17 17 17 17 
1 0 0 0 0 0 1 1 0 1 2 1 1 0 1 2 1 0 0 1 0 0 0 0 0 0 1 1 1 0 1 0 4 3 0 0 0 0 0 0 0 0 0 0 0 0 1 0 0 0 0 1 0 0 0 0 0 0 1 1 1 41 41 20 15 1 0 0 0 0 1 2 1 0 0 1 1 1 1 0 
0 0 0 0 0 0 2 1 0 0 1 1 1 1 0 1 1 0 0 1 1 0 0 0 1 1 0 1 1 1 3 0 2 2 1 0 0 0 0 0 0 0 1 1 0 0 1 0 0 0 0 1 0 1 1 0 0 0 1 1 0 41 41 15 17 1 0 0 0 0 1 2 1 0 0 1 1 2 1 0 
0 0 0 0 0 0 1 0 0 0 0 2 1 0 0 1 1 0 0 1 0 0 0 0 1 0 0 0 0 2 2 0 0 1 0 0 0 0 0 0 0 0 1 0 0 0 2 1 0 0 0 0 0 1 0 0 0 1 1 0 13 30 15 17 22 18 0 0 0 0 1 1 0 0 0 1 1 0 0 0 
0 0 0 0 0 0 1 1 1 1 1 1 1 1 1 1 1 0 0 0 0 0 0 0 0 0 0 0 0 3 1 0 0 0 0 0 0 0 0 0 0 0 1 1 1 1 4 4 1 0 0 0 0 1 0 0 1 1 1 0 27 21 21 23 25 14 0 0 0 0 0 0 0 0 0 1 1 0 0 0 
0 0 0 0 0 0 0 1 1 1 0 0 0 1 1 1 1 0 0 0 0 0 0 0 0 0 0 0 0 3 1 0 0 0 0 0 0 0 0 0 0 0 0 1 2 1 7 9 2 0 0 0 1 0 0 0 1 1 0 0 7 20 21 21 23 13 1 0 0 0 0 0 2 3 2 1 1 0 0 0 
0 0 0 1 2 0 0 1 1 1 0 0 0 1 1 2 1 1 1 0 0 0 0 0 0 0 0 0 1 3 0 0 0 0 0 0 0 2 3 0 0 0 0 1 2 1 9 6 0 0 1 1 1 0 0 1 2 1 0 0 18 19 20 22 22 2 1 1 1 1 0 0 6 9 1 1 0 0 0 1 
0 0 0 2 2 0 0 0 1 1 0 0 0 1 2 1 1 2 1 0 0 0 0 0 0 0 0 0 0 0 0 0 0 0 0 0 1 4 4 0 0 0 0 0 0 1 3 2 0 1 2 1 0 0 0 0 0 0 0 3 18 20 21 22 23 19 1 1 1 1 0 2 9 8 2 1 0 0 0 0 
0 0 1 4 2 0 0 0 0 1 0 0 0 1 2 2 2 2 1 1 1 0 0 0 0 0 0 0 0 0 0 0 0 0 0 0 3 7 3 0 0 0 0 0 0 0 0 0 1 2 3 1 0 0 0 0 0 0 0 6 18 20 21 22 23 24 14 1 1 1 0 3 6 3 2 1 0 0 0 0 
1 1 1 3 0 0 0 0 1 1 0 0 1 2 2 2 2 2 1 6 2 0 0 0 0 0 0 0 0 0 0 0 1 1 2 1 3 6 6 1 1 1 0 0 0 0 1 2 1 5 3 1 0 0 0 1 2 1 0 16 19 20 21 22 24 25 25 1 0 1 1 1 1 1 5 2 0 0 1 0 
1 1 1 0 0 0 0 0 0 0 0 0 1 1 2 2 1 1 7 6 1 0 0 0 0 0 0 0 0 0 0 0 1 3 2 1 3 8 4 2 2 0 0 0 0 2 3 1 5 4 1 0 0 0 1 2 3 1 5 17 19 20 22 23 24 24 25 13 0 1 1 0 0 2 2 0 0 0 0 1 
0 0 0 0 0 1 1 0 0 0 1 1 1 2 1 1 6 5 1 0 0 0 0 0 0 0 0 0 0 0 1 2 1 0 2 7 3 1 2 0 0 0 0 1 2 1 4 4 1 0 0 0 1 2 2 0 4 16 19 20 22 23 24 24 25 25 13 1 1 0 0 1 1 0 0 0 0 2 3 3 
0 0 0 0 1 1 0 0 0 0 0 1 1 2 1 3 6 2 0 0 0 1 1 0 0 0 0 0 0 0 1 0 0 0 3 3 1 1 0 0 0 0 1 1 0 0 2 1 0 0 0 0 1 1 0 1 15 17 19 21 22 23 23 23 24 25 20 1 0 0 0 0 1 1 0 0 1 3 3 2 
0 0 1 2 3 1 0 0 0 0 0 1 2 2 2 6 2 0 1 0 1 2 1 1 0 0 1 1 0 0 0 0 0 1 2 0 1 0 0 0 0 1 0 1 2 0 1 1 0 0 0 1 0 0 0 13 16 18 20 22 22 22 23 24 25 25 1 1 1 0 0 0 2 3 0 0 2 2 2 0 
0 0 1 2 3 2 0 0 0 0 0 1 2 2 1 3 1 0 1 2 2 1 1 0 0 0 2 1 0 0 0 0 0 1 1 0 0 0 0 0 0 0 0 3 8 1 1 1 1 0 0 0 0 0 0 12 14 17 19 21 21 21 22 23 25 25 23 1 2 1 0 0 4 5 0 0 0 1 0 0 
0 1 1 2 3 1 0 0 0 0 0 1 2 1 1 0 0 1 2 2 1 0 0 0 0 2 2 0 0 1 0 0 1 0 0 0 0 0 0 0 0 0 3 11 6 0 0 1 0 0 0 0 0 0 2 12 15 18 19 20 20 21 22 24 25 24 13 1 1 0 0 2 3 1 0 0 0 0 0 0 
0 1 2 2 2 0 0 1 1 1 1 1 1 0 0 0 0 2 2 1 0 0 0 0 0 2 1 0 1 0 0 1 0 0 0 1 1 0 0 0 0 1 6 8 1 0 1 0 0 0 0 0 0 0 1 1 1 1 1 1 1 1 1 1 1 1 1 1 1 1 1 1 1 1 1 1 1 1 1 1 
1 0 1 1 0 0 1 2 0 1 1 1 1 0 1 1 1 0 2 1 0 0 0 1 3 3 2 1 0 1 0 1 2 0 1 1 1 0 3 1 0 1 0 10 10 10 10 10 10 10 10 10 10 10 10 10 10 10 10 10 10 10 10 10 10 10 10 10 10 10 10 10 10 10 10 10 10 10 10 10 
1 0 0 0 1 0 0 0 0 0 0 0 2 2 1 1 1 1 0 0 0 0 0 0 1 1 0 0 0 0 0 1 1 9 10 12 13 14 15 16 17 19 20 19 18 15 13 9 0 2 3 1 0 0 0 0 0 0 0 0 0 1 1 0 0 0 0 0 0 0 0 1 1 1 1 1 0 0 0 0 
1 0 0 0 1 1 1 0 0 0 1 1 1 2 0 0 1 1 0 0 0 0 0 0 0 1 1 1 0 0 0 1 2 2 2 2 2 2 2 2 2 2 2 2 2 2 2 2 2 2 2 2 2 2 2 2 2 2 2 2 2 2 2 2 2 2 2 2 2 2 2 2 2 2 2 2 2 2 2 2 
2 2 2 2 2 2 2 2 2 2 2 2 2 2 2 2 2 2 2 2 2 2 2 2 2 2 2 2 2 2 2 2 2 2 2 2 2 2 2 2 2 2 2 2 2 2 2 2 2 2 2 2 2 2 2 2 2 2 2 2 2 2 2 2 2 2 2 2 2 2 2 2 2 2 2 2 2 2 2 2 
2 2 2 2 2 2 2 2 2 2 2 2 2 2 2 2 2 2 2 2 2 2 2 2 2 2 2 2 2 2 2 2 2 2 2 2 2 2 2 2 2 2 2 2 2 2 2 2 2 2 2 2 2 2 2 2 2 2 2 2 2 2 2 2 2 2 2 2 2 2 2 2 2 2 2 2 2 2 2 2 
2 2 2 2 2 2 2 2 2 2 2 2 2 2 2 2 2 2 2 2 2 2 2 2 2 2 2 2 2 2 2 2 2 2 2 2 2 2 2 2 2 2 2 2 2 2 2 2 2 2 2 2 2 2 2 2 2 2 2 2 2 2 2 2 2 2 2 2 2 2 2 2 2 2 2 2 2 2 2 2 
2 2 2 2 2 2 2 2 2 2 2 2 2 2 2 2 2 2 2 2 2 2 2 2 2 2 2 2 2 2 2 2 2 2 2 2 2 2 2 2 2 2 2 2 2 2 2 2 2 2 2 2 2 2 2 2 2 2 2 2 2 2 2 2 2 2 2 2 2 2 2 2 2 2 2 2 2 2 2 2 
2 2 2 2 2 2 2 2 2 2 2 2 2 2 2 2 2 2 2 2 2 2 2 2 2 2 2 2 2 2 2 2 2 2 2 2 2 2 2 2 2 2 2 2 2 2 2 2 2 2 2 2 2 2 2 2 2 2 2 2 2 2 2 2 2 2 2 2 2 2 2 2 2 2 2 2 2 2 2 2 
2 2 2 2 2 2 2 2 2 2 2 2 2 2 2 2 2 2 2 2 2 2 2 2 2 2 2 2 2 2 2 2 2 2 2 2 2 2 2 2 2 2 2 2 2 2 2 2 2 2 2 2 2 2 2 2 2 2 2 2 2 2 2 2 2 2 2 2 2 2 2 2 2 2 2 2 2 2 2 2 
2 2 2 2 2 2 2 2 2 2 2 2 2 2 2 2 2 2 2 2 2 2 2 2 2 2 2 2 2 2 2 2 2 2 2 2 2 2 2 2 2 2 2 2 2 2 2 2 2 2 2 2 2 2 2 2 2 2 2 2 2 2 2 2 2 2 2 2 2 2 2 2 2 2 2 2 2 2 2 2 
2 2 2 2 2 2 2 2 2 2 2 2 2 2 2 2 2 2 2 2 2 2 2 2 2 2 2 2 2 2 2 2 2 2 2 2 2 2 2 2 2 2 2 2 2 2 2 2 2 2 2 2 2 2 2 2 2 2 2 2 2 2 2 2 2 2 2 2 2 2 2 2 2 2 2 2 2 2 2 2 
2 2 2 2 2 2 2 2 2 2 2 2 2 2 2 2 2 2 2 2 2 2 2 2 2 2 2 2 2 2 2 2 2 2 2 2 2 2 2 2 2 2 2 2 2 2 2 2 2 2 2 2 2 2 2 2 2 2 2 2 2 2 2 2 2 2 2 2 2 2 2 2 2 2 2 2 2 2 2 2 
2 2 2 2 2 2 2 2 2 2 2 2 2 2 2 2 2 2 2 2 2 2 2 2 2 2 2 2 2 2 2 2 2 2 2 2 2 2 2 2 2 2 2 2 2 2 2 2 2 2 2 2 2 2 2 2 2 2 2 2 2 2 2 2 2 2 2 2 2 2 2 2 2 2 2 2 2 2 2 2 
2 2 2 2 2 2 2 2 2 2 2 2 2 2 2 2 2 2 2 2 2 2 2 2 2 2 2 2 2 2 2 2 2 2 2 2 2 2 2 2 2 2 2 2 2 2 2 2 2 2 2 2 2 2 2 2 2 2 2 2 2 2 2 2 2 2 2 2 2 2 2 2 2 2 2 2 2 2 2 2 
2 2 2 2 2 2 2 2 2 2 2 2 2 2 2 2 2 2 2 2 2 2 2 2 2 2 2 2 2 2 2 2 2 2 2 2 2 2 2 2 2 2 2 2 2 2 2 2 2 2 2 2 2 2 2 2 2 2 2 2 2 2 2 2 2 2 2 2 2 2 2 2 2 2 2 2 2 2 2 2 
