19 19 19 19 19 19 19 18 18 18 18 18 18 18 18 18 18 18 18 18 18 17 17 17 17 17 17 17 17 17 17 17 17 17 17 17 17 17 17 16 16 16 16 16 16 16 16 16 16 16 16 16 16 16 16 16 16 16 16 16 16 16 15 15 15 15 15 15 15 15 15 15 14 14 14 14 14 14 14 14 
18 18 18 18 18 18 18 18 18 18 18 18 18 18 18 18 17 17 17 17 17 17 17 17 17 17 17 17 17 17 17 17 17 17 17 16 16 16 16 16 16 16 16 16 16 17 17 16 16 16 16 16 16 16 16 16 15 15 15 15 15 15 15 15 15 14 14 14 14 14 14 14 20 20 19 19 19 19 19 19 
18 18 18 18 18 17 17 17 17 17 17 17 17 17 17 17 17 17 17 17 17 17 17 17 17 17 17 17 17 17 17 17 17 17 17 17 17 17 17 16 16 16 16 16 16 16 16 16 15 15 15 15 15 15 15 15 15 14 14 14 14 14 18 20 20 19 19 19 19 19 19 18 18 18 18 18 18 18 18 18 
17 17 17 17 17 17 17 17 17 17 17 17 17 17 17 17 17 17 17 17 17 17 17 17 17 17 17 17 16 16 16 16 16 16 16 16 15 15 15 15 15 15 15 15 15 14 14 14 14 20 20 20 20 19 19 19 19 19 19 18 18 18 18 18 18 18 18 18 18 17 17 17 17 17 17 17 17 17 17 17 
17 17 17 17 17 17 17 17 17 17 17 17 17 17 17 16 16 16 16 16 16 16 16 15 15 15 15 15 15 15 14 14 14 14 18 20 20 20 20 20 19 19 19 19 19 18 18 18 18 18 18 18 17 17 17 17 17 17 17 17 17 17 17 17 17 17 17 17 17 17 17 17 17 17 17 17 17 17 17 17 
17 16 16 16 16 16 16 15 15 15 15 15 15 14 14 14 14 14 18 21 20 20 20 20 20 19 19 19 19 18 18 18 18 17 17 17 17 17 17 17 17 17 17 17 17 17 17 17 17 17 17 17 17 17 17 17 17 17 17 17 17 17 17 17 17 17 17 17 17 17 17 17 17 17 17 17 17 17 17 17 
14 21 21 21 20 20 20 19 19 19 19 18 18 18 18 17 17 17 17 17 17 17 17 17 17 17 17 17 17 17 17 17 17 17 17 17 17 17 17 17 17 17 17 17 17 17 17 17 17 17 17 17 17 17 17 18 18 18 18 17 17 17 17 17 17 16 16 16 16 16 15 15 15 15 15 14 14 14 14 14 
17 17 17 17 17 16 16 16 16 16 16 16 16 17 17 17 17 17 17 17 17 17 17 17 17 17 17 17 17 17 17 17 17 17 17 17 17 18 18 18 18 18 17 17 17 17 17 17 16 16 16 16 16 15 15 15 15 15 14 14 14 14 13 13 18 21 21 20 20 20 19 19 19 19 18 18 18 18 17 17 
16 16 16 17 17 17 17 17 17 17 17 17 17 17 17 17 17 17 17 17 17 18 18 18 18 18 18 18 18 17 17 17 17 17 16 16 16 16 16 15 15 15 15 15 14 14 14 14 13 13 18 21 21 20 20 20 19 19 19 18 18 18 18 17 17 17 17 16 16 16 16 16 16 16 16 16 16 16 16 16 
17 17 17 17 17 17 17 17 17 17 18 18 18 18 18 18 18 18 18 18 18 17 17 17 17 16 16 16 16 16 15 15 15 15 14 14 14 13 13 13 15 20 20 20 20 20 19 19 19 18 18 18 18 17 17 17 16 16 16 16 15 15 15 15 15 15 15 15 15 15 15 16 16 16 16 16 16 17 17 17 
18 18 18 18 18 18 18 18 18 18 18 18 17 17 17 17 17 16 16 16 16 15 15 15 15 14 14 14 14 13 13 13 17 19 19 19 19 19 19 19 18 18 18 18 17 17 17 16 16 16 16 15 15 15 15 14 14 14 15 15 15 15 15 16 16 16 16 16 17 17 17 17 17 17 17 18 18 18 18 18 
18 18 18 18 18 18 18 17 17 17 17 16 16 16 16 15 15 15 15 14 14 14 13 13 13 13 16 19 19 19 19 18 18 18 18 18 18 17 17 17 16 16 16 16 15 15 15 15 14 14 14 14 14 15 15 15 15 15 16 16 16 16 17 17 17 17 17 18 18 18 18 18 18 18 18 18 18 18 18 18 
18 18 18 18 17 17 17 16 16 16 16 15 15 15 14 14 14 14 13 13 13 13 16 18 18 18 18 18 17 17 17 17 17 17 16 16 16 16 16 16 15 15 15 15 15 15 15 14 14 15 15 15 15 15 16 16 16 16 16 17 17 17 17 17 18 18 18 18 18 18 18 18 18 18 18 18 18 18 18 18 
17 17 16 16 16 16 15 15 15 14 14 14 13 13 13 12 12 15 17 17 17 17 17 17 16 16 16 16 16 16 16 16 16 16 16 16 16 15 15 15 15 15 15 15 15 15 15 15 15 15 16 16 16 16 17 17 17 17 17 18 18 18 18 18 18 18 18 18 18 18 18 18 18 18 18 18 18 18 17 17 
16 15 15 14 14 14 13 13 13 12 12 12 12 16 16 16 16 16 16 16 16 16 16 16 16 16 16 16 16 16 16 16 16 16 15 15 15 15 15 15 15 15 15 15 15 15 16 16 16 16 17 17 17 17 17 18 18 18 18 18 18 18 18 18 18 18 18 18 18 18 18 18 18 18 17 17 17 16 16 16 
15 14 14 14 13 13 12 12 12 12 13 16 16 16 16 16 16 16 16 16 16 16 16 16 16 16 16 16 16 16 16 16 16 16 15 15 15 15 15 15 15 15 15 15 15 16 16 16 17 17 17 17 18 18 18 18 18 19 18 18 18 18 18 18 18 18 18 18 18 17 17 17 17 16 16 16 16 15 15 15 
14 13 13 13 12 12 12 12 13 16 16 16 16 16 16 16 16 16 16 16 16 16 16 16 16 16 16 16 16 16 16 16 16 16 16 16 16 16 16 16 16 16 16 16 17 17 17 17 17 18 18 18 18 18 19 19 19 19 19 18 18 18 18 18 18 18 17 17 17 17 17 16 16 16 15 15 15 15 14 14 
13 13 13 13 13 14 16 16 16 16 16 16 16 16 16 16 16 16 15 15 16 16 16 16 16 16 16 16 17 17 17 17 17 17 17 17 17 17 17 17 17 17 17 18 18 18 18 18 19 19 19 19 19 19 19 19 19 19 19 19 18 18 18 18 17 17 17 17 17 16 16 16 16 15 15 15 15 15 14 14 
15 15 15 16 16 16 16 16 16 16 16 16 16 16 16 15 15 16 16 16 16 16 17 17 17 18 18 18 18 18 18 18 18 18 18 18 18 18 19 19 19 19 19 19 19 20 20 20 20 20 20 20 19 19 19 19 18 18 18 17 17 17 17 16 16 16 16 16 16 16 16 15 15 15 15 15 15 16 16 16 
16 16 16 16 16 16 16 16 16 16 16 16 16 16 16 16 17 17 18 18 19 19 20 20 20 20 20 20 20 20 20 20 21 21 21 21 21 21 21 21 21 21 21 21 20 20 20 19 19 19 18 18 18 17 17 17 17 16 16 16 16 16 16 16 16 16 16 16 16 17 17 18 18 13 13 14 14 15 15 16 
16 16 16 16 16 16 16 16 17 18 18 19 20 20 21 22 22 22 22 22 22 22 23 23 23 23 23 23 23 23 23 22 22 22 21 21 21 20 20 19 19 18 18 18 17 17 16 16 16 17 17 17 17 17 17 18 18 18 18 18 19 19 20 12 13 14 15 16 18 18 18 19 19 19 18 18 18 18 17 17 
16 16 16 17 18 19 20 21 22 23 23 23 23 23 23 24 24 24 24 24 23 23 23 22 22 21 21 20 20 20 19 19 18 18 18 17 17 17 16 16 16 17 17 17 18 18 19 19 19 20 20 20 21 21 22 17 17 17 17 18 16 16 17 17 18 23 23 23 22 22 22 21 20 19 19 18 17 16 16 16 
18 19 20 20 21 22 22 22 22 22 23 23 23 23 23 23 22 21 21 20 20 19 19 18 18 17 17 17 17 16 16 16 16 16 17 17 18 19 19 20 20 21 21 22 22 22 23 23 35 18 19 21 14 58 14 14 15 16 16 16 17 18 19 21 22 23 24 23 22 22 21 20 19 19 18 18 17 17 16 16 
18 18 18 18 18 19 19 19 19 20 20 19 19 18 18 17 17 16 15 15 15 15 15 15 15 15 15 16 16 17 18 18 19 20 21 22 22 23 24 24 24 24 24 24 24 24 24 24 24 24 24 24 24 24 24 24 24 24 24 24 24 24 24 24 24 24 24 24 24 24 24 24 24 24 24 24 24 24 24 24 
16 16 15 15 15 15 16 16 16 16 16 17 18 18 19 20 20 21 21 22 22 23 23 24 25 25 25 26 26 26 26 26 14 3 5 4 1 0 26 54 57 58 58 58 58 58 58 58 58 58 54 43 45 55 55 55 55 55 54 54 54 54 33 17 19 22 22 22 22 22 22 22 22 23 23 23 22 22 22 21 
20 20 20 20 20 20 20 20 19 20 21 21 22 22 23 23 24 24 25 25 25 25 26 26 26 26 26 26 26 20 2 4 4 2 0 0 1 2 42 49 56 56 56 58 54 52 45 55 55 55 55 54 54 54 54 54 54 54 54 54 54 54 54 52 52 55 19 19 19 20 22 23 23 23 24 23 23 23 23 23 
23 23 23 23 23 23 23 23 23 23 23 23 23 23 23 23 24 24 25 25 25 25 25 25 25 25 19 0 2 3 2 0 0 1 1 1 53 55 55 55 55 55 55 55 55 54 54 54 54 54 54 54 54 54 54 54 54 54 54 51 43 52 52 52 52 51 51 46 17 17 18 20 20 20 20 20 23 23 23 23 
24 24 24 23 23 23 23 22 22 22 22 22 23 23 23 23 23 23 23 24 24 25 26 24 24 18 0 0 1 1 0 0 0 0 0 49 54 54 54 54 54 54 54 54 54 54 54 54 54 54 54 54 54 54 54 54 54 53 45 52 52 52 52 52 51 30 44 18 17 17 17 17 17 18 17 18 18 18 19 19 
20 20 21 21 20 19 18 17 17 17 17 17 17 18 18 18 18 18 19 19 19 19 19 19 11 0 1 1 0 0 0 0 0 0 25 52 54 54 54 54 54 54 54 54 54 54 54 54 54 54 54 54 54 54 54 50 43 45 52 52 52 52 52 51 40 20 16 17 17 18 17 17 18 18 17 17 16 16 16 16 
17 17 18 19 19 18 16 16 15 14 14 13 12 12 12 12 12 12 12 12 12 12 12 12 12 12 12 12 12 12 12 12 12 12 12 12 12 12 12 12 12 12 12 12 12 12 12 12 12 12 12 12 12 12 12 12 12 12 12 12 12 12 12 12 12 12 12 12 12 12 12 12 12 12 12 12 12 12 12 12 
11 11 11 11 11 11 11 11 11 11 11 11 11 11 11 11 11 11 11 11 11 11 11 11 11 11 11 11 11 11 11 11 11 11 11 11 11 11 11 11 11 11 11 11 11 11 11 11 11 11 11 11 11 11 11 11 11 11 11 11 11 11 11 11 11 11 11 11 11 11 11 11 11 11 11 11 11 11 11 11 
0 0 1 0 0 0 0 1 0 0 0 1 0 20 47 54 54 54 54 54 54 54 54 54 53 47 47 52 52 52 52 52 52 49 40 39 22 0 0 2 2 0 0 0 0 0 0 0 1 1 7 18 18 18 18 18 18 18 18 18 17 17 16 16 16 16 16 17 17 17 16 16 15 15 14 13 13 10 8 0 
2 0 0 0 1 2 0 0 1 2 0 3 43 49 47 54 53 54 54 52 49 45 52 52 52 52 52 52 52 51 50 35 45 35 1 0 0 1 0 0 0 0 0 0 0 1 3 1 1 1 18 17 18 18 18 18 18 18 19 17 17 17 16 16 16 16 16 17 17 17 16 17 14 17 14 14 1 0 0 1 
1 2 1 0 0 1 2 0 3 3 50 52 52 52 36 52 52 52 52 52 52 52 52 52 52 52 49 42 50 35 1 1 0 0 0 0 0 0 0 0 0 0 1 2 1 0 0 0 1 0 17 17 18 18 18 18 18 18 19 18 18 15 16 16 19 18 18 17 17 17 16 15 14 2 0 0 1 2 0 0 
0 0 0 1 0 0 1 4 5 52 52 52 52 52 52 52 52 52 52 52 52 52 50 50 38 49 43 0 0 0 0 0 0 0 0 0 0 0 0 0 1 1 0 0 0 0 0 0 0 3 17 18 18 18 18 18 18 18 18 18 17 18 17 16 16 16 16 16 17 17 16 1 0 0 1 1 0 0 2 2 
1 1 0 0 1 9 12 41 52 52 52 52 52 52 52 52 52 50 52 44 36 50 39 0 0 0 0 0 1 0 0 0 0 0 1 0 0 1 1 1 0 0 0 0 0 0 1 2 2 1 17 17 18 18 18 18 18 18 18 18 18 17 17 14 13 16 17 17 4 1 0 0 1 1 0 1 2 0 0 0 
0 0 0 2 6 5 0 28 52 51 52 52 52 50 48 52 44 39 32 44 38 0 0 0 0 0 2 3 0 0 0 0 0 0 0 0 1 1 0 0 0 0 0 0 0 1 2 1 1 1 1 3 17 17 18 18 18 18 18 18 18 18 18 17 17 16 15 4 1 0 0 0 1 1 1 0 0 0 0 0 
0 2 3 2 1 0 28 51 40 52 48 45 38 34 31 44 40 33 1 0 0 0 0 0 2 7 2 0 1 0 0 0 0 0 1 3 1 0 1 0 0 1 1 2 4 1 1 2 2 2 0 1 0 17 17 17 18 18 18 18 18 18 17 17 17 4 1 0 0 1 2 1 1 1 0 1 0 0 0 0 
1 1 1 1 0 0 0 0 42 51 39 46 39 36 33 0 0 1 0 0 0 0 0 2 9 3 1 1 0 0 1 1 1 1 2 1 0 0 0 0 0 1 2 3 1 1 2 2 1 0 1 0 0 1 1 0 17 17 17 17 17 17 17 17 2 1 0 0 1 2 1 1 1 1 0 1 0 0 0 0 
1 0 0 0 0 0 0 0 0 1 0 0 0 0 0 0 0 0 0 0 0 0 0 3 7 2 1 0 0 1 1 1 1 1 1 0 0 0 0 0 0 1 1 0 0 1 2 1 0 0 0 0 0 0 0 0 1 1 3 17 18 17 17 14 0 0 0 0 1 1 1 1 1 0 0 0 0 0 0 0 
0 0 0 0 0 0 0 0 1 1 0 0 0 0 0 0 1 0 0 0 0 0 0 6 5 1 1 0 0 1 2 2 1 1 0 0 0 0 0 0 0 1 0 0 0 1 1 0 0 0 0 0 1 0 0 0 1 1 2 2 1 1 7 12 0 0 0 0 0 0 1 1 1 0 0 0 0 0 0 0 
0 0 0 0 0 0 0 0 1 0 0 0 0 0 0 0 1 0 0 0 0 0 1 4 3 0 0 0 0 0 1 1 0 0 0 1 0 0 0 0 0 1 1 1 1 1 1 0 0 0 0 0 1 1 0 0 0 1 1 1 0 0 0 1 1 0 0 0 0 0 1 1 1 0 0 0 0 0 0 0 
0 0 0 0 0 0 0 0 0 0 0 1 0 0 0 0 1 0 0 0 0 0 2 2 1 0 0 0 0 0 0 0 0 0 0 1 1 1 0 0 0 1 1 2 2 1 1 0 0 0 0 0 0 0 0 0 0 0 0 0 0 0 0 1 1 0 0 0 0 0 1 1 1 0 0 0 0 0 0 0 
0 0 0 0 0 0 0 0 0 0 0 1 0 0 0 0 1 0 0 0 1 1 2 1 0 0 0 0 0 0 0 0 0 0 0 1 1 1 1 1 1 1 1 1 1 1 1 0 0 1 1 1 0 0 0 0 0 0 0 0 0 0 0 0 0 0 0 1 1 1 1 0 0 1 0 0 0 0 0 0 
0 0 0 0 0 1 0 0 0 0 0 0 0 0 0 0 1 1 0 0 1 1 2 1 0 0 0 0 0 0 0 0 0 0 1 1 1 1 3 2 1 1 2 1 0 0 1 0 1 2 1 0 0 0 0 0 0 0 0 0 0 0 0 0 1 1 1 1 1 1 1 0 0 0 0 0 0 0 0 0 
0 0 0 0 0 1 0 0 0 0 0 0 0 0 0 1 1 1 0 1 1 1 2 1 0 0 0 0 0 0 0 0 0 0 1 0 0 1 4 4 1 1 1 0 0 0 0 0 1 2 1 0 0 0 0 0 0 0 0 0 0 0 0 2 2 1 1 1 1 1 1 0 0 0 0 0 0 0 0 0 
0 0 0 0 0 1 1 0 0 0 0 0 0 0 0 1 1 1 1 1 1 0 0 1 0 0 0 1 0 0 0 0 0 1 1 0 0 0 2 1 1 1 1 1 0 0 0 0 0 1 1 0 0 0 0 0 0 0 1 1 0 0 0 3 3 1 0 0 0 0 1 1 0 0 0 0 0 1 0 0 
0 0 0 0 0 0 1 0 0 0 0 0 0 0 0 1 0 0 1 1 0 0 0 1 1 0 0 1 0 0 0 0 1 1 0 0 0 0 1 0 0 1 1 1 1 0 0 0 0 0 0 0 0 0 0 0 0 0 2 1 0 0 1 3 3 1 0 0 0 1 1 1 0 0 0 0 0 1 0 0 
0 0 0 0 0 0 1 0 0 0 0 0 0 0 0 1 0 0 0 0 0 0 0 1 1 0 0 1 1 1 1 2 2 2 0 0 0 0 0 0 0 1 1 1 0 0 0 0 0 0 0 0 0 0 0 0 0 1 2 1 0 0 0 3 3 0 0 0 1 2 1 1 0 0 0 0 0 0 0 0 
0 0 0 0 0 0 1 0 0 0 0 0 0 0 0 1 1 1 1 0 0 0 2 3 1 0 1 3 2 2 2 3 3 2 1 0 0 0 0 0 1 1 1 1 0 0 0 0 2 1 0 0 0 0 0 0 0 1 1 0 0 0 0 3 2 0 0 0 1 1 1 1 0 0 0 0 0 0 0 0 
0 0 0 0 0 0 1 0 0 0 0 0 0 0 0 1 1 1 0 0 0 0 3 3 1 0 1 4 3 3 3 4 4 3 1 0 0 0 0 0 1 0 0 0 0 0 0 0 3 2 0 0 0 0 0 0 0 1 0 0 0 0 0 3 2 0 0 0 0 1 0 0 0 0 0 0 0 0 0 0 
0 0 0 0 0 0 0 0 0 0 0 0 0 0 0 1 1 1 0 0 0 0 1 2 0 0 0 2 2 2 2 3 2 2 2 2 0 0 0 0 0 0 0 0 0 0 0 0 1 1 0 0 0 0 0 0 0 0 0 0 0 0 0 2 1 0 0 0 0 0 0 0 0 1 1 0 0 0 0 0 
0 0 0 0 0 0 0 0 0 1 0 0 1 0 0 0 0 1 0 0 0 0 0 0 0 0 0 0 1 1 1 1 0 0 3 4 1 0 0 0 0 0 0 0 0 0 0 0 0 0 0 0 0 1 1 0 0 0 0 0 0 0 1 1 1 0 0 0 0 0 0 0 0 1 1 0 0 0 0 0 
0 0 0 0 0 0 0 0 0 1 0 0 1 1 1 0 0 1 1 0 0 0 0 0 0 0 0 0 0 1 1 0 0 0 2 3 1 0 0 0 0 0 0 0 0 0 0 0 0 0 0 0 0 0 0 0 0 0 0 0 0 1 1 1 0 0 0 1 0 0 0 0 0 1 1 0 0 0 1 1 
1 0 0 0 0 0 0 0 1 1 0 0 0 1 1 1 0 0 1 0 0 0 1 0 0 0 0 1 0 0 1 1 2 1 1 2 1 0 0 0 0 0 0 0 0 1 0 0 0 0 0 0 0 0 0 0 1 0 0 0 0 1 0 0 0 0 1 1 0 0 0 0 0 1 1 0 0 0 1 1 
1 0 0 0 0 0 0 0 1 1 0 0 0 1 2 1 0 0 1 1 0 0 1 0 0 0 0 1 0 0 0 0 3 1 0 0 1 0 0 0 0 0 0 0 0 1 0 0 1 2 1 0 0 0 0 0 1 0 0 0 1 1 0 0 0 1 1 1 1 0 0 0 0 1 1 0 0 0 1 1 
0 0 0 0 0 0 0 0 0 1 1 1 1 1 1 1 1 1 1 1 0 0 0 0 0 0 0 0 0 0 0 0 3 1 0 0 0 0 0 0 0 0 0 0 0 1 1 1 1 4 4 1 0 0 0 0 1 0 0 1 1 1 0 0 0 1 2 2 1 0 0 0 0 0 0 0 0 0 1 1 
0 0 0 0 0 0 0 0 0 0 1 1 1 0 0 0 1 1 1 1 0 0 0 0 0 0 0 0 0 0 0 0 3 1 0 0 0 0 0 0 0 0 0 0 0 0 1 2 1 7 9 2 0 0 0 1 0 0 0 1 1 0 0 0 1 1 2 2 1 1 0 0 0 0 0 2 3 2 1 1 
0 0 0 0 0 0 0 1 0 0 0 1 1 0 0 0 0 1 1 1 1 1 0 0 0 0 0 0 0 0 0 0 2 1 0 0 0 0 0 0 1 2 1 0 0 0 0 1 1 6 7 2 0 0 1 1 0 0 0 1 1 0 0 0 1 1 1 1 1 1 1 1 1 0 0 4 8 3 1 0 
0 0 0 0 0 0 0 3 1 0 0 0 1 1 0 0 0 1 2 1 1 2 0 0 0 0 0 0 0 0 0 0 0 0 0 0 0 0 0 0 2 5 2 0 0 0 0 0 0 2 3 1 0 1 2 2 6 2 0 0 0 0 0 1 1 1 1 1 1 1 1 1 1 0 0 5 10 5 2 0 
0 0 0 0 0 0 1 4 2 0 0 0 0 1 0 0 0 1 2 2 2 2 1 1 1 0 0 0 0 0 0 0 0 0 0 0 0 0 0 0 3 7 3 0 0 0 0 0 0 0 0 0 1 2 3 15 8 0 0 0 0 0 0 0 1 1 1 1 1 2 1 1 1 1 0 3 6 3 2 1 
0 0 0 0 0 1 1 2 1 0 0 0 0 1 0 0 0 1 2 2 2 2 1 4 3 0 0 0 0 0 0 0 0 0 0 0 0 1 1 1 2 5 6 2 1 1 0 0 0 0 0 1 1 3 3 30 47 16 0 0 1 1 0 0 0 1 2 0 1 2 1 1 0 0 1 1 1 1 3 3 
0 0 0 0 0 1 1 1 0 0 0 0 0 0 0 0 0 1 1 2 2 1 1 7 6 1 0 0 0 0 0 0 0 0 0 0 0 1 3 2 1 3 8 4 2 2 0 0 0 0 2 3 1 5 4 1 0 0 0 1 2 3 1 0 0 1 1 0 0 1 1 0 0 0 1 1 0 0 2 2 
0 0 1 2 2 0 0 0 0 0 1 1 0 0 0 1 1 1 2 1 1 6 5 1 0 0 0 0 0 0 0 0 0 0 0 1 2 1 0 2 7 3 1 2 0 0 0 0 1 2 1 4 4 33 16 33 16 4 9 18 7 0 0 0 1 0 0 1 1 0 0 0 1 1 0 0 1 1 0 0 
0 2 3 3 1 0 0 0 0 1 0 0 0 0 0 0 1 1 2 1 5 4 1 0 0 0 1 1 0 0 0 0 0 0 0 1 0 0 1 4 2 1 1 0 0 0 0 1 1 0 1 2 1 0 0 34 51 22 32 47 16 0 0 0 0 0 1 1 0 0 0 1 1 0 0 0 0 1 1 0 
0 2 3 3 1 0 0 0 1 2 1 0 0 0 0 0 0 1 2 2 4 3 0 0 0 0 1 1 1 0 0 0 1 0 0 0 0 0 0 1 0 0 0 0 0 0 0 0 0 1 0 0 34 28 5 0 0 0 0 0 1 1 0 0 2 2 1 1 0 0 0 0 1 1 0 0 0 1 2 1 
0 1 2 2 0 0 0 0 1 2 2 0 0 0 0 0 0 1 2 1 2 1 0 0 1 2 1 1 0 0 0 1 1 0 0 0 0 0 0 1 0 0 0 0 0 0 0 0 2 6 3 1 1 1 0 0 0 0 0 0 2 2 0 1 159 81 49 85 74 71 83 63 22 1 1 40 51 48 41 39 
54 16 37 37 0 0 0 42 43 38 40 41 39 0 0 0 0 1 2 1 1 0 0 1 2 2 1 0 0 0 0 2 2 0 0 1 0 0 1 0 0 0 0 0 0 0 0 0 3 11 6 0 154 78 37 18 33 50 88 69 18 1 0 1 4 3 7 176 134 69 124 122 55 8 1 28 28 2 3 1 
16 16 5 5 0 0 0 42 43 38 73 55 19 0 1 1 1 1 1 1 0 0 0 1 2 2 1 0 0 0 0 1 2 0 0 1 0 0 1 0 0 0 1 1 0 0 0 0 2 9 5 0 34 51 51 187 255 119 167 125 26 1 0 0 170 142 34 5 0 0 0 1 1 1 1 0 0 1 2 0 
0 0 0 1 0 0 0 42 43 38 39 36 35 0 1 1 1 1 1 1 1 0 0 0 2 1 1 1 1 1 0 0 1 1 0 1 1 0 0 0 0 1 2 2 1 0 0 0 1 5 3 1 34 51 17 2 1 0 34 17 0 0 0 0 2 1 0 0 0 0 0 1 1 1 1 0 0 0 1 0 
0 0 1 1 0 0 0 0 1 1 1 1 0 0 1 2 2 1 0 0 1 0 0 0 1 0 0 1 1 1 0 0 1 1 0 1 1 0 0 0 0 2 3 2 1 0 0 0 0 1 0 0 1 1 0 2 1 0 0 0 0 0 0 0 16 54 38 38 47 40 74 84 78 78 84 82 41 43 83 68 
42 53 37 1 13 13 0 0 0 1 1 0 51 95 95 51 1 46 46 0 1 0 0 1 1 1 0 0 1 0 0 0 1 0 0 1 0 0 0 0 2 2 2 2 1 1 0 0 0 0 0 0 34 51 48 37 11 0 0 17 8 0 0 0 27 27 0 0 16 21 47 84 42 14 55 48 26 25 8 29 
36 0 0 0 0 0 0 0 0 1 0 0 102 0 0 0 102 1 0 1 0 0 1 1 0 0 0 1 0 0 0 1 0 0 0 0 0 0 0 1 3 1 1 1 1 0 0 0 0 0 0 17 51 48 40 21 0 0 17 32 0 0 0 1 36 60 0 0 0 0 1 0 0 0 85 0 1 3 2 0 
1 0 0 0 53 82 0 0 1 1 1 0 102 0 1 0 0 0 1 1 1 1 1 1 102 102 0 1 1 0 0 1 1 1 1 0 0 1 1 1 3 1 0 1 2 1 0 0 0 0 0 0 51 51 1 1 0 0 1 2 2 2 2 2 2 2 2 2 2 2 2 2 2 2 2 2 2 2 2 2 
2 2 2 2 2 2 2 2 2 2 2 2 2 2 2 2 2 2 2 2 2 2 2 2 2 2 2 2 2 2 2 2 2 2 2 2 2 2 2 2 2 2 2 2 2 2 2 2 2 2 2 2 2 2 2 2 2 2 2 2 2 2 2 2 2 2 2 2 2 2 2 2 2 2 2 2 2 2 2 2 
2 2 2 2 2 2 2 2 2 2 2 2 2 2 2 2 2 2 2 2 2 2 2 2 2 2 2 2 2 2 2 2 2 2 2 2 2 2 2 2 2 2 2 2 2 2 2 2 2 2 2 2 2 2 2 2 2 2 2 2 2 2 2 2 2 2 2 2 2 2 2 2 2 2 2 2 2 2 2 2 
2 2 2 2 2 2 2 2 2 2 2 2 2 2 2 2 2 2 2 2 2 2 2 2 2 2 2 2 2 2 2 2 2 2 2 2 2 2 2 2 2 2 2 2 2 2 2 2 2 2 2 2 2 2 2 2 2 2 2 2 2 2 2 2 2 2 2 2 2 2 2 2 2 2 2 2 2 2 2 2 
2 2 2 2 2 2 2 2 2 2 2 2 2 2 2 2 2 2 2 2 2 2 2 2 2 2 2 2 2 2 2 2 2 2 2 2 2 2 2 2 2 2 2 2 2 2 2 2 2 2 2 2 2 2 2 2 2 2 2 2 2 2 2 2 2 2 2 2 2 2 2 2 2 2 2 2 2 2 2 2 
2 2 2 2 2 2 2 2 2 2 2 2 2 2 2 2 2 2 2 2 2 2 2 2 2 2 2 2 2 2 2 2 2 2 2 2 2 2 2 2 2 2 2 2 2 2 2 2 2 2 2 2 2 2 2 2 2 2 2 2 2 2 2 2 2 2 2 2 2 2 2 2 2 2 2 2 2 2 2 2 
2 2 2 2 2 2 2 2 2 2 2 2 2 2 2 2 2 2 2 2 2 2 2 2 2 2 2 2 2 2 2 2 2 2 2 2 2 2 2 2 2 2 2 2 2 2 2 2 2 2 2 2 2 2 2 2 2 2 2 2 2 2 2 2 2 2 2 2 2 2 2 2 2 2 2 2 2 2 2 2 
