122 121 120 119 118 117 116 115 114 113 112 111 110 109 109 108 107 106 105 104 103 103 102 102 101 101 100 100 100 99 99 99 99 99 99 99 100 101 101 102 103 103 104 104 104 105 105 106 107 108 109 110 111 112 113 114 115 116 117 118 118 119 120 121 121 122 122 123 124 124 125 125 126 126 126 127 127 128 128 128 
123 122 121 120 119 118 117 116 115 114 113 112 111 110 109 108 107 107 106 105 104 103 103 102 102 101 101 101 100 100 100 100 100 100 100 100 101 101 102 103 103 104 105 105 105 106 107 107 108 109 110 111 112 113 114 115 116 117 118 119 119 120 121 121 122 123 123 124 124 125 125 126 126 127 127 128 128 128 128 128 
124 123 122 121 120 120 119 118 117 115 114 113 112 111 110 109 108 107 106 105 105 104 103 103 102 102 101 101 101 100 100 100 101 101 101 101 102 102 103 103 104 105 105 106 106 107 108 109 110 111 112 112 113 114 115 116 117 118 119 119 120 121 122 122 123 124 124 125 125 126 126 127 127 128 128 128 128 128 128 128 
126 125 124 123 122 121 120 119 118 117 116 114 114 113 111 110 109 108 107 106 105 104 104 103 102 102 102 101 101 101 101 101 101 102 102 102 103 103 103 104 105 106 106 107 107 108 109 110 111 112 113 114 115 116 117 118 118 119 120 121 121 122 123 123 124 125 125 126 126 127 127 127 127 127 127 127 127 127 127 127 
127 126 125 124 123 122 121 120 119 118 117 116 115 114 113 112 110 109 108 107 106 105 104 103 102 102 102 102 102 102 102 102 102 102 103 103 103 104 104 105 105 106 107 108 109 109 110 111 112 113 114 115 116 117 118 119 120 121 121 122 123 123 124 125 125 126 126 127 127 127 127 127 127 126 126 126 126 126 126 126 
129 128 127 126 124 124 123 122 121 119 118 117 116 115 114 113 112 111 110 108 107 106 105 103 103 102 102 102 102 102 102 102 103 103 103 103 104 104 104 105 106 107 108 108 109 110 111 112 113 114 115 116 117 118 119 120 121 122 122 123 124 125 125 126 126 126 126 126 126 126 126 126 126 126 126 126 126 126 126 126 
130 130 128 127 126 125 124 123 122 121 120 119 118 116 115 114 113 112 111 110 108 107 106 105 104 103 102 102 102 102 102 103 103 103 103 104 104 104 105 105 106 107 108 109 110 111 112 113 114 115 116 117 118 120 121 121 122 123 124 124 125 125 126 126 126 126 126 126 126 126 126 126 125 125 125 125 125 125 125 125 
131 130 130 129 128 127 126 125 124 123 122 120 119 118 117 115 114 113 112 111 110 109 108 107 106 105 104 103 102 102 102 103 103 103 104 104 104 105 105 106 107 108 109 110 111 111 113 114 115 116 117 118 120 121 123 123 124 125 125 125 125 125 125 126 126 126 126 126 126 126 125 125 125 125 125 125 125 124 124 124 
131 130 130 129 129 128 128 126 125 124 123 122 121 119 118 117 116 115 113 112 111 110 109 108 108 107 106 105 104 103 102 102 103 103 103 104 104 105 105 106 107 108 109 110 111 112 113 114 116 117 118 119 121 122 123 124 125 125 125 125 125 125 125 126 125 125 125 125 125 125 125 125 125 124 124 124 124 124 123 123 
131 131 130 130 129 129 128 128 127 126 125 124 122 121 120 119 118 117 115 114 113 112 111 110 109 108 107 106 105 104 103 102 102 103 103 104 104 105 105 106 107 108 109 110 111 112 114 115 116 117 119 120 121 122 123 124 125 125 126 126 126 126 126 126 126 126 125 125 125 125 125 125 125 124 124 124 124 123 123 123 
131 131 131 130 130 129 128 128 128 127 127 125 124 123 122 120 119 118 117 116 115 114 113 112 111 109 108 107 106 105 104 104 103 102 102 103 104 104 105 106 107 108 109 110 111 112 114 115 116 117 118 119 120 122 123 124 125 126 126 126 126 126 126 126 126 126 125 126 126 126 125 125 124 124 124 124 123 123 123 122 
132 132 131 131 130 130 129 129 128 128 127 127 126 125 124 122 121 120 119 118 117 115 114 113 112 111 110 109 108 107 106 105 104 103 102 102 103 103 104 105 106 107 109 110 111 112 113 114 115 116 118 119 120 121 122 124 125 126 127 127 127 126 126 126 126 126 126 126 126 125 125 125 124 124 124 123 123 122 122 122 
133 133 132 132 131 131 130 130 129 128 128 127 127 126 125 124 123 122 121 119 118 117 116 115 114 113 111 110 109 108 107 106 105 104 103 102 102 102 103 104 105 106 108 109 110 111 112 113 114 115 117 118 119 120 121 123 124 125 127 127 127 127 127 127 127 126 126 126 126 125 125 124 125 124 124 123 122 121 120 119 
134 133 133 133 133 132 131 131 130 130 129 128 128 127 126 125 124 124 122 121 120 118 117 116 115 114 113 112 111 110 109 108 107 106 105 104 103 102 101 102 104 105 106 107 108 110 111 112 113 114 116 117 118 120 121 122 123 125 126 127 128 128 128 128 127 127 127 126 126 125 125 125 124 123 122 121 120 119 118 118 
135 135 135 134 134 133 133 132 131 131 130 130 129 128 127 126 126 125 124 123 121 120 119 118 117 116 115 114 112 111 110 109 108 107 106 105 104 103 102 102 102 103 105 106 107 108 109 110 112 113 115 116 117 119 120 122 123 124 126 127 128 129 129 128 128 128 127 126 125 124 124 123 122 121 120 119 118 118 116 116 
135 135 135 135 135 135 135 134 133 133 132 131 130 130 129 128 127 126 125 124 123 122 121 120 118 117 116 115 114 113 111 110 109 108 107 106 105 104 103 103 102 102 102 104 105 106 108 109 110 112 113 115 116 117 119 120 122 123 125 127 128 130 129 128 127 126 125 124 123 123 122 121 120 119 118 117 116 115 114 113 
135 135 135 135 135 135 135 136 135 135 134 133 132 132 131 130 129 128 127 126 125 123 122 121 120 119 117 116 115 114 112 111 110 109 108 107 106 105 104 103 103 102 102 101 103 104 106 107 109 110 112 113 115 116 118 119 121 122 123 124 125 126 127 126 125 124 123 122 122 121 120 119 118 117 116 115 114 113 112 111 
135 134 134 134 134 134 135 135 135 136 136 136 135 134 133 132 131 130 129 128 127 125 124 123 122 120 118 117 115 114 113 111 110 109 108 107 106 105 104 104 103 103 102 102 101 102 103 105 107 108 110 111 113 114 116 117 118 119 120 121 122 123 124 124 123 122 121 121 120 119 117 116 115 115 114 113 111 110 109 108 
133 133 133 133 133 133 133 134 134 135 135 135 136 137 136 135 134 133 132 131 129 128 126 124 122 120 119 117 115 113 112 110 109 108 107 106 105 105 104 103 103 102 102 102 101 101 101 103 105 106 108 109 110 112 113 114 115 116 117 118 119 119 120 121 121 120 119 118 117 116 115 114 113 112 111 110 109 108 107 106 
53 53 53 53 53 53 53 53 53 53 53 53 53 53 53 53 53 53 53 53 131 128 127 125 123 121 119 117 116 113 112 110 108 107 106 105 104 104 103 102 102 102 101 101 101 101 101 101 102 103 105 106 107 108 110 111 112 113 114 114 115 116 117 117 118 118 117 116 115 114 113 112 111 110 109 109 108 54 58 58 
53 53 53 53 53 53 53 53 53 53 53 53 53 53 53 53 53 53 53 53 53 53 53 53 53 53 53 53 53 53 53 53 53 53 53 53 53 53 53 53 53 53 53 53 53 53 53 53 53 53 53 53 53 53 53 53 53 53 53 53 53 53 53 53 53 53 53 53 53 53 53 53 53 53 53 53 17 58 58 58 
53 53 53 53 53 53 53 53 53 53 53 53 53 53 53 53 53 53 53 53 53 53 53 53 53 53 53 53 53 53 53 53 53 53 53 53 53 53 53 53 53 53 53 53 53 53 53 53 53 53 53 53 53 53 53 53 53 53 53 53 53 53 53 53 53 53 53 53 53 53 53 53 53 53 53 18 58 58 58 58 
53 53 53 53 53 53 53 53 53 53 53 53 53 53 53 53 53 53 53 53 53 53 53 53 53 53 53 53 53 53 53 53 53 53 53 53 53 53 53 53 53 53 53 53 53 53 53 53 53 53 53 53 53 53 53 53 53 53 53 53 53 53 53 53 53 53 53 53 53 53 53 53 53 53 53 17 58 58 58 58 
53 53 53 53 53 53 53 53 53 53 53 53 53 53 53 53 53 53 53 53 53 53 53 53 53 53 53 53 53 53 53 53 53 53 53 53 53 53 53 53 53 53 53 53 53 53 53 53 53 53 53 53 53 53 53 53 53 53 53 53 53 53 53 53 53 53 53 53 53 53 53 53 53 53 19 45 58 58 58 58 
53 53 53 53 53 53 53 53 53 53 53 53 53 53 53 53 53 53 53 53 53 53 53 53 53 53 53 53 53 53 53 53 53 53 53 53 53 53 53 53 53 53 53 53 53 53 53 53 53 53 53 53 53 53 53 53 53 53 53 53 53 53 53 53 53 53 53 53 53 53 53 53 53 53 19 54 58 58 58 58 
53 53 53 53 53 53 53 53 53 53 53 53 53 53 53 53 53 53 53 53 53 53 53 53 53 53 53 53 53 53 53 53 53 53 53 53 53 53 53 53 53 53 53 53 53 53 53 53 53 53 53 53 53 53 53 53 53 53 53 53 53 53 53 53 53 53 53 53 53 53 53 53 53 53 17 59 59 59 59 59 
53 53 53 53 53 53 53 53 53 53 53 53 53 53 53 53 53 53 53 53 53 53 53 53 53 53 53 53 53 53 53 53 53 53 53 53 53 53 53 53 53 53 53 53 53 53 53 53 53 53 53 53 53 53 53 53 53 53 53 53 53 53 53 53 53 53 53 53 53 53 53 53 53 18 57 59 59 59 59 59 
53 53 53 53 53 53 53 53 53 53 53 53 53 53 53 53 53 53 53 53 53 53 53 53 53 53 53 53 53 53 53 53 53 53 53 53 53 53 53 53 53 53 53 53 53 53 53 53 53 53 53 53 53 53 53 53 53 53 53 53 53 53 53 53 53 53 53 53 53 53 53 53 53 17 59 59 59 59 59 59 
53 53 53 53 53 53 53 53 53 53 53 53 53 53 53 53 53 53 53 53 53 53 53 53 53 53 53 53 53 53 53 53 53 53 53 53 53 53 53 53 53 53 53 53 53 53 53 53 53 53 53 53 53 53 53 53 53 53 53 53 53 53 53 53 53 53 53 53 53 53 53 53 56 56 56 56 56 56 56 56 
53 53 53 53 53 53 53 53 53 53 53 53 53 53 53 53 53 53 53 53 53 53 53 53 53 53 53 53 53 53 53 53 53 53 53 53 53 53 53 53 53 53 53 53 53 53 53 53 53 53 53 53 53 53 53 53 53 53 53 53 53 49 49 59 59 59 59 59 59 56 53 53 53 53 53 53 53 53 53 53 
53 53 53 53 53 53 53 53 53 53 53 53 53 53 53 53 53 53 53 53 53 53 53 53 53 53 53 53 53 53 53 53 53 53 53 53 53 53 53 53 53 53 53 53 53 53 53 53 53 53 53 53 53 53 53 53 53 53 53 53 38 35 55 59 59 59 59 59 59 56 53 53 53 53 53 53 53 53 53 53 
53 53 53 53 53 53 53 53 53 53 53 53 53 53 53 53 53 53 53 53 53 53 53 53 53 53 53 53 53 53 53 53 53 53 53 53 53 53 53 53 53 53 53 53 53 53 53 53 53 53 53 53 53 53 53 53 53 53 53 53 38 36 58 59 59 59 59 59 59 56 53 53 53 53 53 53 53 53 53 53 
53 53 53 53 53 53 53 53 53 53 53 53 53 53 53 53 53 53 53 53 53 53 53 53 53 53 53 53 53 53 53 53 53 53 53 53 53 53 53 53 53 53 53 53 53 53 53 53 53 53 53 53 53 53 53 53 53 53 53 56 56 56 56 56 56 56 56 56 56 56 56 56 56 56 56 56 56 56 56 56 
53 53 53 53 53 53 53 53 53 53 53 53 53 53 53 53 53 53 53 53 53 53 53 53 53 53 53 53 53 53 53 53 53 53 53 53 53 53 53 53 53 53 53 53 53 53 53 53 56 38 60 60 60 60 60 60 60 59 58 51 51 51 51 51 51 51 51 51 53 53 53 53 53 53 53 53 53 53 53 53 
53 53 53 53 53 53 53 53 53 53 53 53 53 53 53 53 53 53 53 53 53 53 53 53 53 53 53 53 53 53 53 53 53 53 53 53 53 53 53 53 53 53 53 53 53 53 53 57 16 51 60 60 60 60 60 60 60 60 59 51 51 51 51 51 51 51 51 51 51 51 51 53 53 53 53 53 53 53 53 53 
53 53 53 53 53 53 53 53 53 53 53 53 53 53 53 53 53 53 53 53 53 53 53 53 53 53 53 53 53 53 53 53 53 53 53 53 53 53 53 53 53 53 53 53 53 53 53 57 13 60 60 60 60 60 60 60 60 60 59 51 51 51 51 51 51 51 51 51 51 51 51 51 51 51 53 53 53 53 53 53 
53 53 53 53 53 53 53 53 53 53 53 53 53 53 53 53 53 53 53 53 53 53 53 53 53 53 53 53 53 53 53 53 53 53 53 53 53 53 53 53 53 53 53 53 53 53 56 56 56 56 56 56 56 56 56 56 56 56 56 56 56 56 56 56 56 56 56 56 56 56 56 56 56 56 56 56 56 56 56 56 
53 53 53 53 53 53 53 53 53 53 53 53 53 53 53 53 53 53 53 53 53 53 53 53 53 53 53 53 53 53 53 53 53 53 53 53 47 60 60 60 60 60 60 60 60 60 60 60 51 51 51 51 51 51 51 51 51 51 51 51 51 51 51 51 51 51 51 51 51 51 51 51 51 53 53 53 53 53 53 53 
53 53 53 53 53 53 53 53 53 53 53 53 53 53 53 53 53 53 53 53 53 53 53 53 53 53 53 53 53 53 53 53 53 53 53 18 62 60 60 60 60 60 60 60 60 60 60 60 51 51 51 51 51 51 51 51 51 51 51 51 51 51 51 51 51 51 51 51 51 51 51 51 51 51 51 51 53 53 53 53 
53 53 53 53 53 53 53 53 53 53 53 53 53 53 53 53 53 53 53 53 53 53 53 53 53 53 53 53 53 53 53 53 53 53 53 15 61 60 60 60 60 60 60 60 60 60 60 60 51 51 51 51 51 51 51 51 51 51 51 51 51 51 51 51 51 51 51 51 51 51 51 51 51 51 51 51 51 51 51 53 
53 53 53 53 53 53 53 53 53 53 53 53 53 53 53 53 53 53 53 53 53 53 53 53 53 53 53 53 53 53 53 53 53 53 58 40 60 60 60 60 60 60 60 60 60 60 60 59 51 51 51 51 51 51 51 51 51 51 51 51 51 51 51 51 51 51 51 51 51 51 51 51 51 51 51 51 51 51 51 51 
51 51 53 53 53 53 53 53 53 53 53 53 53 53 53 53 53 53 53 53 53 53 53 53 53 53 53 53 53 53 53 53 53 57 17 51 61 61 61 60 60 60 60 60 60 60 60 59 51 51 51 51 51 51 51 51 51 51 51 51 51 51 51 51 51 51 51 51 51 51 51 51 51 51 51 51 51 51 51 51 
51 51 51 51 51 53 53 53 53 53 53 53 53 53 53 53 53 53 53 53 53 53 53 53 53 53 53 53 53 53 53 53 53 68 35 60 61 61 61 61 61 61 61 61 60 60 60 59 51 51 51 51 51 51 51 51 51 51 51 51 51 51 51 51 51 51 51 51 51 51 51 51 51 51 51 51 51 51 51 51 
51 51 51 51 51 51 51 51 53 53 53 53 53 53 53 53 53 53 53 53 53 53 53 53 53 53 53 53 53 53 53 53 57 27 46 61 61 61 61 61 61 61 61 61 61 61 61 60 51 51 51 51 51 51 51 51 51 51 51 51 51 51 51 51 51 51 51 51 51 51 51 51 51 51 51 51 51 51 51 51 
51 51 51 51 51 51 51 51 51 51 51 53 53 53 53 53 53 53 53 53 53 53 53 53 53 53 53 53 53 53 53 53 56 22 55 61 61 61 61 61 61 61 61 61 61 61 61 60 51 51 51 51 51 51 51 51 51 51 51 51 51 51 51 51 51 51 51 51 51 51 51 51 51 51 51 51 51 51 51 51 
51 51 51 51 51 51 51 51 51 51 51 51 51 51 52 53 53 53 53 53 53 53 53 53 53 53 53 53 53 53 53 53 56 53 60 61 61 61 61 61 61 61 61 61 61 61 61 55 51 51 51 51 51 51 51 51 51 51 51 51 51 51 51 51 51 51 51 51 51 51 51 51 51 51 51 51 51 51 51 51 
51 51 51 51 51 51 51 51 51 51 51 51 51 51 51 51 51 52 53 53 53 53 53 53 53 53 53 53 53 53 53 53 65 58 61 61 61 61 61 61 61 61 61 61 61 61 61 55 51 51 51 51 51 51 51 51 51 51 51 51 51 51 51 51 51 51 51 51 51 51 51 51 51 51 51 51 51 51 51 51 
51 51 51 51 51 51 51 51 51 51 51 51 51 51 51 51 51 51 51 51 52 53 53 53 53 53 53 53 53 53 53 38 46 60 62 62 62 62 62 61 61 61 61 61 61 61 61 55 51 51 51 51 51 51 51 51 51 51 51 51 51 51 51 51 51 51 51 51 51 51 51 51 51 51 51 51 51 51 51 51 
51 51 51 51 51 51 51 51 51 51 51 51 51 51 51 51 51 51 51 51 51 51 51 52 53 53 53 53 53 53 53 36 42 61 62 62 62 62 62 62 62 62 62 61 61 61 61 55 51 51 51 51 51 51 51 51 51 51 51 51 51 51 51 51 51 51 51 51 51 51 51 51 51 51 51 51 51 51 51 51 
51 51 51 51 51 51 51 51 51 51 51 51 51 51 51 51 51 51 51 51 51 51 51 51 51 51 52 53 53 53 53 53 54 62 62 62 62 62 62 62 62 62 62 62 62 62 62 55 51 51 51 51 51 51 51 51 51 51 51 51 51 51 51 51 51 51 51 51 51 51 51 51 51 51 51 51 51 51 51 51 
51 51 51 51 51 51 51 51 51 51 51 51 51 51 51 51 51 51 51 51 51 51 51 51 51 51 51 51 51 52 53 60 59 63 63 63 63 63 62 62 62 62 62 62 62 62 62 56 51 51 51 51 51 51 51 51 51 51 51 51 51 51 51 51 51 51 51 51 51 51 51 51 51 51 51 51 51 51 51 51 
51 51 51 51 51 51 51 51 51 51 51 51 51 51 51 51 51 51 51 51 51 51 51 51 51 51 51 51 51 51 37 43 62 63 63 63 63 63 63 63 63 63 62 62 62 62 62 56 51 51 51 51 51 51 51 51 51 51 51 51 51 51 51 51 51 51 51 51 51 51 51 51 51 51 51 51 51 51 51 51 
51 51 51 51 51 51 51 51 51 51 51 51 51 51 51 51 51 51 51 51 51 51 51 51 51 51 51 51 51 51 36 41 63 64 63 63 63 63 63 63 63 63 63 63 63 63 62 56 51 51 51 51 51 51 51 51 51 51 51 51 51 51 51 51 51 51 51 51 51 51 51 51 51 51 51 51 51 51 51 51 
51 51 51 51 51 51 51 51 51 51 51 51 51 51 51 51 51 51 51 51 51 51 51 51 51 51 51 51 51 51 50 54 64 64 64 64 64 64 63 63 63 63 63 63 63 63 63 56 51 51 51 51 51 51 51 51 51 51 51 51 51 51 51 51 51 51 51 51 51 51 51 51 51 51 51 51 51 51 51 51 
51 51 51 51 51 51 51 51 51 51 51 51 51 51 51 51 51 51 51 51 51 51 51 51 51 51 51 51 51 51 57 60 64 64 64 64 64 64 64 64 64 64 63 63 63 63 63 56 51 51 51 51 51 51 51 51 51 51 51 51 51 51 51 51 51 51 51 51 51 51 51 51 51 51 51 51 51 51 51 51 
51 51 51 51 51 51 51 51 51 51 51 51 51 51 51 51 51 51 51 51 51 51 51 51 51 51 51 51 51 37 42 64 65 64 64 64 64 64 64 64 64 64 64 64 64 64 63 56 51 51 51 51 51 51 51 51 51 51 51 51 51 51 51 51 51 51 51 51 51 51 51 51 51 51 51 51 51 51 51 51 
51 51 51 51 51 51 51 51 51 51 51 51 51 51 51 51 51 51 51 51 51 51 51 51 51 51 51 51 51 36 42 65 65 65 65 65 65 64 64 64 64 64 64 64 64 64 64 56 51 51 51 51 51 51 51 51 51 51 51 51 51 51 51 51 51 51 51 51 51 51 51 51 51 51 51 51 51 51 51 51 
51 51 51 51 51 51 51 51 51 51 51 51 51 51 51 51 51 51 51 51 51 51 51 51 51 51 51 51 51 34 40 65 65 65 65 65 65 65 65 65 65 64 64 64 64 64 64 56 51 51 51 51 51 51 51 51 51 51 51 51 51 51 51 51 51 51 51 51 51 51 51 51 51 51 51 51 51 51 51 51 
51 51 51 51 51 51 51 51 51 51 51 51 51 51 51 51 51 51 51 51 51 51 51 51 51 51 51 51 55 56 65 66 65 65 65 65 65 65 65 65 65 65 65 65 64 64 62 51 51 51 51 51 51 51 51 51 51 51 51 51 51 51 51 51 51 51 51 51 51 51 51 51 51 51 51 51 51 51 51 51 
51 51 51 51 51 51 51 51 51 51 51 51 51 51 51 51 51 51 51 51 51 51 51 51 51 51 51 51 60 66 66 66 66 66 66 66 65 65 65 65 65 65 65 65 65 65 57 51 51 51 51 51 51 51 51 51 51 51 51 51 51 51 51 51 51 51 51 51 51 51 51 51 51 51 51 51 51 51 51 51 
51 51 51 51 51 51 51 51 51 51 51 51 51 51 51 51 51 51 51 51 51 51 51 51 51 51 51 18 67 66 66 66 66 66 66 66 66 66 66 65 65 65 65 65 65 65 51 51 51 51 51 51 51 51 51 51 51 51 51 51 51 51 51 51 51 51 51 51 51 51 51 51 51 51 51 51 51 51 51 51 
51 51 51 51 51 51 51 51 51 51 51 51 51 51 51 51 51 51 51 51 51 51 51 51 51 34 41 67 67 67 66 66 66 66 66 66 66 66 66 66 66 66 65 65 57 51 51 51 51 51 51 51 51 51 51 51 51 51 51 51 51 51 51 51 51 51 51 51 51 51 51 51 51 51 51 51 51 51 51 51 
51 51 51 51 51 51 51 51 51 51 51 51 51 51 51 51 51 51 51 51 51 55 55 67 67 67 67 67 67 67 66 66 67 68 62 66 66 66 66 66 63 51 51 51 51 51 51 51 51 51 51 51 51 51 51 51 51 51 51 51 51 51 51 51 51 51 51 51 51 51 51 51 51 51 51 51 51 51 51 51 
51 51 51 51 51 51 51 51 51 51 51 51 51 51 51 51 51 51 61 67 67 67 67 67 67 67 67 67 67 67 67 67 67 67 67 67 67 67 67 67 67 67 67 67 67 67 67 67 67 67 67 67 67 67 67 67 67 67 67 67 67 67 67 67 67 67 67 67 67 67 67 67 67 67 67 67 67 67 67 67 
51 51 51 51 51 51 55 16 68 68 68 68 68 68 68 67 67 67 67 67 67 67 67 67 67 67 64 51 51 51 51 51 51 51 51 51 51 51 51 51 51 51 51 51 51 51 51 51 51 51 51 51 51 51 51 51 51 51 51 51 51 51 51 51 51 51 51 51 51 51 51 51 51 51 51 51 51 51 51 51 
51 51 51 51 51 54 68 68 68 68 68 68 68 68 68 68 68 52 67 51 67 66 65 60 67 51 51 51 51 51 51 51 51 51 51 51 51 51 51 51 51 51 51 51 51 51 51 51 51 51 51 51 51 51 51 51 51 51 51 51 51 51 51 51 51 51 51 51 51 51 51 51 51 51 51 51 51 51 51 51 
51 51 51 51 56 68 69 69 69 68 68 68 68 68 68 68 68 68 68 81 51 39 75 53 36 51 51 51 51 51 51 51 51 51 51 51 51 51 51 51 51 51 51 51 51 51 51 51 51 51 51 51 51 51 51 51 51 51 51 51 51 51 51 51 51 51 51 51 51 51 51 51 51 51 51 51 51 51 51 51 
51 51 51 51 56 69 69 69 69 69 69 69 69 68 68 68 81 42 58 68 68 68 68 68 64 51 51 51 51 51 51 51 51 51 51 51 51 51 51 51 51 51 51 51 51 51 51 51 51 51 51 51 51 51 51 51 51 51 51 51 51 51 51 51 51 51 51 51 51 51 51 51 51 51 51 51 51 51 51 51 
51 51 51 55 17 69 69 69 69 69 69 69 69 69 69 69 69 68 68 68 68 68 68 68 64 51 51 51 130 162 55 88 87 77 84 85 68 51 51 51 83 59 81 51 81 64 51 80 51 51 51 51 84 52 82 51 84 51 51 51 51 51 51 51 51 51 51 51 51 51 51 51 51 51 51 51 51 51 51 51 
51 51 51 56 53 70 70 70 70 69 69 69 69 69 69 69 142 162 83 40 82 53 72 125 34 51 51 51 51 51 51 141 175 101 116 142 96 56 51 51 73 51 51 51 51 64 51 55 51 51 51 51 84 64 51 61 84 51 51 51 51 51 51 51 51 51 51 51 51 51 51 51 51 51 51 51 51 51 51 51 
51 51 51 57 67 70 70 70 70 70 70 70 70 69 69 69 82 51 51 119 255 187 109 183 50 51 51 51 136 198 91 56 51 51 51 51 51 51 51 51 51 51 51 51 51 51 51 51 51 51 51 51 84 52 76 51 84 51 51 51 51 51 51 51 51 51 51 51 51 51 51 51 51 51 51 51 51 51 51 51 
51 51 51 57 70 70 70 70 70 70 70 70 70 70 70 70 83 51 38 69 69 69 82 38 65 51 51 51 51 51 51 51 51 51 51 51 51 51 51 51 51 51 51 51 51 51 51 51 51 51 51 51 51 51 51 51 51 51 51 51 51 51 51 51 51 51 51 51 51 51 51 51 51 51 51 51 51 51 51 51 
51 51 55 19 70 71 71 71 71 70 70 70 70 70 70 70 70 70 70 70 69 69 69 69 65 51 51 51 51 63 82 51 81 58 76 84 84 80 84 84 82 52 84 84 72 64 80 51 51 51 51 84 80 51 51 51 51 102 96 102 51 51 97 51 51 51 51 51 51 51 51 51 51 51 51 51 51 51 51 51 
51 51 58 52 71 71 71 71 71 71 71 71 71 70 70 70 83 51 50 48 50 70 70 76 50 51 51 51 51 72 51 51 51 64 55 84 84 51 61 84 56 68 52 52 72 66 51 51 51 80 51 51 59 51 51 51 51 102 51 51 51 102 52 51 51 51 51 51 51 51 51 51 51 51 51 51 51 51 51 51 
51 51 60 64 71 71 71 71 71 71 71 71 71 71 71 71 83 51 49 50 50 70 70 82 35 51 51 51 51 65 75 51 51 51 51 51 51 51 51 84 51 51 51 51 51 51 51 51 51 51 51 80 70 51 51 51 51 102 51 51 51 51 51 51 51 51 51 51 51 102 102 51 51 51 51 51 51 51 51 51 
51 51 51 74 72 72 72 72 72 71 71 71 71 71 71 71 71 51 51 71 70 70 70 70 70 70 70 70 70 70 70 70 70 70 70 70 70 70 70 70 70 70 70 70 70 70 70 70 70 70 70 70 70 70 70 70 70 70 70 70 70 70 70 70 70 70 70 70 70 70 70 70 70 70 70 70 70 70 70 70 
70 70 70 70 70 70 70 70 70 70 70 70 70 70 70 70 70 70 70 70 70 70 70 70 70 70 70 70 70 70 70 70 70 70 70 70 70 70 70 70 70 70 70 70 70 70 70 70 70 70 70 70 70 70 70 70 70 70 70 70 70 70 70 70 70 70 70 70 70 70 70 70 70 70 70 70 70 70 70 70 
70 70 70 70 70 70 70 70 70 70 70 70 70 70 70 70 70 70 70 70 70 70 70 70 70 70 70 70 70 70 70 70 70 70 70 70 70 70 70 70 70 70 70 70 70 70 70 70 70 70 70 70 70 70 70 70 70 70 70 70 70 70 70 70 70 70 70 70 70 70 70 70 70 70 70 70 70 70 70 70 
70 70 70 70 70 70 70 70 70 70 70 70 70 70 70 70 70 70 70 70 70 70 70 70 70 70 70 70 70 70 70 70 70 70 70 70 70 70 70 70 70 70 70 70 70 70 70 70 70 70 70 70 70 70 70 70 70 70 70 70 70 70 70 70 70 70 70 70 70 70 70 70 70 70 70 70 70 70 70 70 
70 70 70 70 70 70 70 70 70 70 70 70 70 70 70 70 70 70 70 70 70 70 70 70 70 70 70 70 70 70 70 70 70 70 70 70 70 70 70 70 70 70 70 70 70 70 70 70 70 70 70 70 70 70 70 70 70 70 70 70 70 70 70 70 70 70 70 70 70 70 70 70 70 70 70 70 70 70 70 70 
