143 143 143 143 143 143 143 143 143 143 143 143 143 143 143 143 143 143 143 143 143 143 143 143 143 143 143 143 143 143 143 143 143 143 143 143 143 143 143 143 143 143 143 143 143 143 143 143 143 143 143 143 143 143 143 143 143 143 143 143 143 143 143 143 143 143 143 143 143 143 143 143 143 143 143 143 143 143 143 143 
48 47 47 46 45 44 43 43 43 42 42 41 40 31 32 32 34 35 36 37 38 39 40 41 41 42 43 44 44 45 45 45 45 45 45 45 45 45 45 45 45 45 45 45 45 45 45 46 46 46 46 47 47 47 47 47 47 47 48 48 48 49 49 49 50 50 50 51 51 52 52 52 52 52 52 52 52 52 52 52 
51 50 49 49 48 47 47 46 46 45 45 39 33 33 34 35 37 38 40 41 42 43 44 45 46 47 47 48 49 49 49 49 50 50 50 50 50 50 50 51 51 51 50 50 51 51 51 51 52 52 52 53 53 53 53 53 53 53 53 53 53 53 53 53 53 53 53 53 53 53 53 53 53 53 53 53 53 53 53 53 
53 53 53 53 53 53 53 53 53 53 53 53 53 53 53 53 53 53 53 53 53 53 53 53 53 53 53 53 53 53 53 53 53 53 53 53 53 53 53 53 53 53 53 53 53 53 53 53 53 53 53 53 53 53 53 53 53 53 53 53 53 53 53 53 53 53 53 53 53 53 53 53 53 53 53 53 53 53 53 53 
60 62 64 68 70 73 77 80 81 80 80 80 79 79 79 78 77 77 77 77 76 76 76 76 76 77 77 77 77 78 78 79 80 80 81 81 81 81 81 81 82 82 83 83 83 84 84 84 83 82 81 81 80 79 79 78 77 76 76 75 74 73 72 71 70 68 67 66 64 63 63 64 64 65 65 65 65 64 64 64 
65 66 67 69 71 73 76 78 79 80 81 82 83 85 86 87 86 86 85 84 84 83 83 83 82 82 82 82 82 82 83 83 84 85 86 86 87 88 89 90 91 91 91 92 92 92 91 90 89 88 87 86 86 84 84 83 82 81 80 78 77 76 74 73 72 70 69 68 67 66 71 71 72 73 73 74 75 75 74 73 
72 71 71 71 72 72 74 75 76 77 78 79 80 81 82 84 85 86 87 88 89 89 89 89 88 88 87 87 87 86 87 88 89 90 91 91 92 93 94 95 96 97 98 98 97 97 97 96 95 94 93 92 91 90 89 88 86 84 82 80 79 77 76 74 73 71 70 69 68 67 74 78 81 82 82 83 84 85 84 83 
83 82 80 79 78 78 76 76 75 74 75 76 77 78 79 80 82 83 84 85 85 86 87 87 88 89 89 89 89 91 92 93 94 95 96 97 97 98 99 100 101 101 100 99 99 98 98 97 97 96 96 96 95 95 92 90 88 86 84 82 80 78 76 75 74 72 70 68 66 64 55 59 63 66 70 74 79 83 86 87 
89 91 92 91 90 88 87 86 85 84 83 82 81 81 81 81 81 80 80 81 82 83 84 85 86 86 87 88 88 90 91 92 94 96 98 100 102 104 104 104 103 102 102 101 100 100 99 98 98 97 97 95 93 92 90 88 87 86 84 82 80 78 76 74 72 69 67 64 62 62 62 62 62 62 62 62 62 62 62 62 
82 85 86 88 89 90 90 91 91 90 89 88 88 87 87 87 86 86 86 86 86 86 86 87 88 90 92 93 94 95 96 97 97 97 97 96 95 94 92 90 88 85 84 81 80 78 76 73 71 68 65 63 61 61 61 61 61 61 61 61 61 61 61 61 61 61 61 61 61 61 61 61 61 61 61 61 61 61 61 61 
88 88 86 85 83 82 81 80 80 80 82 84 85 87 88 89 90 91 91 91 91 92 93 94 94 94 95 95 92 89 84 80 76 72 67 63 59 54 50 47 44 42 40 38 36 35 34 32 42 60 46 45 43 45 49 42 43 42 40 39 37 35 32 30 28 27 25 25 25 27 31 35 40 43 48 53 57 61 66 69 
72 72 72 71 71 71 70 70 72 73 76 77 79 81 83 84 86 89 90 92 93 94 94 95 96 94 91 88 85 81 78 74 70 65 61 57 53 50 47 43 40 37 35 32 30 29 28 27 96 100 88 83 78 70 66 63 60 56 52 48 44 41 37 34 31 30 26 26 26 25 25 25 25 25 26 28 32 37 41 44 
48 50 51 51 51 53 56 58 61 64 66 69 72 74 77 80 82 85 87 89 91 92 92 91 89 87 84 81 78 75 71 67 64 60 56 52 48 44 41 37 35 33 32 31 30 30 29 89 120 121 121 121 121 121 119 111 102 93 86 78 69 61 58 58 58 58 58 58 58 58 58 58 58 58 58 58 58 58 58 58 
50 54 58 62 66 68 70 71 71 73 74 75 75 75 74 73 71 68 66 64 62 61 61 61 61 61 61 61 61 61 61 61 61 61 61 61 61 61 61 61 61 61 61 61 61 61 61 61 61 61 61 61 61 61 61 61 61 61 61 61 61 61 61 61 61 61 61 61 61 61 61 61 61 61 61 61 61 61 61 61 
53 53 52 51 49 47 44 41 39 38 37 38 38 38 38 38 37 37 37 37 37 36 36 36 36 37 0 0 0 1 79 82 83 85 86 92 98 100 80 87 82 80 78 75 46 44 45 44 66 69 65 72 74 75 77 79 80 83 86 81 73 66 60 60 60 60 60 60 60 60 60 60 60 60 60 60 60 60 60 60 
47 47 47 47 46 46 46 45 43 41 39 37 35 33 32 31 0 0 0 1 0 0 0 1 1 0 29 79 78 79 80 83 84 82 75 67 61 59 60 61 61 61 61 61 61 61 61 61 61 61 61 61 61 61 61 61 61 61 61 61 61 61 61 61 61 61 61 61 61 61 61 61 61 61 61 61 61 61 61 61 
69 69 70 71 61 1 0 0 1 1 0 0 2 2 0 0 1 1 0 0 0 14 78 77 72 74 78 81 86 89 80 76 71 45 41 50 64 75 81 96 102 95 79 93 84 75 66 66 66 66 66 66 66 66 66 66 66 66 66 66 66 66 66 66 66 66 66 66 66 66 66 66 66 66 66 66 66 66 66 66 
1 1 1 0 1 0 0 0 0 0 2 3 2 1 0 0 72 80 76 80 75 72 79 84 110 93 89 80 75 71 69 71 67 67 65 59 65 69 62 59 59 59 59 59 59 59 59 59 59 59 59 59 59 59 59 59 59 59 59 59 59 59 59 59 59 59 59 59 59 59 59 59 59 59 59 59 59 59 59 59 
1 0 0 0 0 0 0 0 0 1 29 73 75 77 81 83 90 86 90 97 96 89 81 76 71 69 66 46 37 47 60 63 59 54 50 47 45 44 45 47 48 50 51 49 47 46 44 43 43 42 42 42 42 40 17 21 21 21 21 21 21 21 21 21 21 21 21 21 21 21 21 21 21 21 21 21 21 21 21 21 
0 0 14 80 81 82 80 78 79 92 101 89 79 78 78 80 84 88 99 113 93 70 64 55 48 42 36 34 32 32 37 46 46 46 46 46 46 46 46 46 46 46 46 46 46 46 46 46 46 46 46 46 46 46 46 46 46 46 46 46 46 46 46 46 46 46 46 46 46 46 46 46 46 46 46 46 46 46 46 46 
85 74 71 80 64 71 73 74 75 78 83 82 92 89 99 84 77 71 69 67 65 62 59 56 57 70 81 13 21 22 17 58 78 80 80 80 80 80 80 79 79 79 1 0 0 1 1 1 1 1 0 1 1 0 0 0 0 0 0 0 0 0 0 1 1 0 0 1 0 0 0 0 0 0 1 2 1 0 80 91 
98 91 87 73 73 65 61 61 61 61 61 61 61 61 61 61 61 61 61 61 61 61 61 61 61 61 61 61 61 61 61 61 61 61 61 61 61 61 61 61 61 61 61 61 61 61 61 61 61 61 61 61 61 61 61 61 61 61 61 61 61 61 61 61 61 61 61 61 61 61 61 61 61 61 61 61 61 61 61 61 
102 99 96 94 92 91 89 87 85 96 91 80 83 62 19 21 20 40 68 78 81 81 81 81 81 80 80 80 80 80 80 43 3 1 0 0 0 0 1 1 0 0 0 0 0 1 0 0 0 0 0 0 0 0 1 0 0 0 0 0 0 0 0 1 0 0 1 1 0 0 0 30 82 89 93 69 56 95 104 109 
103 97 97 99 99 99 98 93 83 75 92 111 105 68 21 20 35 64 79 81 81 81 81 81 81 81 81 80 80 80 80 43 3 1 0 0 0 1 1 1 0 0 0 0 0 1 0 0 0 0 0 0 0 0 1 0 0 0 0 0 0 0 0 1 0 0 0 0 0 0 0 1 1 31 82 69 45 51 51 72 
109 108 97 92 94 99 102 104 106 104 94 90 67 21 21 17 42 76 82 81 81 81 81 81 81 81 81 81 81 80 80 43 3 0 0 0 1 2 1 1 0 0 0 0 0 0 0 0 0 0 0 0 0 0 1 0 0 0 0 0 0 0 0 1 1 1 1 0 0 0 2 3 1 0 30 73 50 51 51 51 
52 73 111 105 94 91 93 97 110 112 113 73 19 22 19 44 75 81 82 82 82 81 81 81 81 81 81 81 81 81 80 42 2 0 0 0 1 1 1 1 0 0 0 0 0 0 0 0 0 0 0 0 0 0 1 0 0 0 0 0 0 0 0 1 1 1 0 0 0 0 3 3 1 0 1 23 48 51 51 51 
51 53 54 73 107 101 92 90 90 93 98 70 21 20 37 69 82 82 82 82 82 82 82 81 81 81 81 81 81 81 81 42 2 0 0 0 0 1 0 0 0 0 0 0 0 0 0 0 0 0 0 0 0 0 0 0 0 0 0 0 0 0 0 1 1 1 0 0 0 0 1 2 0 0 0 24 49 51 51 51 
51 51 53 54 54 54 74 101 95 94 69 21 21 16 43 79 83 82 82 82 82 82 82 82 81 81 81 81 81 81 81 41 1 0 0 0 0 0 0 0 0 1 1 0 0 0 0 0 0 0 0 0 0 0 0 0 0 1 0 0 1 0 0 0 0 1 0 0 0 0 0 0 0 0 0 24 49 51 51 51 
51 51 51 51 53 54 54 54 75 69 19 22 19 45 78 82 83 83 83 82 82 82 82 82 82 82 81 81 81 81 81 41 1 0 0 0 0 0 0 0 0 1 1 0 0 0 0 0 0 0 0 0 0 0 0 0 0 1 0 0 1 1 1 0 0 1 1 0 0 0 0 0 0 0 0 24 49 51 51 51 
51 51 51 51 51 53 54 54 52 36 21 20 38 70 83 83 83 83 83 83 83 82 82 82 82 82 82 82 81 81 81 40 0 0 0 1 0 0 0 0 0 1 1 0 0 0 1 1 1 0 0 0 0 0 0 0 1 1 0 0 0 1 1 1 0 0 1 0 0 0 1 0 0 0 0 24 50 51 51 51 
51 51 51 51 51 51 53 52 36 21 21 16 43 79 84 84 83 83 83 83 83 83 83 82 82 82 82 82 82 82 81 40 0 0 1 1 0 0 0 0 0 1 1 0 0 0 1 1 1 0 0 0 0 0 0 0 1 1 0 0 0 1 2 1 0 0 1 1 0 0 1 0 0 0 0 23 49 51 51 51 
51 51 51 51 51 51 41 44 40 21 19 47 80 83 84 84 84 84 83 83 83 83 83 83 82 82 82 82 82 82 82 40 0 1 1 1 1 0 0 0 0 1 1 0 0 0 1 1 0 0 0 0 0 0 0 0 0 1 1 1 1 1 1 1 1 1 1 1 0 0 0 0 0 0 0 21 46 51 51 51 
51 51 51 51 52 52 50 34 21 20 38 69 84 84 84 84 84 84 84 83 83 83 83 83 83 83 82 82 82 82 82 40 0 1 2 2 1 0 0 0 0 0 0 0 0 0 1 1 0 0 0 0 0 0 0 0 0 0 1 1 1 0 0 0 1 1 1 1 0 0 0 0 0 0 0 19 44 51 51 51 
51 51 51 51 52 52 54 39 21 19 43 77 85 85 84 84 84 84 84 84 84 83 83 83 83 83 83 83 82 82 82 41 1 1 2 2 1 1 0 0 0 0 0 2 3 2 1 1 0 0 0 0 0 0 0 1 0 0 0 1 1 0 0 0 0 1 1 1 1 1 0 0 0 0 0 16 42 51 51 51 
51 52 52 52 52 52 34 19 21 44 72 82 85 85 85 84 84 84 84 84 84 84 84 83 83 83 83 83 83 83 82 41 1 1 1 1 1 1 1 1 1 0 0 4 8 3 1 0 0 0 0 0 0 0 0 3 1 0 0 0 1 1 0 0 0 1 2 1 1 2 0 0 0 0 0 0 24 49 51 52 
52 52 52 52 52 52 37 21 19 48 81 85 85 85 85 85 85 84 84 84 84 84 84 83 81 80 83 83 83 83 83 41 1 1 1 1 1 1 1 1 1 0 0 5 10 5 2 0 0 0 0 0 0 0 1 4 2 0 0 0 0 1 0 0 0 1 2 2 2 2 1 1 1 0 0 0 20 45 51 52 
52 52 52 52 52 17 22 20 58 84 86 86 86 85 85 85 85 84 84 84 84 84 84 70 82 83 83 83 83 83 83 1 1 1 2 1 2 2 1 1 1 1 0 5 7 1 3 1 0 0 1 0 1 1 1 3 0 0 0 0 1 1 0 0 1 2 2 2 2 2 1 6 2 0 0 0 37 50 52 52 
52 52 52 52 21 22 17 75 87 86 86 86 86 85 85 85 85 85 84 84 84 84 55 52 83 83 83 83 83 83 0 1 2 2 0 2 2 1 1 0 1 1 1 1 1 5 2 0 0 1 0 1 1 1 1 0 0 0 1 0 1 0 0 1 1 2 2 2 1 1 10 4 0 0 0 0 50 52 52 52 
53 13 22 22 14 87 87 87 86 86 86 86 86 85 85 85 85 85 84 84 84 84 84 83 83 83 83 81 0 1 1 0 0 1 1 0 0 0 1 1 0 0 1 3 0 0 0 0 0 2 2 1 0 0 0 0 1 1 0 0 0 1 1 1 2 1 1 3 7 2 0 0 0 2 42 52 52 52 52 52 
22 17 64 87 87 87 87 86 86 86 86 86 85 85 85 85 85 84 53 84 52 84 80 79 69 83 0 0 1 1 0 1 2 1 0 0 0 2 1 0 0 2 1 0 0 0 0 3 4 3 0 0 0 0 1 2 0 0 0 0 0 1 1 2 2 1 8 3 0 0 0 1 1 48 52 52 52 52 52 21 
46 82 88 87 87 87 87 87 86 86 86 86 86 85 85 85 85 85 84 75 51 59 72 54 18 0 0 0 0 0 1 1 0 0 0 1 1 0 0 0 0 1 1 0 0 2 3 3 1 0 0 0 1 2 1 0 0 0 0 0 0 1 2 2 4 3 0 0 0 0 1 24 46 50 52 52 52 37 21 21 
86 86 86 86 86 85 85 85 85 85 84 84 84 83 2 1 0 80 159 6 88 85 61 82 84 43 1 1 0 80 21 77 3 76 32 0 74 0 0 0 0 85 1 75 2 0 0 0 0 0 1 2 1 1 0 0 0 2 2 1 0 0 3 40 50 48 20 20 20 20 20 20 20 20 20 20 20 20 20 20 
51 235 75 2 1 0 1 255 86 11 0 0 0 1 1 1 1 2 0 0 2 2 0 0 0 1 1 0 0 0 84 2 74 47 60 0 1 2 1 2 1 1 1 1 0 0 1 3 1 1 1 1 1 48 44 20 15 91 90 89 89 89 89 88 88 88 88 88 88 87 87 87 87 87 86 51 51 86 86 85 
51 85 1 0 0 1 3 0 0 0 0 0 1 1 1 1 2 0 0 1 1 0 0 1 1 1 0 0 0 1 2 1 2 1 0 1 2 2 2 1 0 1 1 0 0 1 2 0 1 1 1 1 0 16 19 12 91 90 90 89 89 89 89 88 88 88 88 88 88 87 87 87 87 87 86 86 86 86 86 85 
42 0 0 0 16 54 38 38 47 40 74 84 78 78 84 82 41 43 83 68 42 53 37 1 0 0 0 0 0 1 1 0 51 95 95 51 1 46 46 0 1 0 0 1 1 1 0 0 1 0 0 11 21 21 21 21 21 21 21 21 21 21 21 21 21 21 21 21 21 21 21 21 21 21 21 21 21 21 21 21 
1 0 0 0 85 0 1 3 2 0 0 0 0 0 4 0 0 0 1 1 0 0 102 0 0 0 0 0 1 1 1 1 1 0 102 102 0 1 0 0 1 20 18 92 91 91 91 91 90 90 90 89 89 89 89 88 88 88 88 87 87 101 51 37 86 86 86 86 86 86 86 86 86 86 86 86 86 86 86 86 
86 86 86 86 86 86 86 86 86 86 86 86 86 86 86 86 86 86 86 86 86 86 86 86 86 86 86 86 86 86 86 86 86 86 86 86 86 86 86 86 86 86 86 86 86 86 86 86 86 86 86 86 86 86 86 86 86 86 86 86 86 86 86 86 86 86 86 86 86 86 86 86 86 86 86 86 86 86 86 86 
86 86 86 86 86 86 86 86 86 86 86 86 86 86 86 86 86 86 86 86 86 86 86 86 86 86 86 86 86 86 86 86 86 86 86 86 86 86 86 86 86 86 86 86 86 86 86 86 86 86 86 86 86 86 86 86 86 86 86 86 86 86 86 86 86 86 86 86 86 86 86 86 86 86 86 86 86 86 86 86 
86 86 86 86 86 86 86 86 86 86 86 86 86 86 86 86 86 86 86 86 86 86 86 86 86 86 86 86 86 86 86 86 86 86 86 86 86 86 86 86 86 86 86 86 86 86 86 86 86 86 86 86 86 86 86 86 86 86 86 86 86 86 86 86 86 86 86 86 86 86 86 86 86 86 86 86 86 86 86 86 
86 86 86 86 86 86 86 86 86 86 86 86 86 86 86 86 86 86 86 86 86 86 86 86 86 86 86 86 86 86 86 86 86 86 86 86 86 86 86 86 86 86 86 86 86 86 86 86 86 86 86 86 86 86 86 86 86 86 86 86 86 86 86 86 86 86 86 86 86 86 86 86 86 86 86 86 86 86 86 86 
86 86 86 86 86 86 86 86 86 86 86 86 86 86 86 86 86 86 86 86 86 86 86 86 86 86 86 86 86 86 86 86 86 86 86 86 86 86 86 86 86 86 86 86 86 86 86 86 86 86 86 86 86 86 86 86 86 86 86 86 86 86 86 86 86 86 86 86 86 86 86 86 86 86 86 86 86 86 86 86 
86 86 86 86 86 86 86 86 86 86 86 86 86 86 86 86 86 86 86 86 86 86 86 86 86 86 86 86 86 86 86 86 86 86 86 86 86 86 86 86 86 86 86 86 86 86 86 86 86 86 86 86 86 86 86 86 86 86 86 86 86 86 86 86 86 86 86 86 86 86 86 86 86 86 86 86 86 86 86 86 
86 86 86 86 86 86 86 86 86 86 86 86 86 86 86 86 86 86 86 86 86 86 86 86 86 86 86 86 86 86 86 86 86 86 86 86 86 86 86 86 86 86 86 86 86 86 86 86 86 86 86 86 86 86 86 86 86 86 86 86 86 86 86 86 86 86 86 86 86 86 86 86 86 86 86 86 86 86 86 86 
86 86 86 86 86 86 86 86 86 86 86 86 86 86 86 86 86 86 86 86 86 86 86 86 86 86 86 86 86 86 86 86 86 86 86 86 86 86 86 86 86 86 86 86 86 86 86 86 86 86 86 86 86 86 86 86 86 86 86 86 86 86 86 86 86 86 86 86 86 86 86 86 86 86 86 86 86 86 86 86 
86 86 86 86 86 86 86 86 86 86 86 86 86 86 86 86 86 86 86 86 86 86 86 86 86 86 86 86 86 86 86 86 86 86 86 86 86 86 86 86 86 86 86 86 86 86 86 86 86 86 86 86 86 86 86 86 86 86 86 86 86 86 86 86 86 86 86 86 86 86 86 86 86 86 86 86 86 86 86 86 
86 86 86 86 86 86 86 86 86 86 86 86 86 86 86 86 86 86 86 86 86 86 86 86 86 86 86 86 86 86 86 86 86 86 86 86 86 86 86 86 86 86 86 86 86 86 86 86 86 86 86 86 86 86 86 86 86 86 86 86 86 86 86 86 86 86 86 86 86 86 86 86 86 86 86 86 86 86 86 86 
86 86 86 86 86 86 86 86 86 86 86 86 86 86 86 86 86 86 86 86 86 86 86 86 86 86 86 86 86 86 86 86 86 86 86 86 86 86 86 86 86 86 86 86 86 86 86 86 86 86 86 86 86 86 86 86 86 86 86 86 86 86 86 86 86 86 86 86 86 86 86 86 86 86 86 86 86 86 86 86 
86 86 86 86 86 86 86 86 86 86 86 86 86 86 86 86 86 86 86 86 86 86 86 86 86 86 86 86 86 86 86 86 86 86 86 86 86 86 86 86 86 86 86 86 86 86 86 86 86 86 86 86 86 86 86 86 86 86 86 86 86 86 86 86 86 86 86 86 86 86 86 86 86 86 86 86 86 86 86 86 
86 86 86 86 86 86 86 86 86 86 86 86 86 86 86 86 86 86 86 86 86 86 86 86 86 86 86 86 86 86 86 86 86 86 86 86 86 86 86 86 86 86 86 86 86 86 86 86 86 86 86 86 86 86 86 86 86 86 86 86 86 86 86 86 86 86 86 86 86 86 86 86 86 86 86 86 86 86 86 86 
86 86 86 86 86 86 86 86 86 86 86 86 86 86 86 86 86 86 86 86 86 86 86 86 86 86 86 86 86 86 86 86 86 86 86 86 86 86 86 86 86 86 86 86 86 86 86 86 86 86 86 86 86 86 86 86 86 86 86 86 86 86 86 86 86 86 86 86 86 86 86 86 86 86 86 86 86 86 86 86 
86 86 86 86 86 86 86 86 86 86 86 86 86 86 86 86 86 86 86 86 86 86 86 86 86 86 86 86 86 86 86 86 86 86 86 86 86 86 86 86 86 86 86 86 86 86 86 86 86 86 86 86 86 86 86 86 86 86 86 86 86 86 86 86 86 86 86 86 86 86 86 86 86 86 86 86 86 86 86 86 
86 86 86 86 86 86 86 86 86 86 86 86 86 86 86 86 86 86 86 86 86 86 86 86 86 86 86 86 86 86 86 86 86 86 86 86 86 86 86 86 86 86 86 86 86 86 86 86 86 86 86 86 86 86 86 86 86 86 86 86 86 86 86 86 86 86 86 86 86 86 86 86 86 86 86 86 86 86 86 86 
86 86 86 86 86 86 86 86 86 86 86 86 86 86 86 86 86 86 86 86 86 86 86 86 86 86 86 86 86 86 86 86 86 86 86 86 86 86 86 86 86 86 86 86 86 86 86 86 86 86 86 86 86 86 86 86 86 86 86 86 86 86 86 86 86 86 86 86 86 86 86 86 86 86 86 86 86 86 86 86 
86 86 86 86 86 86 86 86 86 86 86 86 86 86 86 86 86 86 86 86 86 86 86 86 86 86 86 86 86 86 86 86 86 86 86 86 86 86 86 86 86 86 86 86 86 86 86 86 86 86 86 86 86 86 86 86 86 86 86 86 86 86 86 86 86 86 86 86 86 86 86 86 86 86 86 86 86 86 86 86 
86 86 86 86 86 86 86 86 86 86 86 86 86 86 86 86 86 86 86 86 86 86 86 86 86 86 86 86 86 86 86 86 86 86 86 86 86 86 86 86 86 86 86 86 86 86 86 86 86 86 86 86 86 86 86 86 86 86 86 86 86 86 86 86 86 86 86 86 86 86 86 86 86 86 86 86 86 86 86 86 
86 86 86 86 86 86 86 86 86 86 86 86 86 86 86 86 86 86 86 86 86 86 86 86 86 86 86 86 86 86 86 86 86 86 86 86 86 86 86 86 86 86 86 86 86 86 86 86 86 86 86 86 86 86 86 86 86 86 86 86 86 86 86 86 86 86 86 86 86 86 86 86 86 86 86 86 86 86 86 86 
86 86 86 86 86 86 86 86 86 86 86 86 86 86 86 86 86 86 86 86 86 86 86 86 86 86 86 86 86 86 86 86 86 86 86 86 86 86 86 86 86 86 86 86 86 86 86 86 86 86 86 86 86 86 86 86 86 86 86 86 86 86 86 86 86 86 86 86 86 86 86 86 86 86 86 86 86 86 86 86 
86 86 86 86 86 86 86 86 86 86 86 86 86 86 86 86 86 86 86 86 86 86 86 86 86 86 86 86 86 86 86 86 86 86 86 86 86 86 86 86 86 86 86 86 86 86 86 86 86 86 86 86 86 86 86 86 86 86 86 86 86 86 86 86 86 86 86 86 86 86 86 86 86 86 86 86 86 86 86 86 
86 86 86 86 86 86 86 86 86 86 86 86 86 86 86 86 86 86 86 86 86 86 86 86 86 86 86 86 86 86 86 86 86 86 86 86 86 86 86 86 86 86 86 86 86 86 86 86 86 86 86 86 86 86 86 86 86 86 86 86 86 86 86 86 86 86 86 86 86 86 86 86 86 86 86 86 86 86 86 86 
86 86 86 86 86 86 86 86 86 86 86 86 86 86 86 86 86 86 86 86 86 86 86 86 86 86 86 86 86 86 86 86 86 86 86 86 86 86 86 86 86 86 86 86 86 86 86 86 86 86 86 86 86 86 86 86 86 86 86 86 86 86 86 86 86 86 86 86 86 86 86 86 86 86 86 86 86 86 86 86 
86 86 86 86 86 86 86 86 86 86 86 86 86 86 86 86 86 86 86 86 86 86 86 86 86 86 86 86 86 86 86 86 86 86 86 86 86 86 86 86 86 86 86 86 86 86 86 86 86 86 86 86 86 86 86 86 86 86 86 86 86 86 86 86 86 86 86 86 86 86 86 86 86 86 86 86 86 86 86 86 
86 86 86 86 86 86 86 86 86 86 86 86 86 86 86 86 86 86 86 86 86 86 86 86 86 86 86 86 86 86 86 86 86 86 86 86 86 86 86 86 86 86 86 86 86 86 86 86 86 86 86 86 86 86 86 86 86 86 86 86 86 86 86 86 86 86 86 86 86 86 86 86 86 86 86 86 86 86 86 86 
86 86 86 86 86 86 86 86 86 86 86 86 86 86 86 86 86 86 86 86 86 86 86 86 86 86 86 86 86 86 86 86 86 86 86 86 86 86 86 86 86 86 86 86 86 86 86 86 86 86 86 86 86 86 86 86 86 86 86 86 86 86 86 86 86 86 86 86 86 86 86 86 86 86 86 86 86 86 86 86 
86 86 86 86 86 86 86 86 86 86 86 86 86 86 86 86 86 86 86 86 86 86 86 86 86 86 86 86 86 86 86 86 86 86 86 86 86 86 86 86 86 86 86 86 86 86 86 86 86 86 86 86 86 86 86 86 86 86 86 86 86 86 86 86 86 86 86 86 86 86 86 86 86 86 86 86 86 86 86 86 
86 86 86 86 86 86 86 86 86 86 86 86 86 86 86 86 86 86 86 86 86 86 86 86 86 86 86 86 86 86 86 86 86 86 86 86 86 86 86 86 86 86 86 86 86 86 86 86 86 86 86 86 86 86 86 86 86 86 86 86 86 86 86 86 86 86 86 86 86 86 86 86 86 86 86 86 86 86 86 86 
86 86 86 86 86 86 86 86 86 86 86 86 86 86 86 86 86 86 86 86 86 86 86 86 86 86 86 86 86 86 86 86 86 86 86 86 86 86 86 86 86 86 86 86 86 86 86 86 86 86 86 86 86 86 86 86 86 86 86 86 86 86 86 86 86 86 86 86 86 86 86 86 86 86 86 86 86 86 86 86 
86 86 86 86 86 86 86 86 86 86 86 86 86 86 86 86 86 86 86 86 86 86 86 86 86 86 86 86 86 86 86 86 86 86 86 86 86 86 86 86 86 86 86 86 86 86 86 86 86 86 86 86 86 86 86 86 86 86 86 86 86 86 86 86 86 86 86 86 86 86 86 86 86 86 86 86 86 86 86 86 
86 86 86 86 86 86 86 86 86 86 86 86 86 86 86 86 86 86 86 86 86 86 86 86 86 86 86 86 86 86 86 86 86 86 86 86 86 86 86 86 86 86 86 86 86 86 86 86 86 86 86 86 86 86 86 86 86 86 86 86 86 86 86 86 86 86 86 86 86 86 86 86 86 86 86 86 86 86 86 86 
86 86 86 86 86 86 86 86 86 86 86 86 86 86 86 86 86 86 86 86 86 86 86 86 86 86 86 86 86 86 86 86 86 86 86 86 86 86 86 86 86 86 86 86 86 86 86 86 86 86 86 86 86 86 86 86 86 86 86 86 86 86 86 86 86 86 86 86 86 86 86 86 86 86 86 86 86 86 86 86 
86 86 86 86 86 86 86 86 86 86 86 86 86 86 86 86 86 86 86 86 86 86 86 86 86 86 86 86 86 86 86 86 86 86 86 86 86 86 86 86 86 86 86 86 86 86 86 86 86 86 86 86 86 86 86 86 86 86 86 86 86 86 86 86 86 86 86 86 86 86 86 86 86 86 86 86 86 86 86 86 
