91 91 92 93 94 95 96 97 98 99 100 102 103 104 105 106 107 108 109 110 111 112 113 114 114 115 116 117 117 118 118 119 120 120 121 121 122 122 123 124 124 124 124 124 124 124 124 124 124 124 124 124 124 123 123 123 122 122 122 121 121 122 122 122 123 123 123 124 124 124 125 125 125 126 126 126 126 126 126 126 
86 87 88 88 90 91 92 93 94 95 96 97 99 100 101 102 103 104 106 107 108 109 110 111 112 113 113 114 115 116 116 117 118 118 119 120 120 121 121 122 123 123 123 123 123 123 123 123 123 123 124 123 123 123 122 122 122 121 121 121 121 122 122 122 123 123 123 124 124 124 125 125 125 126 126 126 126 126 126 126 
81 82 83 84 84 85 87 88 89 90 92 93 94 95 97 98 99 101 102 103 105 106 107 108 109 110 110 111 112 113 114 115 115 116 117 118 118 119 120 121 121 121 122 122 122 122 122 122 122 123 123 122 122 122 122 121 121 121 121 121 121 122 122 122 123 123 123 124 124 125 125 125 125 126 126 126 126 126 126 126 
76 77 78 79 79 80 81 83 84 85 87 88 89 91 92 94 95 96 98 99 101 102 103 104 105 106 107 109 110 111 111 112 113 114 115 116 116 117 118 119 120 120 120 120 121 121 121 121 122 122 122 122 121 121 121 120 120 120 120 121 121 122 122 122 123 123 124 124 124 125 125 125 125 126 126 126 126 126 126 125 
71 72 73 73 74 75 76 77 78 80 81 83 84 86 87 89 90 92 94 95 97 98 99 100 102 103 104 105 107 108 109 110 111 112 113 113 114 115 116 117 118 119 119 119 119 120 120 120 121 121 121 120 120 120 119 119 119 119 120 120 120 121 121 122 122 122 123 123 123 124 124 124 125 125 125 125 125 125 124 124 
65 66 67 68 69 70 71 72 73 74 76 77 79 81 82 84 86 87 89 90 92 93 95 96 97 99 100 101 102 104 105 106 107 108 109 110 111 112 113 114 115 116 116 116 117 117 117 117 118 118 118 118 117 117 116 116 117 117 118 118 118 119 119 120 120 120 121 121 121 122 122 122 123 123 123 123 123 122 122 121 
60 61 62 63 64 65 66 67 67 68 70 71 73 75 76 78 80 82 83 85 87 88 90 91 92 94 95 96 98 99 100 102 103 104 105 106 107 108 110 111 112 112 113 113 113 114 114 114 115 115 115 114 114 114 114 114 114 115 115 116 116 116 117 117 118 118 119 119 119 120 120 120 121 121 121 120 120 120 119 119 
59 60 61 63 65 67 69 71 72 74 76 77 79 81 82 84 85 87 88 90 91 93 94 95 97 98 99 101 102 103 104 105 105 106 106 107 107 108 108 108 107 108 108 109 109 110 110 111 111 111 112 112 113 113 114 114 115 115 116 116 116 116 116 115 115 115 114 114 113 68 46 47 47 47 47 47 47 47 47 47 
64 65 67 69 71 72 74 76 78 79 81 83 84 86 87 89 90 92 94 95 96 96 97 98 98 99 100 100 100 101 101 102 102 103 104 104 105 105 106 107 107 108 108 109 109 110 110 110 110 110 110 110 109 109 108 108 107 107 83 35 35 36 36 37 37 38 38 39 39 40 41 41 42 43 44 46 46 46 46 46 
69 71 73 75 76 78 80 82 84 85 86 87 88 89 89 90 92 93 94 95 95 96 97 97 98 99 99 100 101 101 102 103 103 104 104 104 104 104 104 103 103 102 102 101 101 101 101 101 36 35 35 34 34 34 34 33 33 33 33 33 33 33 34 34 34 35 36 38 40 42 44 46 48 49 51 51 51 51 51 51 
70 71 71 73 75 76 78 78 79 80 80 81 82 83 84 85 85 86 87 87 88 89 89 89 90 89 88 88 87 87 87 87 87 87 87 87 87 68 57 55 54 52 51 50 50 50 50 50 50 50 50 50 50 50 50 50 50 50 50 50 50 50 50 50 50 50 50 50 50 50 50 50 50 50 50 50 50 50 50 50 
62 63 64 64 65 66 67 67 68 69 70 70 70 69 69 69 69 69 70 70 70 70 70 70 72 74 80 89 86 83 81 78 76 73 71 68 66 63 61 58 55 52 49 49 49 49 49 49 49 49 49 49 49 49 49 49 49 49 49 49 49 49 49 49 49 49 49 49 49 49 49 49 49 49 49 49 49 49 49 49 
51 51 51 51 51 51 51 51 51 51 51 51 51 51 51 51 51 51 51 51 51 51 51 51 51 51 51 51 51 51 51 51 51 51 51 51 51 51 51 51 51 51 51 51 51 51 51 51 51 51 51 51 51 51 51 51 51 51 51 51 51 51 51 51 51 51 51 51 51 51 51 51 51 51 51 51 51 51 51 51 
60 63 67 71 74 100 114 114 114 113 112 111 110 109 108 107 106 105 105 104 104 103 102 101 99 97 94 91 87 84 80 77 74 71 67 64 60 57 54 50 47 43 41 39 37 35 34 33 32 31 30 30 29 29 30 31 32 32 33 33 35 35 35 36 36 37 38 38 38 39 39 39 40 41 41 44 48 52 56 60 
76 80 98 109 110 109 109 109 108 108 107 107 106 105 104 103 104 104 104 105 105 106 106 105 104 102 100 97 95 93 91 88 84 80 75 71 67 63 58 54 51 51 51 51 51 51 51 51 51 51 51 51 51 51 51 51 51 51 51 51 51 51 51 51 51 51 51 51 51 51 51 51 51 51 51 51 51 51 51 51 
101 101 101 101 101 101 101 101 101 101 101 102 104 104 104 105 106 106 105 105 104 103 102 100 95 89 84 79 74 68 63 59 55 51 47 44 41 38 37 38 40 41 42 43 44 45 45 46 46 47 48 48 48 49 50 50 50 50 50 50 50 50 50 50 50 50 50 50 50 50 50 50 50 50 50 50 50 50 50 50 
0 1 1 1 0 0 81 81 82 80 79 79 78 78 67 67 65 64 63 65 66 66 66 66 66 66 66 66 66 66 66 66 66 66 66 66 66 66 66 66 66 66 66 66 66 66 66 66 66 66 66 66 66 66 66 66 66 66 66 66 66 66 66 66 66 66 66 66 66 66 66 66 66 66 66 66 66 66 66 66 
0 0 0 1 0 0 0 0 0 1 0 0 0 0 0 34 79 78 76 74 73 72 71 71 70 70 69 68 67 65 66 67 67 68 68 68 67 67 67 66 67 67 66 66 65 65 64 64 63 63 63 63 63 63 63 63 63 63 63 63 63 63 63 63 63 63 63 63 63 63 63 63 63 63 63 63 63 63 63 63 
1 1 0 0 1 2 0 0 0 1 1 0 0 0 1 1 0 0 0 1 16 82 86 86 87 91 91 89 87 85 84 83 83 82 82 82 83 83 84 69 0 0 1 1 0 0 0 0 0 0 4 11 6 0 0 1 2 1 0 0 0 0 0 1 1 0 0 0 2 3 2 1 1 1 1 0 0 0 0 0 
1 1 1 0 1 3 0 0 0 1 0 0 0 0 1 1 0 0 0 0 0 2 1 0 0 0 1 15 78 79 82 85 89 89 90 89 89 89 89 73 0 1 1 0 0 0 0 0 0 0 2 6 3 0 0 0 1 0 0 0 0 0 0 1 0 0 1 1 1 2 1 1 1 0 0 0 0 0 0 0 
1 1 1 0 0 1 0 0 0 1 0 0 1 1 1 1 0 0 0 0 1 2 1 0 0 0 1 1 1 0 0 1 0 16 86 87 88 87 85 70 0 1 0 0 0 0 0 0 0 0 0 1 1 0 0 0 0 0 0 0 0 0 0 0 0 0 1 1 1 1 1 1 0 0 0 0 0 0 0 0 
0 0 1 0 0 0 1 1 0 0 0 0 1 1 1 2 0 0 0 0 1 3 2 0 0 0 1 1 1 1 0 0 0 0 0 0 1 3 2 0 0 1 0 0 0 0 0 0 1 0 0 0 0 0 0 0 0 0 0 0 0 0 0 0 0 1 3 2 1 1 1 1 1 0 0 0 0 0 0 0 
0 1 0 0 0 0 1 1 0 0 1 1 1 1 1 1 0 0 0 1 1 2 1 1 1 1 1 1 1 0 0 0 0 0 0 0 2 2 1 0 0 1 0 0 0 0 0 0 1 0 0 0 0 0 0 0 1 0 0 0 0 0 0 0 0 3 6 3 0 0 0 0 2 1 0 0 0 0 0 1 
2 3 2 0 0 0 1 0 0 0 0 1 1 1 1 1 0 0 0 0 2 1 1 1 2 1 0 0 0 1 0 0 0 0 0 1 3 2 0 0 0 0 0 0 0 0 0 0 1 1 0 0 0 0 0 0 1 0 0 0 0 0 0 0 0 3 8 4 0 0 0 0 2 2 0 0 0 0 0 1 
2 4 2 0 0 0 1 0 0 0 0 1 1 1 1 0 0 0 1 1 1 0 0 2 2 1 0 0 0 0 0 0 0 0 0 1 2 1 0 0 0 0 0 1 0 0 0 0 1 1 0 0 1 0 0 2 2 1 1 1 1 0 0 0 0 3 5 2 0 0 0 0 1 1 0 0 0 1 0 0 
1 2 1 0 0 0 0 0 0 1 1 1 1 1 1 0 0 0 1 2 1 0 0 1 1 0 0 0 0 0 1 1 1 1 0 2 1 0 0 0 0 0 0 1 1 0 0 0 1 1 0 0 1 1 1 3 3 2 1 1 1 0 0 0 1 2 1 1 1 1 0 1 1 0 0 0 1 1 0 0 
0 0 0 0 0 0 0 0 0 1 2 1 1 0 0 0 0 0 1 2 0 0 0 0 0 0 0 0 0 0 1 1 3 2 1 2 0 0 0 1 0 0 0 1 1 0 0 1 1 0 0 0 1 1 1 3 3 5 4 1 1 1 0 0 0 1 0 0 0 0 0 1 1 0 0 0 0 1 0 0 
0 0 0 0 0 0 0 0 0 1 1 0 0 0 0 0 0 0 1 2 0 0 0 0 0 0 0 0 0 0 1 1 2 2 1 2 0 1 4 4 1 0 0 1 1 0 0 2 1 0 0 0 1 0 0 1 4 8 7 1 1 1 1 0 0 1 0 0 0 0 0 1 1 0 0 0 0 0 0 0 
0 0 0 0 0 0 0 0 1 1 0 0 0 0 0 0 0 1 2 1 0 0 0 0 0 0 0 0 0 1 1 1 1 0 1 1 2 8 8 1 0 0 1 1 0 0 2 2 0 0 1 1 0 0 0 3 10 8 1 1 1 1 0 0 1 0 0 0 0 0 1 1 0 0 0 0 0 0 0 0 
0 0 0 0 0 0 0 0 1 1 0 0 0 0 0 0 0 1 2 1 1 1 0 0 0 0 0 0 0 0 0 0 0 0 0 0 3 9 11 3 0 0 0 1 0 0 1 1 0 0 0 0 0 0 0 2 6 5 1 0 0 1 0 0 1 0 0 0 0 0 0 1 0 0 0 0 0 0 2 3 
0 0 0 0 0 0 0 0 1 1 0 0 0 0 0 0 0 1 2 1 1 1 1 1 0 0 0 0 0 0 0 0 0 0 0 0 2 5 7 4 1 0 0 0 1 1 1 0 0 0 0 0 0 0 0 2 2 1 0 0 0 1 0 0 0 1 0 0 0 0 0 1 0 0 0 0 0 0 3 5 
1 0 0 0 0 0 0 0 1 2 0 0 0 0 0 1 1 2 3 1 1 2 2 1 0 0 0 0 0 0 0 0 0 0 0 0 0 1 2 3 0 0 0 1 1 1 1 0 0 0 0 0 0 0 0 1 1 1 0 0 0 0 0 0 1 1 0 0 0 0 0 0 0 0 0 0 0 0 4 7 
2 1 0 0 0 1 1 1 1 1 0 0 0 0 0 0 1 2 2 1 1 2 1 0 0 0 0 0 1 0 0 1 0 0 1 0 0 0 0 1 0 0 0 1 1 1 1 1 0 0 0 0 0 0 0 1 0 0 0 0 0 0 0 0 1 0 0 0 0 0 0 0 0 0 0 0 0 0 3 7 
2 1 0 0 1 1 1 1 1 1 0 0 0 0 0 0 1 1 0 0 1 2 1 0 0 0 0 0 0 0 0 1 1 1 2 1 0 0 0 0 0 0 0 1 1 1 1 1 0 0 0 0 0 0 0 0 0 0 0 0 0 0 0 0 1 0 0 0 0 0 0 1 0 0 0 0 0 0 3 7 
2 1 0 0 1 2 2 1 1 0 0 0 0 0 0 0 1 0 0 0 1 1 0 0 0 0 0 1 1 0 0 1 1 1 2 1 1 0 0 0 0 0 0 0 0 1 1 1 0 0 0 0 0 0 0 0 0 0 0 0 0 0 0 1 0 0 0 0 0 0 0 1 0 0 0 0 0 1 3 4 
1 0 0 0 0 1 1 0 0 0 1 0 0 0 0 0 1 1 1 1 1 1 0 0 0 0 0 1 1 0 0 0 1 1 1 0 0 0 0 1 0 0 0 0 0 1 1 1 1 0 0 0 0 0 0 0 0 0 0 0 0 0 0 0 0 0 1 0 0 0 0 1 0 0 0 0 0 1 2 1 
0 0 0 0 0 0 0 0 0 0 1 1 1 0 0 0 1 1 1 2 1 1 0 0 0 0 0 0 0 0 0 0 0 0 0 0 0 0 0 1 0 0 0 0 0 1 1 1 0 0 0 0 0 0 0 0 0 0 0 0 0 0 0 0 0 0 1 0 0 0 0 1 0 0 0 1 1 1 2 0 
0 0 0 0 0 0 0 0 0 0 1 1 1 1 1 1 1 1 1 1 1 1 0 0 1 1 1 0 0 0 0 0 0 0 0 0 0 0 0 0 0 0 1 1 1 1 0 0 1 0 0 0 0 0 0 0 0 0 0 0 1 0 0 0 0 0 0 0 0 0 0 1 1 0 0 1 1 1 2 0 
0 0 0 0 0 0 0 0 0 1 1 1 1 2 3 1 1 2 1 0 0 1 0 0 2 1 0 0 0 0 0 0 0 0 0 0 0 0 0 1 1 1 1 1 1 1 0 0 0 0 0 0 0 0 0 0 0 0 0 0 1 0 0 0 0 0 0 0 0 0 1 1 1 0 0 1 1 1 2 0 
0 0 0 0 0 0 0 0 0 1 0 0 0 3 5 2 1 1 1 0 0 0 0 0 2 2 0 0 0 0 0 0 0 0 0 0 0 0 1 2 1 1 1 1 1 1 0 0 0 0 0 0 0 0 0 0 0 0 0 0 1 1 0 0 0 0 0 0 0 0 1 1 1 1 1 1 0 0 1 0 
0 0 1 0 0 0 0 0 1 1 0 0 0 1 2 1 1 1 1 0 0 0 0 0 1 1 0 0 0 0 0 0 0 0 1 0 0 0 1 4 2 0 0 0 0 1 1 0 0 0 0 0 1 0 0 0 0 0 0 0 0 1 0 0 0 0 0 0 0 0 1 0 0 0 1 0 0 0 0 1 
0 0 1 0 0 0 0 1 1 0 0 0 0 1 0 0 1 1 1 1 0 0 0 0 0 0 0 0 0 0 0 0 0 1 2 0 0 1 2 4 2 0 0 0 1 1 1 0 0 0 0 0 1 0 0 0 0 0 0 0 0 1 0 0 0 0 0 0 0 0 1 0 0 0 0 0 0 0 1 1 
0 0 1 1 1 1 2 2 2 1 0 0 0 0 0 0 1 1 1 0 0 0 0 0 0 0 0 0 0 0 0 0 1 1 2 0 0 0 2 4 1 0 0 0 2 1 1 0 0 0 0 0 0 0 0 0 0 0 0 0 0 1 0 0 0 0 0 0 0 0 1 1 1 1 0 0 0 1 3 2 
0 0 2 3 2 2 3 3 2 1 0 0 0 0 0 1 1 1 1 0 0 0 0 1 2 0 0 0 0 0 0 0 1 1 0 0 0 0 2 3 0 0 0 0 1 1 1 0 0 0 0 0 0 0 0 0 0 0 0 0 0 1 0 0 0 0 0 0 0 0 1 1 1 0 0 0 0 2 3 2 
0 0 3 4 3 3 4 4 3 2 0 0 0 0 0 1 0 0 0 0 0 0 0 2 3 0 0 0 0 0 0 0 1 1 0 0 0 0 2 3 0 0 0 0 1 0 0 0 0 0 0 0 0 0 0 0 0 0 0 0 0 0 0 0 0 0 0 0 0 0 1 1 1 0 0 0 0 1 2 1 
0 0 1 2 2 2 3 2 2 2 2 1 0 0 0 0 0 0 0 0 0 0 0 1 1 0 0 0 0 0 0 0 0 0 0 0 0 0 1 2 0 0 0 0 0 0 0 0 0 1 0 0 0 0 0 0 0 0 0 0 0 0 0 0 1 0 0 1 1 0 0 0 1 1 0 0 0 0 0 0 
0 0 0 1 1 1 1 0 0 1 4 2 0 0 0 0 0 0 0 0 0 0 0 0 0 0 0 0 0 1 0 0 0 0 0 0 0 1 1 1 0 0 0 0 0 0 0 0 1 1 0 0 0 0 0 0 0 0 0 0 0 0 0 0 1 0 0 1 1 1 0 0 1 1 0 0 0 0 0 0 
0 0 0 0 1 1 0 0 0 1 3 2 0 0 0 0 0 0 0 0 0 0 0 0 0 0 0 0 0 0 0 0 0 0 0 0 1 1 1 0 0 0 1 0 0 0 0 0 1 1 0 0 0 1 1 1 0 0 0 0 0 0 0 0 1 0 0 0 1 1 1 0 0 1 0 0 0 1 0 0 
0 0 1 0 0 1 1 1 2 0 2 1 0 0 0 0 0 0 0 0 1 0 0 0 0 0 0 0 0 0 0 1 0 0 0 0 1 0 0 0 0 1 1 0 0 0 0 0 1 1 0 0 0 1 1 1 0 0 0 0 0 0 0 0 1 0 0 0 0 2 1 0 0 1 1 0 0 1 0 0 
0 0 1 0 0 0 0 2 2 0 0 1 0 0 0 0 0 0 0 0 1 0 0 0 2 1 0 0 0 0 0 1 0 0 0 1 1 0 0 0 1 1 1 1 0 0 0 0 1 1 0 0 0 1 1 0 0 0 0 0 0 0 0 0 1 1 1 1 1 1 1 1 1 1 1 0 0 0 0 0 
0 0 0 0 0 0 0 2 2 0 0 0 0 0 0 0 0 0 0 0 1 1 1 1 2 5 2 0 0 0 0 1 0 0 0 1 1 0 0 0 1 2 2 1 0 0 0 0 0 0 0 0 0 0 1 0 0 0 0 0 0 0 0 0 0 1 1 1 0 0 0 1 1 1 1 0 0 0 0 0 
0 0 0 0 0 0 0 2 2 0 0 0 0 0 0 0 0 0 0 0 0 1 1 2 4 10 5 0 0 0 1 0 0 0 1 1 0 0 0 1 1 2 2 1 1 0 0 0 0 0 1 3 3 1 1 0 0 0 0 0 0 0 1 1 0 0 1 1 0 0 0 0 1 1 1 1 1 0 0 0 
0 0 0 0 0 0 0 1 2 0 0 0 0 0 0 0 2 2 0 0 0 0 1 1 3 8 4 0 0 1 1 0 0 0 1 1 0 0 0 1 1 1 1 1 1 1 1 1 0 0 2 7 6 1 0 0 0 0 0 0 0 0 2 2 0 0 0 1 1 0 0 0 1 2 1 1 2 1 0 0 
0 0 0 0 0 0 0 0 0 0 0 0 0 0 0 1 4 4 0 0 0 0 0 0 1 3 2 0 1 2 2 4 5 0 0 0 0 0 0 1 1 1 1 1 1 1 1 1 1 0 2 9 8 2 1 0 0 0 0 0 0 0 3 3 0 0 0 0 1 0 0 0 1 2 2 2 2 2 0 1 
0 0 0 0 0 0 0 0 0 0 0 0 0 0 0 1 6 5 0 0 0 0 0 0 0 0 0 1 1 3 9 14 1 0 0 0 0 0 0 1 1 1 1 1 2 1 1 1 1 0 1 5 5 1 2 0 0 0 0 0 1 1 1 2 0 0 0 0 1 0 0 0 1 2 2 2 2 1 2 4 
1 0 0 0 0 0 0 0 0 0 0 0 1 1 1 1 4 6 4 1 1 0 0 0 0 0 1 1 2 4 16 45 32 0 0 1 1 0 0 0 1 2 1 0 2 1 1 0 0 1 1 1 1 2 4 1 0 0 0 0 1 1 1 0 0 0 0 0 0 0 0 0 1 1 2 2 1 1 4 8 
0 0 0 0 0 0 0 0 0 0 0 1 2 3 1 2 6 7 1 2 1 0 0 0 1 3 2 3 6 2 0 0 0 0 2 3 2 0 0 1 1 0 0 1 1 0 0 0 1 1 0 0 1 3 0 0 0 0 0 2 2 1 0 0 0 0 1 1 0 0 0 1 1 1 2 1 1 3 7 2 
0 0 0 0 0 0 0 0 0 0 0 2 2 0 1 5 6 1 2 1 0 0 0 1 2 1 2 5 18 32 16 33 2 8 14 15 0 0 0 1 0 0 1 1 0 0 0 0 1 0 0 0 1 0 0 0 0 1 3 3 2 0 0 0 0 1 1 0 0 0 0 0 1 1 2 1 3 6 2 0 
0 1 1 0 0 0 0 0 0 0 1 0 0 0 3 3 1 1 0 0 0 0 1 1 0 0 2 1 0 0 17 51 36 20 46 32 0 0 0 0 0 0 1 0 0 0 0 1 0 0 0 0 1 1 0 0 1 3 3 2 0 0 0 1 2 2 0 0 0 0 0 0 1 2 2 3 4 1 0 0 
0 1 1 1 0 0 0 1 0 0 0 0 0 0 1 1 0 0 0 0 0 0 0 0 1 1 0 17 39 11 0 0 0 0 0 0 1 0 0 1 2 1 1 0 0 0 0 1 1 0 0 0 0 2 32 0 0 2 2 1 0 0 0 1 2 2 1 0 0 0 0 0 1 2 1 1 2 0 0 1 
2 1 1 0 0 0 0 1 0 0 0 0 0 0 1 0 0 0 0 0 0 0 0 1 4 5 1 1 1 0 0 0 0 0 0 1 2 1 0 80 159 29 111 87 34 69 84 72 73 73 0 0 82 81 84 69 72 72 82 42 81 74 9 1 2 13 2 76 0 0 75 0 76 2 77 2 80 12 83 48 
80 1 0 0 0 0 1 2 1 0 1 0 0 1 0 0 0 0 0 0 0 0 0 1 8 10 1 77 154 19 36 16 50 69 88 34 2 0 0 3 4 1 98 223 148 32 103 102 61 83 0 0 10 74 84 64 61 82 30 72 18 74 0 1 2 13 2 0 0 1 1 1 1 11 0 52 0 84 0 84 
34 1 0 0 0 0 0 2 1 0 1 0 0 1 0 0 0 1 1 0 0 0 0 1 6 8 1 17 51 51 119 255 187 109 175 50 1 0 0 85 198 57 56 68 0 0 85 1 1 1 1 0 78 80 1 0 0 0 1 0 0 74 0 1 1 51 1 57 0 1 56 1 57 2 61 7 69 18 80 51 
80 1 1 1 1 0 0 1 1 0 0 1 0 0 0 0 1 2 2 1 0 0 0 0 3 5 1 17 51 34 1 2 0 17 34 0 0 0 0 1 2 0 0 0 0 0 1 1 1 1 1 0 0 1 0 0 0 1 1 0 0 0 0 1 1 1 1 0 0 1 2 2 1 0 0 1 0 0 0 1 
1 0 1 1 1 0 0 1 1 0 0 1 0 0 0 0 1 3 2 1 0 0 0 0 1 1 0 1 1 0 1 2 0 0 0 0 0 0 0 1 30 77 0 76 18 63 84 84 72 83 84 80 3 83 83 52 32 74 1 0 84 74 83 74 81 4 0 0 102 89 101 1 0 92 0 1 0 0 1 1 
0 95 0 1 0 0 0 1 0 0 1 0 0 0 0 1 2 2 2 1 1 0 0 0 0 0 0 17 51 49 42 21 0 0 9 16 0 0 0 1 54 0 0 0 32 10 84 84 1 26 84 11 42 8 6 52 36 0 0 0 0 48 0 20 0 73 0 0 102 0 0 0 102 1 0 1 0 0 1 1 
1 0 1 1 0 0 1 1 0 1 0 0 0 1 0 4 2 1 1 2 1 0 0 0 0 0 1 51 51 44 32 0 0 1 49 0 0 0 1 36 60 0 0 0 0 1 1 0 1 84 1 0 3 4 0 1 0 0 0 68 74 74 46 74 9 1 0 102 0 1 0 0 0 1 1 1 1 1 1 0 
51 51 0 1 0 0 0 1 1 1 0 0 0 1 1 2 1 0 0 1 1 0 0 0 0 0 0 34 51 17 1 0 0 0 1 2 2 2 2 2 2 2 2 2 2 2 2 2 2 2 2 2 2 2 2 2 2 2 2 2 2 2 2 2 2 2 2 2 2 2 2 2 2 2 2 2 2 2 2 2 
2 2 2 2 2 2 2 2 2 2 2 2 2 2 2 2 2 2 2 2 2 2 2 2 2 2 2 2 2 2 2 2 2 2 2 2 2 2 2 2 2 2 2 2 2 2 2 2 2 2 2 2 2 2 2 2 2 2 2 2 2 2 2 2 2 2 2 2 2 2 2 2 2 2 2 2 2 2 2 2 
2 2 2 2 2 2 2 2 2 2 2 2 2 2 2 2 2 2 2 2 2 2 2 2 2 2 2 2 2 2 2 2 2 2 2 2 2 2 2 2 2 2 2 2 2 2 2 2 2 2 2 2 2 2 2 2 2 2 2 2 2 2 2 2 2 2 2 2 2 2 2 2 2 2 2 2 2 2 2 2 
2 2 2 2 2 2 2 2 2 2 2 2 2 2 2 2 2 2 2 2 2 2 2 2 2 2 2 2 2 2 2 2 2 2 2 2 2 2 2 2 2 2 2 2 2 2 2 2 2 2 2 2 2 2 2 2 2 2 2 2 2 2 2 2 2 2 2 2 2 2 2 2 2 2 2 2 2 2 2 2 
2 2 2 2 2 2 2 2 2 2 2 2 2 2 2 2 2 2 2 2 2 2 2 2 2 2 2 2 2 2 2 2 2 2 2 2 2 2 2 2 2 2 2 2 2 2 2 2 2 2 2 2 2 2 2 2 2 2 2 2 2 2 2 2 2 2 2 2 2 2 2 2 2 2 2 2 2 2 2 2 
2 2 2 2 2 2 2 2 2 2 2 2 2 2 2 2 2 2 2 2 2 2 2 2 2 2 2 2 2 2 2 2 2 2 2 2 2 2 2 2 2 2 2 2 2 2 2 2 2 2 2 2 2 2 2 2 2 2 2 2 2 2 2 2 2 2 2 2 2 2 2 2 2 2 2 2 2 2 2 2 
2 2 2 2 2 2 2 2 2 2 2 2 2 2 2 2 2 2 2 2 2 2 2 2 2 2 2 2 2 2 2 2 2 2 2 2 2 2 2 2 2 2 2 2 2 2 2 2 2 2 2 2 2 2 2 2 2 2 2 2 2 2 2 2 2 2 2 2 2 2 2 2 2 2 2 2 2 2 2 2 
2 2 2 2 2 2 2 2 2 2 2 2 2 2 2 2 2 2 2 2 2 2 2 2 2 2 2 2 2 2 2 2 2 2 2 2 2 2 2 2 2 2 2 2 2 2 2 2 2 2 2 2 2 2 2 2 2 2 2 2 2 2 2 2 2 2 2 2 2 2 2 2 2 2 2 2 2 2 2 2 
2 2 2 2 2 2 2 2 2 2 2 2 2 2 2 2 2 2 2 2 2 2 2 2 2 2 2 2 2 2 2 2 2 2 2 2 2 2 2 2 2 2 2 2 2 2 2 2 2 2 2 2 2 2 2 2 2 2 2 2 2 2 2 2 2 2 2 2 2 2 2 2 2 2 2 2 2 2 2 2 
2 2 2 2 2 2 2 2 2 2 2 2 2 2 2 2 2 2 2 2 2 2 2 2 2 2 2 2 2 2 2 2 2 2 2 2 2 2 2 2 2 2 2 2 2 2 2 2 2 2 2 2 2 2 2 2 2 2 2 2 2 2 2 2 2 2 2 2 2 2 2 2 2 2 2 2 2 2 2 2 
2 2 2 2 2 2 2 2 2 2 2 2 2 2 2 2 2 2 2 2 2 2 2 2 2 2 2 2 2 2 2 2 2 2 2 2 2 2 2 2 2 2 2 2 2 2 2 2 2 2 2 2 2 2 2 2 2 2 2 2 2 2 2 2 2 2 2 2 2 2 2 2 2 2 2 2 2 2 2 2 
2 2 2 2 2 2 2 2 2 2 2 2 2 2 2 2 2 2 2 2 2 2 2 2 2 2 2 2 2 2 2 2 2 2 2 2 2 2 2 2 2 2 2 2 2 2 2 2 2 2 2 2 2 2 2 2 2 2 2 2 2 2 2 2 2 2 2 2 2 2 2 2 2 2 2 2 2 2 2 2 
2 2 2 2 2 2 2 2 2 2 2 2 2 2 2 2 2 2 2 2 2 2 2 2 2 2 2 2 2 2 2 2 2 2 2 2 2 2 2 2 2 2 2 2 2 2 2 2 2 2 2 2 2 2 2 2 2 2 2 2 2 2 2 2 2 2 2 2 2 2 2 2 2 2 2 2 2 2 2 2 
