20 20 20 20 20 20 20 20 20 19 19 19 19 19 19 19 19 18 18 18 18 18 17 17 17 17 17 17 17 17 17 17 16 16 16 16 16 16 16 16 15 15 15 15 15 15 15 15 14 14 14 14 14 14 14 14 14 14 14 14 15 15 15 15 15 15 15 15 15 15 15 15 15 15 15 15 15 15 16 16 
23 23 23 23 23 23 22 22 22 22 22 21 21 21 21 20 20 20 20 19 19 20 19 19 19 19 19 19 18 18 18 18 18 18 17 17 17 17 17 17 17 16 16 16 16 16 16 16 16 16 16 16 16 16 16 16 16 17 17 15 15 15 15 15 15 15 15 15 15 15 15 15 15 15 17 24 24 24 24 24 
23 23 23 22 22 22 22 22 21 21 21 20 20 20 20 19 19 20 19 19 19 19 19 18 18 18 18 18 18 18 17 17 17 17 17 17 16 16 16 16 16 16 16 15 16 16 16 16 16 16 16 16 16 16 16 16 16 17 17 17 17 17 17 17 17 17 17 17 17 17 20 25 24 24 24 24 24 24 24 23 
23 22 22 22 22 21 21 21 20 20 20 20 19 19 19 19 19 19 19 18 18 18 18 18 18 17 17 17 17 17 17 17 16 16 16 16 16 16 16 15 15 15 15 15 16 16 16 16 16 16 16 16 16 16 16 16 16 16 16 16 16 16 16 16 16 16 17 25 25 25 25 24 24 24 24 24 24 23 23 23 
22 22 22 21 21 21 20 20 20 19 19 19 19 19 19 18 18 18 18 18 18 17 17 17 17 17 17 16 16 16 16 16 16 16 15 15 15 15 15 15 15 15 15 15 15 15 15 16 16 16 16 16 16 16 16 16 16 16 16 16 16 16 16 19 25 25 25 25 25 25 25 24 24 24 24 24 23 23 23 23 
22 21 21 21 20 20 20 19 19 19 19 18 18 18 18 18 18 17 17 17 17 17 17 16 16 16 16 16 16 16 15 15 15 15 15 15 15 15 15 15 15 15 15 15 15 16 16 16 16 16 16 16 16 16 16 16 16 16 16 16 19 26 26 26 25 25 25 25 25 25 25 24 24 24 24 23 23 23 23 22 
21 21 20 20 20 19 19 19 18 18 18 18 18 18 17 17 17 17 17 17 16 16 16 16 16 16 15 15 15 15 15 14 14 14 14 14 15 15 15 15 15 15 15 15 15 15 15 15 15 15 15 15 15 15 15 15 15 19 27 26 26 26 26 26 26 25 25 25 25 25 24 24 24 24 23 23 23 23 22 22 
21 20 20 19 19 18 18 18 18 18 18 17 17 17 17 17 17 16 16 16 16 16 15 15 15 15 15 15 14 14 14 14 14 14 14 14 14 14 15 15 15 15 15 15 15 15 15 15 15 15 15 15 15 15 19 27 27 27 27 27 26 26 26 26 26 26 25 25 25 25 24 24 24 24 23 23 23 22 22 21 
20 19 19 18 18 18 18 18 17 17 17 17 17 16 16 16 16 16 16 15 15 15 15 15 14 14 14 14 14 14 14 14 14 14 14 14 14 14 14 14 15 15 15 15 15 15 15 15 14 14 14 14 28 28 27 27 27 27 27 27 27 27 26 26 26 26 26 25 25 25 24 24 24 23 23 23 22 22 21 21 
20 19 18 18 18 18 17 17 17 17 17 17 16 16 16 16 16 15 15 15 15 15 14 14 14 14 13 13 13 13 13 13 13 13 14 14 14 14 14 14 14 14 14 14 14 14 14 14 14 14 24 29 28 28 28 28 28 27 27 27 27 27 27 27 27 26 26 26 25 25 25 24 24 23 23 23 22 22 21 21 
20 19 18 18 18 17 17 17 17 17 17 17 16 16 16 16 16 15 15 15 15 14 14 14 13 13 13 13 13 13 13 13 13 13 13 13 13 13 14 14 14 14 14 14 14 14 14 14 19 29 29 29 29 28 28 28 28 28 28 28 28 28 28 28 27 27 27 26 26 26 25 25 24 24 23 23 22 22 21 21 
19 18 18 17 17 17 17 17 17 16 16 16 16 16 15 15 15 15 15 14 14 14 13 13 13 12 12 12 12 12 12 13 13 13 13 13 13 13 13 13 13 13 13 13 14 14 14 30 30 29 29 29 29 29 29 29 29 28 28 28 28 28 29 28 28 28 27 27 26 26 25 25 24 24 23 22 22 22 21 21 
19 19 18 17 17 17 17 17 16 16 16 16 16 15 15 15 15 14 14 14 13 13 13 13 12 12 12 12 12 12 12 12 12 12 12 12 13 13 13 13 13 14 14 14 14 19 30 30 30 30 30 30 29 29 29 29 29 29 29 29 29 29 29 29 29 28 28 28 27 26 26 25 25 24 24 23 23 22 22 21 
19 18 17 17 17 17 17 16 16 16 16 15 15 15 15 14 14 14 13 13 13 12 12 12 12 12 12 12 12 12 12 12 12 13 13 13 13 14 14 14 14 14 14 14 31 31 30 30 30 30 30 30 30 30 30 30 30 30 30 30 30 30 30 30 29 29 28 28 27 27 26 26 25 24 24 24 23 22 21 21 
19 18 18 17 17 17 16 16 16 16 15 15 15 14 14 14 13 13 13 12 12 12 12 11 12 12 12 12 12 12 13 13 13 13 13 14 14 14 14 14 14 14 19 30 30 30 30 30 30 30 30 30 30 30 30 30 30 30 30 30 30 30 30 30 30 30 30 29 28 28 27 27 26 25 25 24 23 23 22 21 
19 18 18 17 17 17 16 16 16 15 15 15 14 14 14 13 13 13 12 12 13 12 12 12 13 13 13 13 13 13 13 13 14 14 14 14 14 14 14 14 14 25 30 30 30 30 30 30 30 30 30 30 30 30 30 30 30 30 30 30 30 30 31 31 31 31 31 30 30 29 28 28 27 27 26 25 24 23 22 22 
19 19 18 17 17 17 16 16 16 15 15 15 14 14 14 14 14 13 14 13 13 13 13 13 13 13 13 14 14 14 14 14 14 14 14 14 14 14 14 14 29 29 29 29 29 29 29 30 30 30 30 30 30 30 30 30 30 30 31 31 31 31 31 31 32 32 32 32 31 30 30 29 28 27 27 26 25 24 23 22 
20 19 18 18 17 17 17 16 16 16 16 15 15 15 15 15 15 15 14 14 14 14 14 14 14 14 14 14 14 14 15 15 15 15 15 14 14 14 14 28 28 28 28 28 28 28 29 29 29 30 30 30 30 30 30 30 30 31 31 31 31 31 32 32 32 32 32 32 32 32 32 32 32 32 32 32 32 32 32 32 
18 18 18 17 17 17 17 17 17 16 16 16 16 16 16 16 16 16 16 16 16 16 15 15 15 15 14 14 21 25 25 25 25 25 25 25 26 26 26 27 27 28 28 28 29 29 30 30 30 30 31 31 32 32 32 32 32 32 32 32 32 32 32 32 32 32 32 32 32 32 32 32 32 32 32 32 32 32 32 32 
19 18 18 18 18 18 17 17 17 17 16 16 16 15 15 15 14 16 22 22 22 22 22 22 22 22 22 22 22 22 23 23 24 24 25 26 26 27 28 28 29 29 29 30 30 30 31 31 31 32 32 32 32 32 32 32 32 32 32 32 32 32 32 32 32 32 32 32 32 32 32 32 32 32 32 32 32 32 32 32 
17 17 17 16 15 15 14 24 24 24 24 24 24 24 23 23 23 22 21 21 20 19 18 18 19 20 21 21 22 22 22 23 23 24 24 25 25 25 26 26 27 27 28 28 29 29 29 29 28 28 27 26 26 26 25 25 25 25 25 25 25 25 24 24 24 23 23 23 23 22 22 22 22 22 22 21 20 20 19 19 
17 16 15 15 22 26 26 26 26 26 26 26 26 25 25 24 23 22 21 21 20 19 18 18 18 18 19 19 20 20 21 21 21 22 22 23 23 23 24 24 25 25 26 26 27 27 27 26 26 26 25 25 25 25 25 25 25 26 26 26 25 25 25 25 24 24 24 24 24 24 23 23 23 22 22 21 20 20 19 18 
15 26 26 27 27 27 27 27 27 27 26 26 26 26 25 24 23 22 21 20 19 18 17 16 16 17 18 18 19 19 19 20 20 20 20 21 21 22 22 23 23 23 24 24 24 24 24 24 24 24 24 24 25 26 26 27 27 27 27 26 26 26 26 26 26 25 25 25 25 24 23 23 23 22 21 20 19 18 18 17 
27 27 27 28 28 28 28 28 28 27 27 26 26 25 25 24 22 21 21 20 19 18 17 16 16 17 17 17 18 18 18 19 19 19 19 19 19 20 20 20 21 21 21 22 22 23 23 24 24 25 26 26 27 28 29 29 29 28 28 28 28 27 27 27 27 26 26 26 25 24 23 22 21 20 19 19 18 17 25 32 
33 33 33 33 33 33 33 32 31 30 28 25 24 23 23 22 21 20 20 19 18 17 17 16 16 16 17 17 17 17 18 18 18 19 19 20 20 20 20 21 21 21 22 22 23 23 24 25 26 27 28 29 30 30 31 30 30 30 29 29 29 28 28 28 28 27 26 25 24 23 22 21 20 19 18 26 33 33 33 33 
33 33 33 32 32 31 30 30 29 28 27 26 25 24 23 23 22 22 21 21 21 21 21 21 21 21 22 21 20 20 20 20 20 20 20 21 21 21 21 21 22 22 24 25 26 27 28 29 30 32 33 33 32 32 32 31 31 31 30 30 30 29 28 27 25 24 23 22 21 19 18 21 32 33 33 34 35 35 35 35 
34 34 33 33 32 31 30 29 28 27 27 26 25 25 25 24 24 24 24 23 23 23 23 24 24 24 24 24 24 25 25 25 25 26 26 27 27 28 28 29 30 30 32 33 34 34 34 34 34 34 34 34 34 34 34 34 34 34 34 34 34 34 34 34 34 34 34 34 34 34 34 34 34 34 34 34 34 34 34 34 
28 28 28 28 28 29 29 30 31 31 32 32 32 32 33 32 33 32 32 32 32 32 32 32 32 32 32 33 33 34 34 34 35 35 35 35 35 35 35 35 35 35 35 35 35 35 35 35 35 35 35 35 35 35 35 35 35 35 35 35 35 35 35 35 35 35 35 35 35 35 35 35 35 35 35 35 35 35 35 35 
36 36 36 36 36 36 35 35 34 34 33 33 34 34 34 34 35 35 36 36 36 36 36 36 36 36 36 36 36 36 36 36 36 36 36 36 36 36 36 36 36 36 36 36 36 36 36 36 36 36 36 36 36 36 36 36 36 36 36 36 36 36 36 36 36 36 36 36 36 36 36 36 36 36 36 36 36 36 36 36 
39 39 38 38 38 38 38 38 38 38 38 38 38 38 38 38 38 38 38 38 38 38 38 38 38 38 38 38 38 38 38 38 38 38 38 38 38 38 38 38 38 38 38 38 38 38 38 38 38 38 38 38 38 38 38 38 38 38 38 38 38 38 38 38 38 38 38 38 38 38 38 38 38 38 38 38 38 38 38 38 
42 41 40 38 38 38 38 38 38 38 38 38 38 38 38 38 38 38 38 38 38 38 38 38 38 38 38 38 38 38 38 38 38 38 38 38 38 38 38 38 38 38 38 38 38 38 38 38 38 38 38 38 38 38 38 38 38 38 38 38 38 38 38 38 38 38 38 38 38 38 38 38 38 38 38 38 38 38 38 38 
32 28 25 22 19 18 17 16 16 15 15 17 18 20 21 23 39 39 39 39 39 39 39 39 39 39 39 39 39 39 39 39 39 39 39 39 39 39 39 39 39 39 39 39 39 39 39 39 39 39 39 39 39 39 39 39 39 39 39 39 39 39 39 39 39 39 39 39 39 39 39 39 39 39 39 39 39 39 39 39 
29 30 32 33 35 34 35 37 40 39 39 39 39 39 39 39 39 39 39 39 39 39 39 39 39 39 39 39 39 39 39 39 39 39 39 39 39 39 39 39 39 39 39 39 39 39 39 39 39 39 39 39 39 39 39 39 39 39 39 39 39 39 39 39 39 39 39 39 39 39 39 39 39 39 39 39 39 39 39 39 
40 37 39 40 40 40 40 40 40 40 40 40 40 40 40 40 40 40 40 40 40 40 40 40 40 40 40 40 40 40 40 40 40 40 40 40 40 40 40 40 40 40 40 40 40 40 40 40 40 40 40 40 40 40 40 40 40 40 40 40 40 40 40 40 40 40 40 40 40 40 40 40 40 40 40 40 40 40 40 40 
39 45 50 47 39 26 22 26 30 33 35 41 41 41 41 41 41 41 41 41 41 41 41 41 41 41 41 41 41 41 41 41 41 41 41 41 41 41 41 41 41 41 41 41 41 41 41 41 41 41 41 41 41 41 41 41 41 41 41 41 41 41 41 41 41 41 41 41 41 41 41 41 41 41 41 41 41 41 41 41 
26 28 31 36 50 56 55 56 56 55 48 37 31 32 35 39 43 47 50 51 51 50 49 45 39 36 34 32 33 33 33 32 33 38 44 49 51 52 51 50 49 49 49 49 49 49 49 49 49 49 49 49 49 49 49 49 49 49 49 49 49 49 49 49 49 49 49 49 49 49 49 49 49 49 49 49 49 49 49 49 
88 54 78 92 77 62 60 59 59 48 79 71 82 64 54 63 72 48 74 85 51 69 56 28 41 31 32 34 38 44 49 52 52 50 48 47 46 46 46 46 46 46 46 46 46 46 46 46 46 46 46 46 46 46 46 46 46 46 46 46 46 46 46 46 46 46 46 46 46 46 46 46 46 46 46 46 46 46 46 46 
70 77 62 61 61 61 61 61 61 61 61 61 61 61 61 61 61 61 61 61 61 61 61 61 61 61 61 61 61 61 61 61 61 61 61 61 61 61 61 61 61 61 61 61 61 61 61 61 61 61 61 61 61 61 61 61 61 61 61 61 61 61 61 61 61 61 61 61 61 61 61 61 61 61 61 61 61 61 61 61 
27 23 22 27 36 39 39 39 39 39 39 39 39 39 39 39 39 39 39 39 39 39 39 39 39 39 39 39 39 39 39 39 39 39 39 39 39 39 39 39 39 39 39 39 39 39 39 39 39 39 39 39 39 39 39 39 39 39 39 39 39 39 39 39 39 39 39 39 39 39 39 39 39 39 39 39 39 39 39 39 
69 64 59 58 57 56 60 64 64 58 43 2 0 0 0 0 0 0 0 0 0 1 0 0 0 12 62 59 59 59 61 64 67 65 65 60 58 60 62 62 57 46 89 113 112 112 111 111 110 110 109 109 109 108 108 107 107 107 106 106 113 54 52 48 49 51 50 47 44 42 39 34 28 22 23 26 30 36 43 51 
64 57 54 53 55 57 57 63 65 35 1 0 0 0 0 0 0 0 0 1 1 0 0 0 0 26 61 59 60 61 62 66 65 60 59 59 53 56 58 59 83 98 113 113 112 111 111 111 110 110 109 109 108 108 108 107 107 106 106 106 106 105 62 38 41 41 41 41 41 41 41 41 41 41 41 41 41 41 41 41 
0 1 1 0 0 0 0 0 1 1 0 0 0 1 1 1 13 65 61 59 60 66 69 73 70 62 57 57 57 57 57 57 57 57 57 57 57 57 57 57 57 57 57 57 57 57 57 57 57 57 57 57 57 57 57 57 57 57 57 57 57 57 57 57 57 57 57 57 57 57 57 57 57 57 57 57 57 57 57 57 
0 0 0 2 1 0 0 1 70 64 60 58 54 61 62 77 69 39 70 80 115 114 114 113 113 112 112 111 111 110 110 109 109 108 108 108 107 107 107 106 106 105 105 105 104 104 104 103 103 102 71 35 29 30 33 45 45 48 49 49 49 49 49 49 49 49 49 49 49 49 49 49 49 49 49 49 49 49 49 49 
67 63 59 52 57 59 65 73 65 100 114 115 114 114 113 113 112 112 111 111 110 110 109 109 108 108 108 107 107 89 73 83 88 92 96 94 94 96 90 86 88 84 58 37 28 31 40 52 61 67 71 71 73 69 69 72 74 40 1 1 1 1 1 1 1 1 1 0 0 5 10 5 2 0 0 0 0 0 0 27 
69 65 63 63 59 67 59 62 61 104 115 115 114 114 113 113 112 111 111 111 110 110 109 109 108 108 111 76 85 95 98 102 104 102 104 103 101 103 102 97 98 103 92 86 77 33 39 49 61 61 73 74 75 78 78 76 59 1 1 1 1 1 2 1 1 1 1 0 1 5 5 1 2 0 0 0 0 0 1 13 
71 67 62 68 60 66 58 64 85 116 115 115 114 114 113 112 112 111 111 110 110 109 109 109 74 84 97 105 104 106 105 105 104 104 104 103 103 102 102 101 101 101 97 91 89 28 32 42 51 51 73 75 77 78 79 80 0 1 2 2 0 2 2 1 1 0 1 1 1 1 1 5 2 0 0 1 0 1 1 1 
70 68 66 69 64 62 62 62 62 62 62 62 62 62 62 62 62 62 62 62 62 62 62 62 62 62 62 62 62 62 62 62 62 62 62 62 62 62 62 62 62 62 62 62 62 62 62 62 62 62 62 62 62 62 62 62 62 62 62 62 62 62 62 62 62 62 62 62 62 62 62 62 62 62 62 62 62 62 62 62 
116 115 115 114 113 113 112 112 66 56 93 107 107 108 86 75 89 95 100 103 104 104 103 103 103 102 102 101 99 100 99 93 87 89 100 98 91 61 57 71 51 43 69 53 18 0 0 0 0 0 1 1 0 0 0 1 1 0 0 0 0 1 1 0 0 2 3 3 1 0 25 68 73 74 73 72 70 62 98 116 
116 115 114 114 113 113 112 112 112 112 112 112 112 112 112 112 112 112 112 112 112 112 112 112 112 112 112 112 112 112 112 112 112 112 112 112 112 112 112 112 112 112 112 112 112 112 112 112 112 112 112 112 112 112 112 112 112 112 112 112 112 112 112 112 112 112 112 112 112 112 112 112 112 112 112 112 112 112 112 112 
76 96 103 107 107 107 106 106 105 105 105 104 104 104 103 103 102 102 102 101 101 101 100 100 100 206 130 85 61 73 51 95 86 19 1 0 1 4 3 7 176 134 69 124 122 55 8 1 28 28 2 3 1 16 16 5 5 0 0 0 42 73 67 78 83 66 56 71 101 111 117 116 115 115 80 77 104 109 93 80 
108 108 108 107 107 106 106 106 105 105 104 104 104 103 103 103 102 102 101 101 101 100 101 100 51 51 51 255 255 51 227 75 2 1 0 1 255 86 11 0 0 0 1 1 1 1 2 0 0 2 2 0 0 0 1 1 0 0 0 84 64 80 74 83 85 65 56 78 111 116 116 115 115 81 111 111 60 95 105 109 
108 108 108 107 107 106 106 105 105 105 104 104 104 103 103 102 102 102 101 101 101 101 100 83 51 67 99 94 79 67 23 26 0 0 0 2 1 0 0 0 0 0 1 1 1 1 0 0 0 1 0 0 0 1 1 0 0 0 0 1 24 64 69 75 72 67 69 96 103 114 116 102 90 105 112 112 112 112 112 112 
105 104 104 104 103 103 102 102 102 101 101 101 116 51 50 49 60 99 97 90 46 0 0 0 1 54 0 0 0 32 10 84 84 1 26 84 11 42 8 6 52 36 0 0 0 0 0 74 0 0 11 65 55 114 74 69 59 117 78 110 110 110 110 110 110 110 110 110 110 110 110 110 110 110 110 110 110 110 110 110 
21 21 51 51 21 21 17 99 98 91 91 91 91 91 91 91 91 91 91 91 91 91 91 91 91 91 91 91 91 91 91 91 91 91 91 91 91 91 91 91 91 91 91 91 91 91 91 91 91 91 91 91 91 91 91 91 91 91 91 91 91 91 91 91 91 91 91 91 91 91 91 91 91 91 91 91 91 91 91 91 
91 91 91 91 91 91 91 91 91 91 91 91 91 91 91 91 91 91 91 91 91 91 91 91 91 91 91 91 91 91 91 91 91 91 91 91 91 91 91 91 91 91 91 91 91 91 91 91 91 91 91 91 91 91 91 91 91 91 91 91 91 91 91 91 91 91 91 91 91 91 91 91 91 91 91 91 91 91 91 91 
91 91 91 91 91 91 91 91 91 91 91 91 91 91 91 91 91 91 91 91 91 91 91 91 91 91 91 91 91 91 91 91 91 91 91 91 91 91 91 91 91 91 91 91 91 91 91 91 91 91 91 91 91 91 91 91 91 91 91 91 91 91 91 91 91 91 91 91 91 91 91 91 91 91 91 91 91 91 91 91 
91 91 91 91 91 91 91 91 91 91 91 91 91 91 91 91 91 91 91 91 91 91 91 91 91 91 91 91 91 91 91 91 91 91 91 91 91 91 91 91 91 91 91 91 91 91 91 91 91 91 91 91 91 91 91 91 91 91 91 91 91 91 91 91 91 91 91 91 91 91 91 91 91 91 91 91 91 91 91 91 
91 91 91 91 91 91 91 91 91 91 91 91 91 91 91 91 91 91 91 91 91 91 91 91 91 91 91 91 91 91 91 91 91 91 91 91 91 91 91 91 91 91 91 91 91 91 91 91 91 91 91 91 91 91 91 91 91 91 91 91 91 91 91 91 91 91 91 91 91 91 91 91 91 91 91 91 91 91 91 91 
91 91 91 91 91 91 91 91 91 91 91 91 91 91 91 91 91 91 91 91 91 91 91 91 91 91 91 91 91 91 91 91 91 91 91 91 91 91 91 91 91 91 91 91 91 91 91 91 91 91 91 91 91 91 91 91 91 91 91 91 91 91 91 91 91 91 91 91 91 91 91 91 91 91 91 91 91 91 91 91 
91 91 91 91 91 91 91 91 91 91 91 91 91 91 91 91 91 91 91 91 91 91 91 91 91 91 91 91 91 91 91 91 91 91 91 91 91 91 91 91 91 91 91 91 91 91 91 91 91 91 91 91 91 91 91 91 91 91 91 91 91 91 91 91 91 91 91 91 91 91 91 91 91 91 91 91 91 91 91 91 
91 91 91 91 91 91 91 91 91 91 91 91 91 91 91 91 91 91 91 91 91 91 91 91 91 91 91 91 91 91 91 91 91 91 91 91 91 91 91 91 91 91 91 91 91 91 91 91 91 91 91 91 91 91 91 91 91 91 91 91 91 91 91 91 91 91 91 91 91 91 91 91 91 91 91 91 91 91 91 91 
91 91 91 91 91 91 91 91 91 91 91 91 91 91 91 91 91 91 91 91 91 91 91 91 91 91 91 91 91 91 91 91 91 91 91 91 91 91 91 91 91 91 91 91 91 91 91 91 91 91 91 91 91 91 91 91 91 91 91 91 91 91 91 91 91 91 91 91 91 91 91 91 91 91 91 91 91 91 91 91 
91 91 91 91 91 91 91 91 91 91 91 91 91 91 91 91 91 91 91 91 91 91 91 91 91 91 91 91 91 91 91 91 91 91 91 91 91 91 91 91 91 91 91 91 91 91 91 91 91 91 91 91 91 91 91 91 91 91 91 91 91 91 91 91 91 91 91 91 91 91 91 91 91 91 91 91 91 91 91 91 
91 91 91 91 91 91 91 91 91 91 91 91 91 91 91 91 91 91 91 91 91 91 91 91 91 91 91 91 91 91 91 91 91 91 91 91 91 91 91 91 91 91 91 91 91 91 91 91 91 91 91 91 91 91 91 91 91 91 91 91 91 91 91 91 91 91 91 91 91 91 91 91 91 91 91 91 91 91 91 91 
91 91 91 91 91 91 91 91 91 91 91 91 91 91 91 91 91 91 91 91 91 91 91 91 91 91 91 91 91 91 91 91 91 91 91 91 91 91 91 91 91 91 91 91 91 91 91 91 91 91 91 91 91 91 91 91 91 91 91 91 91 91 91 91 91 91 91 91 91 91 91 91 91 91 91 91 91 91 91 91 
91 91 91 91 91 91 91 91 91 91 91 91 91 91 91 91 91 91 91 91 91 91 91 91 91 91 91 91 91 91 91 91 91 91 91 91 91 91 91 91 91 91 91 91 91 91 91 91 91 91 91 91 91 91 91 91 91 91 91 91 91 91 91 91 91 91 91 91 91 91 91 91 91 91 91 91 91 91 91 91 
91 91 91 91 91 91 91 91 91 91 91 91 91 91 91 91 91 91 91 91 91 91 91 91 91 91 91 91 91 91 91 91 91 91 91 91 91 91 91 91 91 91 91 91 91 91 91 91 91 91 91 91 91 91 91 91 91 91 91 91 91 91 91 91 91 91 91 91 91 91 91 91 91 91 91 91 91 91 91 91 
91 91 91 91 91 91 91 91 91 91 91 91 91 91 91 91 91 91 91 91 91 91 91 91 91 91 91 91 91 91 91 91 91 91 91 91 91 91 91 91 91 91 91 91 91 91 91 91 91 91 91 91 91 91 91 91 91 91 91 91 91 91 91 91 91 91 91 91 91 91 91 91 91 91 91 91 91 91 91 91 
91 91 91 91 91 91 91 91 91 91 91 91 91 91 91 91 91 91 91 91 91 91 91 91 91 91 91 91 91 91 91 91 91 91 91 91 91 91 91 91 91 91 91 91 91 91 91 91 91 91 91 91 91 91 91 91 91 91 91 91 91 91 91 91 91 91 91 91 91 91 91 91 91 91 91 91 91 91 91 91 
91 91 91 91 91 91 91 91 91 91 91 91 91 91 91 91 91 91 91 91 91 91 91 91 91 91 91 91 91 91 91 91 91 91 91 91 91 91 91 91 91 91 91 91 91 91 91 91 91 91 91 91 91 91 91 91 91 91 91 91 91 91 91 91 91 91 91 91 91 91 91 91 91 91 91 91 91 91 91 91 
91 91 91 91 91 91 91 91 91 91 91 91 91 91 91 91 91 91 91 91 91 91 91 91 91 91 91 91 91 91 91 91 91 91 91 91 91 91 91 91 91 91 91 91 91 91 91 91 91 91 91 91 91 91 91 91 91 91 91 91 91 91 91 91 91 91 91 91 91 91 91 91 91 91 91 91 91 91 91 91 
91 91 91 91 91 91 91 91 91 91 91 91 91 91 91 91 91 91 91 91 91 91 91 91 91 91 91 91 91 91 91 91 91 91 91 91 91 91 91 91 91 91 91 91 91 91 91 91 91 91 91 91 91 91 91 91 91 91 91 91 91 91 91 91 91 91 91 91 91 91 91 91 91 91 91 91 91 91 91 91 
91 91 91 91 91 91 91 91 91 91 91 91 91 91 91 91 91 91 91 91 91 91 91 91 91 91 91 91 91 91 91 91 91 91 91 91 91 91 91 91 91 91 91 91 91 91 91 91 91 91 91 91 91 91 91 91 91 91 91 91 91 91 91 91 91 91 91 91 91 91 91 91 91 91 91 91 91 91 91 91 
91 91 91 91 91 91 91 91 91 91 91 91 91 91 91 91 91 91 91 91 91 91 91 91 91 91 91 91 91 91 91 91 91 91 91 91 91 91 91 91 91 91 91 91 91 91 91 91 91 91 91 91 91 91 91 91 91 91 91 91 91 91 91 91 91 91 91 91 91 91 91 91 91 91 91 91 91 91 91 91 
91 91 91 91 91 91 91 91 91 91 91 91 91 91 91 91 91 91 91 91 91 91 91 91 91 91 91 91 91 91 91 91 91 91 91 91 91 91 91 91 91 91 91 91 91 91 91 91 91 91 91 91 91 91 91 91 91 91 91 91 91 91 91 91 91 91 91 91 91 91 91 91 91 91 91 91 91 91 91 91 
91 91 91 91 91 91 91 91 91 91 91 91 91 91 91 91 91 91 91 91 91 91 91 91 91 91 91 91 91 91 91 91 91 91 91 91 91 91 91 91 91 91 91 91 91 91 91 91 91 91 91 91 91 91 91 91 91 91 91 91 91 91 91 91 91 91 91 91 91 91 91 91 91 91 91 91 91 91 91 91 
91 91 91 91 91 91 91 91 91 91 91 91 91 91 91 91 91 91 91 91 91 91 91 91 91 91 91 91 91 91 91 91 91 91 91 91 91 91 91 91 91 91 91 91 91 91 91 91 91 91 91 91 91 91 91 91 91 91 91 91 91 91 91 91 91 91 91 91 91 91 91 91 91 91 91 91 91 91 91 91 
91 91 91 91 91 91 91 91 91 91 91 91 91 91 91 91 91 91 91 91 91 91 91 91 91 91 91 91 91 91 91 91 91 91 91 91 91 91 91 91 91 91 91 91 91 91 91 91 91 91 91 91 91 91 91 91 91 91 91 91 91 91 91 91 91 91 91 91 91 91 91 91 91 91 91 91 91 91 91 91 
91 91 91 91 91 91 91 91 91 91 91 91 91 91 91 91 91 91 91 91 91 91 91 91 91 91 91 91 91 91 91 91 91 91 91 91 91 91 91 91 91 91 91 91 91 91 91 91 91 91 91 91 91 91 91 91 91 91 91 91 91 91 91 91 91 91 91 91 91 91 91 91 91 91 91 91 91 91 91 91 
91 91 91 91 91 91 91 91 91 91 91 91 91 91 91 91 91 91 91 91 91 91 91 91 91 91 91 91 91 91 91 91 91 91 91 91 91 91 91 91 91 91 91 91 91 91 91 91 91 91 91 91 91 91 91 91 91 91 91 91 91 91 91 91 91 91 91 91 91 91 91 91 91 91 91 91 91 91 91 91 
