97 97 97 97 97 97 97 96 96 97 97 97 96 96 96 95 94 93 92 91 90 90 90 90 90 90 90 90 90 90 90 90 90 90 91 91 91 91 91 91 91 91 91 91 90 90 90 90 90 89 89 89 89 88 88 88 87 87 87 87 86 86 86 86 85 85 84 84 83 83 83 83 83 83 83 83 83 83 83 83 
99 99 99 99 99 98 98 98 98 98 97 97 97 97 97 97 96 95 94 92 91 91 91 91 91 91 91 91 91 91 91 91 91 92 92 92 92 92 92 93 93 93 92 92 92 91 91 91 91 90 90 90 90 90 89 89 89 89 88 88 88 87 87 87 87 86 86 86 85 85 85 84 84 84 84 84 84 84 84 84 
100 100 100 100 100 99 99 99 99 99 99 98 98 98 98 98 98 97 96 95 94 93 92 92 92 92 92 92 93 93 93 93 93 93 93 93 93 94 94 94 95 95 94 94 93 93 93 92 92 92 92 91 91 91 91 90 90 90 90 89 89 89 89 88 88 88 87 87 87 86 86 86 86 86 86 86 86 86 86 86 
101 101 101 100 100 100 100 100 99 99 99 99 99 99 99 99 99 99 98 97 96 95 94 93 93 93 93 93 93 94 94 94 94 94 95 95 95 95 95 96 96 97 96 95 95 95 94 94 94 93 93 93 93 92 92 92 91 91 91 91 91 90 90 90 89 89 89 88 88 88 88 88 88 88 88 88 88 88 88 88 
101 101 101 101 101 101 101 100 100 100 100 100 100 100 100 100 100 100 100 98 98 97 96 95 94 94 94 94 95 95 95 95 96 96 96 96 97 97 97 97 98 98 97 97 97 96 96 96 95 95 95 94 94 94 94 94 93 93 93 92 92 92 91 91 91 90 90 89 89 89 89 89 89 89 89 89 89 89 89 89 
102 101 101 101 101 101 101 101 101 101 101 101 101 100 100 100 101 101 101 101 100 99 98 97 96 95 96 96 96 96 96 97 97 97 97 98 98 99 99 99 100 100 99 99 98 98 98 97 97 97 97 96 96 96 95 95 95 95 94 94 94 94 93 93 93 92 92 91 91 91 91 91 91 91 91 91 91 91 91 92 
102 102 102 102 101 101 101 101 102 102 102 101 101 101 101 101 101 101 101 102 102 101 100 99 98 97 96 97 97 97 98 98 98 99 99 99 100 100 101 101 101 102 101 100 100 100 99 99 99 98 98 98 98 97 97 97 97 96 96 96 96 95 95 95 95 94 94 93 93 93 93 93 93 93 93 93 92 92 92 92 
102 102 102 102 102 102 102 102 102 102 102 102 102 102 102 102 102 102 102 102 103 103 102 101 101 100 99 98 98 98 99 99 100 100 100 101 101 102 102 103 103 104 103 102 102 101 101 101 101 101 100 100 99 99 99 98 98 98 98 98 97 97 97 97 96 96 95 95 94 94 93 93 93 93 92 92 92 91 91 91 
102 102 102 102 102 102 102 102 102 102 102 102 102 103 103 103 103 103 103 104 104 104 104 103 102 102 101 100 100 100 100 101 101 101 102 102 103 103 104 104 105 105 105 105 104 103 103 103 103 102 102 102 102 101 101 101 101 100 100 99 98 98 97 97 96 95 94 94 93 93 92 92 92 92 91 91 91 91 91 91 
102 102 102 102 102 102 102 102 102 102 103 103 103 103 103 103 104 104 104 104 104 105 105 106 105 104 103 102 102 101 101 102 102 103 103 104 104 105 106 106 107 107 107 106 106 106 105 105 104 104 103 102 102 101 101 100 100 99 99 98 98 97 96 96 95 94 93 92 92 92 91 91 91 91 90 90 90 90 90 90 
103 102 102 102 102 102 102 102 102 103 103 103 103 103 104 104 104 104 105 105 105 105 106 106 106 106 106 105 104 104 103 103 104 104 105 105 106 107 107 107 108 108 107 107 106 105 104 104 103 103 102 102 101 100 100 99 99 98 98 97 97 96 96 95 94 93 92 91 91 90 90 90 90 89 89 90 90 90 90 90 
102 102 102 102 102 102 102 102 102 102 102 103 103 103 104 104 104 105 105 106 106 106 107 107 107 108 108 107 106 106 105 104 104 105 105 105 106 106 106 107 107 107 107 106 105 104 104 103 102 102 101 100 100 99 99 98 97 97 96 96 95 95 94 93 92 92 91 90 90 90 89 89 89 89 89 89 89 89 89 89 
103 103 102 102 102 102 102 102 101 102 102 103 103 103 104 104 104 105 105 106 106 107 107 107 108 108 109 108 107 106 106 105 104 104 104 105 105 106 106 106 107 107 106 105 104 103 103 102 101 101 100 100 99 98 97 97 96 95 95 94 94 93 93 92 91 90 89 89 89 88 88 88 88 88 88 89 89 89 89 89 
103 103 103 102 102 102 102 102 102 102 102 102 103 103 104 104 105 105 105 106 106 107 107 107 107 108 108 109 109 108 107 106 105 104 104 104 104 105 105 106 106 106 105 104 103 102 101 101 100 99 99 98 98 97 96 96 95 95 94 93 92 92 91 90 89 88 87 87 87 87 87 87 87 87 88 88 88 88 89 89 
104 104 104 104 104 103 103 103 103 103 103 103 103 104 104 104 105 105 106 106 106 106 107 107 108 108 108 108 109 109 108 107 106 105 104 104 104 105 105 105 105 106 105 104 102 101 100 99 99 98 97 97 96 96 95 94 94 93 92 92 91 91 90 89 88 87 86 86 86 85 86 86 86 87 87 87 87 88 88 88 
106 105 105 105 105 105 105 105 104 104 104 104 104 105 105 105 105 106 106 107 107 107 107 107 108 108 108 109 109 109 109 108 107 106 104 103 103 104 104 105 105 105 104 103 102 101 100 99 98 97 96 95 95 94 93 93 92 91 91 90 89 89 88 87 86 85 85 85 85 85 85 85 85 85 85 86 86 86 86 86 
108 108 108 107 107 107 107 107 107 107 106 106 106 106 106 106 107 107 107 107 107 108 108 108 108 108 109 109 109 109 109 109 108 107 106 105 104 103 104 104 104 104 103 102 101 99 98 97 96 96 95 94 94 93 92 91 90 90 89 88 87 86 85 84 83 81 81 80 80 81 81 81 81 81 82 82 82 82 82 82 
111 111 110 110 110 109 109 109 109 109 109 109 108 108 108 108 108 108 108 108 108 109 109 109 109 109 109 109 109 109 110 110 110 108 107 106 104 103 103 103 103 103 102 101 99 98 96 95 93 92 91 90 89 88 87 87 86 85 84 83 82 81 80 78 76 75 75 75 76 76 76 76 77 77 77 77 77 78 78 78 
114 114 113 113 112 112 112 112 112 111 111 111 111 110 110 110 110 110 110 110 109 110 110 110 110 110 110 110 110 110 110 110 110 109 108 107 105 103 102 101 101 100 99 97 95 93 92 90 88 87 86 85 83 82 81 80 79 78 77 76 75 74 73 71 70 69 69 70 70 71 71 71 72 72 72 73 73 73 74 74 
118 118 117 117 116 116 116 115 115 114 114 114 114 114 114 113 113 113 113 113 113 113 113 112 112 112 112 111 111 110 110 110 109 109 108 107 105 103 101 99 97 97 95 93 91 89 87 85 83 81 80 79 78 76 75 74 73 71 70 69 68 67 66 65 63 63 64 64 64 65 65 66 66 67 67 68 68 68 69 69 
121 121 120 120 120 120 119 119 119 119 118 118 118 117 117 117 117 117 117 116 116 116 116 115 115 114 114 114 113 112 112 111 110 109 108 107 105 103 100 98 95 94 92 89 87 84 82 79 77 74 73 72 70 69 68 67 66 65 63 63 63 63 63 63 63 63 63 63 63 63 63 63 63 63 63 63 63 63 63 63 
128 128 128 128 128 127 127 127 126 126 126 126 125 125 125 123 122 120 118 117 115 113 112 110 108 106 104 102 99 96 93 91 88 85 83 80 78 76 73 71 70 69 69 68 67 66 65 64 64 64 64 64 64 64 64 64 64 64 64 64 64 64 64 64 64 64 64 64 64 64 64 64 64 64 64 64 64 64 64 64 
114 114 115 114 115 115 116 116 116 114 113 112 111 109 108 107 106 105 104 103 101 100 99 97 96 94 94 93 92 91 90 88 87 85 84 83 81 80 78 77 75 74 73 74 74 74 75 75 75 76 76 76 76 76 77 79 81 83 92 108 105 103 101 100 99 97 96 95 94 92 91 90 92 93 95 96 97 98 98 99 
100 101 102 103 104 105 106 108 109 110 110 109 108 108 107 107 106 106 105 105 104 104 104 103 103 102 102 102 101 101 100 98 96 94 93 91 90 88 86 85 83 81 81 82 82 82 82 82 82 82 82 83 83 83 85 87 88 90 97 111 107 102 97 93 88 84 81 80 78 77 75 74 72 71 72 74 76 79 81 82 
83 85 86 88 90 92 94 96 98 100 102 103 103 103 103 103 103 103 103 103 103 103 103 104 104 104 104 104 104 105 104 103 101 100 99 97 96 95 93 92 90 89 89 89 89 89 89 90 90 90 90 90 91 92 93 94 95 96 93 87 92 96 99 99 93 87 80 73 67 62 60 58 57 55 53 52 51 53 56 60 
63 66 68 70 72 75 77 80 83 86 90 93 95 96 97 97 97 98 98 99 100 100 101 102 103 105 105 106 107 108 109 108 107 106 105 105 104 102 101 100 99 98 98 98 98 98 98 98 99 99 99 99 99 100 101 101 102 102 84 43 43 43 43 43 43 43 43 43 43 43 43 43 43 43 43 43 43 43 43 43 
80 82 85 87 89 89 88 87 86 84 83 82 81 81 80 79 78 78 77 76 75 78 80 83 87 90 93 95 98 100 102 104 105 106 108 110 111 113 115 115 114 113 112 111 111 110 109 109 64 61 61 61 61 61 61 61 61 61 61 61 61 61 61 61 61 61 61 61 61 61 61 61 61 61 61 61 61 61 61 61 
87 85 84 81 77 72 68 63 60 60 60 60 60 60 60 60 60 60 60 60 60 60 60 60 60 60 60 60 60 60 60 60 60 60 60 60 60 60 60 60 60 60 60 60 60 60 60 60 60 60 60 60 60 60 60 60 60 60 60 60 60 60 60 60 60 60 60 60 60 60 60 60 60 60 60 60 60 60 60 60 
33 37 41 45 48 52 56 58 58 58 58 58 58 58 58 58 58 58 58 58 58 58 58 58 58 58 58 58 58 58 58 58 58 58 58 58 58 58 58 58 58 58 58 58 58 58 58 58 58 58 58 58 58 58 58 58 58 58 58 58 58 58 58 58 58 58 58 58 58 58 58 58 58 58 58 58 58 58 58 58 
76 80 83 87 90 94 97 100 101 99 97 95 93 90 88 86 0 0 0 1 0 0 0 0 1 2 0 0 0 0 0 0 2 1 0 0 1 0 0 0 0 1 9 6 76 75 83 77 86 87 96 97 97 97 98 99 100 101 102 114 113 112 112 112 112 112 113 113 113 112 111 109 107 103 99 97 93 90 89 88 
88 88 87 89 91 93 95 95 94 94 93 92 91 90 93 97 0 0 0 1 1 0 0 0 1 2 0 0 1 1 0 2 3 2 1 1 1 1 0 0 0 2 6 4 0 1 0 0 70 72 74 60 63 73 79 85 88 90 92 98 93 111 110 109 109 108 108 107 107 109 109 109 109 109 113 112 110 109 108 107 
104 102 102 101 100 100 99 98 98 98 97 96 98 100 102 105 1 0 0 1 2 0 0 0 1 2 0 0 1 2 0 3 4 3 2 1 1 1 0 0 0 3 2 1 1 2 0 1 1 1 0 0 77 68 68 69 71 73 77 79 76 79 81 83 84 84 88 92 87 89 101 102 102 103 105 107 109 110 109 107 
105 103 101 100 98 97 96 96 95 95 95 96 97 101 101 102 1 0 0 1 2 0 0 1 2 1 0 0 1 2 0 3 3 5 6 1 1 1 1 0 0 2 1 0 0 1 0 1 1 1 0 0 0 1 1 0 58 58 58 58 58 58 58 58 58 58 58 58 58 58 58 58 58 58 58 58 58 58 58 58 
97 97 97 97 98 60 0 0 0 1 0 0 1 2 1 0 0 1 1 0 0 0 6 11 4 1 1 1 1 0 1 1 0 0 0 0 0 1 1 0 0 0 0 0 0 0 0 0 0 0 11 37 66 57 58 65 66 66 65 63 62 63 69 75 73 68 62 56 55 56 56 56 56 56 56 56 56 56 56 56 
1 1 1 0 0 0 0 0 0 0 0 2 2 1 0 0 0 1 0 0 0 1 0 0 0 0 0 1 0 0 0 0 0 0 3 5 1 0 0 0 18 26 27 27 27 27 42 65 18 25 27 27 28 28 28 28 28 28 28 28 28 28 28 28 28 28 28 28 28 28 28 28 28 28 28 28 28 28 28 28 
1 1 0 0 0 0 0 0 0 1 1 0 0 0 0 0 0 1 0 1 0 0 0 1 9 3 1 1 0 21 27 27 27 27 27 27 27 20 27 27 27 27 21 26 27 27 27 27 27 27 27 27 27 27 27 27 27 27 54 52 60 71 81 91 1 0 0 0 1 1 1 1 2 1 0 1 0 0 0 0 
0 0 0 0 0 0 0 0 0 2 1 0 0 0 0 0 1 1 0 1 0 0 0 1 9 3 1 1 0 24 27 27 27 27 27 27 27 22 27 27 27 27 21 27 27 27 27 27 27 27 27 27 27 27 27 27 27 27 27 27 27 27 27 64 1 0 0 0 0 0 1 1 1 1 0 0 0 0 0 0 
0 0 0 0 0 0 0 0 1 1 0 0 1 0 0 0 1 1 0 0 0 0 1 2 6 2 0 1 0 22 26 27 27 27 27 27 27 26 27 27 27 27 22 27 27 27 27 27 27 27 27 27 27 27 27 27 27 27 27 27 27 27 27 27 2 1 0 0 0 0 1 1 1 2 0 0 0 0 0 0 
0 0 0 0 0 0 0 0 1 0 0 1 1 0 0 0 1 1 0 0 0 0 1 3 2 1 0 0 15 21 27 27 27 27 27 27 27 26 27 27 27 12 25 27 27 27 27 27 27 27 27 27 27 27 27 27 27 27 27 27 27 27 27 27 2 1 0 0 1 0 1 1 1 1 0 0 0 0 0 0 
0 0 0 0 0 0 0 0 1 0 0 1 1 0 0 0 1 1 0 0 1 1 1 3 1 0 0 0 15 20 27 27 27 27 27 27 27 25 27 27 27 14 27 27 27 27 27 27 27 27 27 27 27 27 27 27 27 27 27 27 27 27 27 27 1 0 0 1 1 1 1 1 0 1 1 0 0 0 0 0 
0 0 0 0 0 1 1 0 0 1 0 0 0 0 0 0 1 2 1 0 1 1 1 3 1 0 0 15 15 22 26 27 27 27 27 27 27 24 27 27 27 27 27 27 27 27 27 27 27 27 27 27 27 27 27 27 27 27 27 27 27 27 27 27 27 27 27 27 27 27 27 27 27 27 27 27 27 27 27 27 
0 0 0 0 0 1 1 1 1 1 1 0 0 1 0 0 15 15 23 21 26 27 27 27 27 20 20 27 27 27 27 27 27 27 27 27 27 27 27 27 27 27 27 27 27 27 27 27 27 27 27 27 27 17 3 1 0 0 0 0 1 1 0 0 0 0 0 1 0 0 0 0 0 0 0 0 1 0 0 0 
0 0 0 0 0 1 0 0 1 1 0 0 0 1 1 0 15 15 22 20 26 27 27 27 27 21 21 26 27 27 27 27 27 27 27 27 27 27 27 27 27 27 27 27 27 27 27 27 27 27 27 27 27 17 3 1 0 0 0 1 1 1 0 0 0 0 0 1 0 0 0 0 0 0 0 0 1 0 0 0 
0 0 0 0 0 1 0 0 0 0 0 0 0 1 0 15 15 15 15 27 26 27 27 27 27 22 20 26 27 27 27 27 27 27 27 27 27 27 27 27 27 27 27 27 27 27 27 27 27 27 27 27 27 17 3 0 0 0 1 2 1 1 0 0 0 0 0 0 0 0 0 0 0 0 0 0 1 0 0 0 
0 0 0 0 0 1 1 1 1 0 0 0 2 3 1 15 15 15 15 25 24 27 27 27 27 20 19 26 27 27 27 27 27 27 27 27 27 27 27 27 27 27 27 27 27 27 27 27 27 27 27 27 27 16 2 0 0 0 1 1 1 1 0 0 0 0 0 0 0 0 0 0 0 0 0 0 1 0 0 0 
0 0 0 0 0 1 1 1 0 0 0 0 3 1 15 15 15 15 15 24 22 26 27 27 27 27 27 27 27 27 27 27 27 27 27 27 27 27 27 27 27 27 27 27 27 27 27 27 27 27 27 27 27 16 2 0 0 0 0 1 0 0 0 0 0 0 0 0 0 0 0 0 0 0 0 0 0 0 0 0 
0 0 0 0 0 1 1 1 0 0 0 0 1 0 15 15 15 15 15 15 27 26 27 27 27 27 25 25 27 27 27 27 27 27 27 27 27 27 27 27 27 27 27 27 27 27 27 27 27 27 27 27 27 15 1 0 0 0 0 0 0 0 0 1 1 0 0 0 0 0 0 0 0 0 0 0 0 0 0 1 
0 0 1 0 0 0 0 1 0 0 0 0 0 0 15 15 15 15 15 15 26 25 27 27 27 27 25 25 27 27 27 27 27 27 27 27 27 27 27 27 27 27 27 27 27 27 27 27 27 27 27 27 27 15 1 0 0 0 0 0 0 0 0 1 1 0 0 0 0 0 0 0 0 0 0 0 0 0 0 1 
0 0 1 1 1 0 0 1 1 0 0 0 0 15 15 15 15 15 15 15 23 22 27 27 27 27 25 25 27 27 27 27 27 27 27 27 27 27 27 27 27 27 27 27 27 27 27 27 27 27 27 27 27 14 0 0 0 1 0 0 0 0 0 1 1 0 0 0 1 1 1 0 0 0 0 0 0 0 1 1 
0 0 0 1 1 1 0 0 1 0 0 0 0 15 15 15 15 15 15 15 15 28 27 27 27 27 25 24 27 27 27 27 27 27 27 27 27 27 27 27 27 27 27 27 27 27 27 27 27 27 27 27 27 14 0 0 1 1 0 0 0 0 0 1 1 0 0 0 1 1 1 0 0 0 0 0 0 0 1 1 
0 0 0 1 2 1 0 0 1 1 0 0 0 15 15 15 15 15 15 15 15 25 24 27 27 27 27 27 27 27 27 27 27 27 27 27 27 27 27 27 27 27 27 27 27 27 27 27 27 27 27 27 27 27 27 27 27 27 27 27 27 27 27 27 27 27 27 27 27 27 27 27 27 27 27 27 27 27 27 27 
0 15 15 15 15 15 15 15 15 15 15 15 22 27 27 27 27 24 27 27 27 27 27 27 27 27 27 27 27 27 27 27 27 27 27 27 27 27 27 27 27 27 27 1 1 2 2 1 1 0 0 0 0 0 1 3 3 1 1 0 0 0 0 0 0 0 1 1 0 0 1 1 0 0 0 0 1 1 1 1 
0 15 15 15 15 15 15 15 15 15 15 15 15 26 27 27 27 24 27 27 27 27 27 27 27 27 27 27 27 27 27 27 27 27 27 27 27 27 27 27 27 27 27 1 1 1 1 1 1 1 1 1 0 0 2 7 6 1 0 0 0 0 0 0 0 0 2 2 0 0 0 1 1 0 0 0 1 2 1 1 
1 15 15 15 15 15 15 15 15 15 15 15 15 15 26 27 27 20 27 27 27 27 27 27 27 27 27 27 27 27 27 27 27 27 28 30 28 27 27 27 27 27 28 1 1 1 1 1 1 1 1 1 1 0 2 9 8 2 1 0 0 0 0 0 0 0 3 3 0 0 0 0 1 0 0 0 1 2 2 2 
1 15 15 15 15 15 15 15 15 15 15 15 15 15 15 27 27 15 26 27 27 27 27 27 27 27 27 27 27 27 27 27 27 27 34 30 27 27 27 27 27 27 27 1 1 1 1 1 2 1 1 1 1 0 1 5 5 1 2 0 0 0 0 0 1 1 1 2 0 0 0 0 1 0 0 0 1 2 2 2 
1 15 15 15 15 15 15 15 15 15 15 15 15 15 15 15 27 27 26 27 27 27 27 27 27 27 27 27 27 27 27 27 27 27 42 49 34 27 27 27 27 27 27 0 1 2 1 0 2 1 1 0 0 1 1 1 1 2 4 1 0 0 0 0 1 1 1 0 0 0 0 0 0 0 0 0 1 1 2 2 
1 15 15 15 15 15 15 15 15 15 15 15 15 15 15 15 15 26 20 27 27 27 27 27 27 27 27 27 27 27 27 27 27 27 27 27 27 27 27 27 27 27 27 0 1 1 0 0 1 1 0 0 0 1 1 0 0 1 3 0 0 0 0 0 2 2 1 0 0 0 0 1 1 0 0 0 1 1 1 2 
1 15 15 15 15 15 15 15 15 15 15 15 15 15 15 15 15 15 18 25 27 27 27 27 27 27 27 27 27 27 27 27 27 27 43 33 44 34 29 30 35 30 27 0 0 1 0 0 1 1 0 0 0 0 1 0 0 0 1 0 0 0 0 1 3 3 2 0 0 0 0 1 1 0 0 0 0 0 1 1 
1 15 15 15 15 15 15 15 15 15 15 15 15 15 15 15 15 15 15 24 27 27 27 27 27 27 27 27 27 27 27 27 27 27 27 27 27 44 51 36 43 49 33 0 0 0 0 0 0 1 0 0 0 0 1 0 0 0 0 1 1 0 0 1 3 3 2 0 0 0 1 2 2 0 0 0 0 0 0 0 
15 15 15 15 15 15 15 15 15 15 15 15 15 15 15 15 15 15 15 18 26 27 27 27 27 27 27 27 27 27 27 27 27 27 44 39 29 27 27 27 27 27 28 1 0 0 1 2 1 1 0 0 0 0 1 1 0 0 0 0 2 2 0 0 2 2 1 0 0 0 1 2 2 1 0 0 0 0 0 0 
15 15 15 15 15 15 15 15 15 15 15 15 15 15 15 15 15 15 15 14 26 27 27 27 27 27 27 27 27 27 27 27 27 27 27 27 27 27 27 27 27 27 28 2 1 0 80 159 6 88 85 61 82 84 43 1 1 0 80 21 77 3 76 32 0 74 0 0 0 0 85 2 79 3 79 0 0 0 0 0 
15 15 15 15 15 15 15 15 15 15 15 15 15 15 15 15 15 15 15 15 22 27 27 27 27 27 27 27 27 27 27 27 27 27 104 155 45 36 44 51 69 104 35 2 0 0 3 4 1 97 175 101 73 138 95 15 1 0 56 1 3 2 0 32 0 10 0 0 0 0 85 32 1 73 38 0 1 1 1 0 
15 15 15 15 15 15 15 15 15 15 15 15 15 15 15 15 15 15 15 15 14 24 27 27 27 27 27 27 27 27 27 27 27 27 44 51 51 119 255 187 109 178 51 1 0 0 85 198 57 11 0 0 0 1 1 1 1 1 0 0 2 1 0 0 0 1 0 0 0 0 85 5 64 2 70 0 1 1 1 1 
15 15 15 15 15 15 15 15 15 15 15 15 15 15 15 15 15 15 15 15 15 21 26 27 27 27 27 27 27 27 27 27 27 27 44 51 34 27 27 27 44 34 27 0 0 0 1 2 0 0 0 0 0 1 1 1 1 1 0 0 1 0 0 0 1 1 0 0 0 0 1 1 1 1 0 0 1 2 2 1 
0 15 15 15 15 15 15 15 15 15 15 15 15 15 15 15 15 15 15 15 15 16 26 27 27 27 27 27 27 27 27 27 27 27 27 27 27 27 27 27 27 27 27 0 0 0 1 30 77 0 76 18 63 84 84 72 83 84 80 3 83 83 52 32 74 1 0 84 74 80 35 1 1 0 0 102 89 101 1 0 
92 15 15 15 15 15 15 15 15 15 15 15 15 15 15 15 15 15 15 15 15 15 19 27 27 27 27 27 27 27 27 27 27 27 44 51 49 43 31 27 27 35 30 0 0 0 1 54 0 0 0 32 10 84 84 1 26 84 11 42 8 6 52 36 0 0 0 0 48 77 22 0 1 0 0 102 0 0 0 102 
15 15 15 15 15 15 15 15 15 15 15 15 15 15 15 15 15 15 15 15 15 15 22 26 27 27 27 27 27 27 27 27 27 27 51 51 48 41 27 27 27 50 0 0 0 1 36 60 0 0 0 0 1 1 0 1 84 1 0 3 4 0 1 0 0 0 68 74 73 48 1 1 1 0 102 0 1 0 0 0 
0 15 15 15 15 15 66 102 51 15 15 15 15 15 15 15 15 15 15 15 15 15 24 21 26 27 27 27 27 27 27 27 27 27 47 51 30 27 27 27 27 27 27 27 27 27 27 27 27 27 27 27 27 27 27 27 27 27 27 27 27 27 27 27 27 27 27 27 27 27 27 27 27 27 27 27 27 27 27 27 
27 27 27 27 27 27 27 27 27 27 27 27 27 27 27 27 27 27 27 27 27 27 27 27 27 27 27 27 27 27 27 27 27 27 27 27 27 27 27 27 27 27 27 27 27 27 27 27 27 27 27 27 27 27 27 27 27 27 27 27 27 27 27 27 27 27 27 27 27 27 27 27 27 27 27 27 27 27 27 27 
27 27 27 27 27 27 27 27 27 27 27 27 27 27 27 27 27 27 27 27 27 27 27 27 27 27 27 27 27 27 27 27 27 27 27 27 27 27 27 27 27 27 27 27 27 27 27 27 27 27 27 27 27 27 27 27 27 27 27 27 27 27 27 27 27 27 27 27 27 27 27 27 27 27 27 27 27 27 27 27 
27 27 27 27 27 27 27 27 27 27 27 27 27 27 27 27 27 27 27 27 27 27 27 27 27 27 27 27 27 27 27 27 27 27 27 27 27 27 27 27 27 27 27 27 27 27 27 27 27 27 27 27 27 27 27 27 27 27 27 27 27 27 27 27 27 27 27 27 27 27 27 27 27 27 27 27 27 27 27 27 
27 27 27 27 27 27 27 27 27 27 27 27 27 27 27 27 27 27 27 27 27 27 27 27 27 27 27 27 27 27 27 27 27 27 27 27 27 27 27 27 27 27 27 27 27 27 27 27 27 27 27 27 27 27 27 27 27 27 27 27 27 27 27 27 27 27 27 27 27 27 27 27 27 27 27 27 27 27 27 27 
27 27 27 27 27 27 27 27 27 27 27 27 27 27 27 27 27 27 27 27 27 27 27 27 27 27 27 27 27 27 27 27 27 27 27 27 27 27 27 27 27 27 27 27 27 27 27 27 27 27 27 27 27 27 27 27 27 27 27 27 27 27 27 27 27 27 27 27 27 27 27 27 27 27 27 27 27 27 27 27 
27 27 27 27 27 27 27 27 27 27 27 27 27 27 27 27 27 27 27 27 27 27 27 27 27 27 27 27 27 27 27 27 27 27 27 27 27 27 27 27 27 27 27 27 27 27 27 27 27 27 27 27 27 27 27 27 27 27 27 27 27 27 27 27 27 27 27 27 27 27 27 27 27 27 27 27 27 27 27 27 
27 27 27 27 27 27 27 27 27 27 27 27 27 27 27 27 27 27 27 27 27 27 27 27 27 27 27 27 27 27 27 27 27 27 27 27 27 27 27 27 27 27 27 27 27 27 27 27 27 27 27 27 27 27 27 27 27 27 27 27 27 27 27 27 27 27 27 27 27 27 27 27 27 27 27 27 27 27 27 27 
27 27 27 27 27 27 27 27 27 27 27 27 27 27 27 27 27 27 27 27 27 27 27 27 27 27 27 27 27 27 27 27 27 27 27 27 27 27 27 27 27 27 27 27 27 27 27 27 27 27 27 27 27 27 27 27 27 27 27 27 27 27 27 27 27 27 27 27 27 27 27 27 27 27 27 27 27 27 27 27 
27 27 27 27 27 27 27 27 27 27 27 27 27 27 27 27 27 27 27 27 27 27 27 27 27 27 27 27 27 27 27 27 27 27 27 27 27 27 27 27 27 27 27 27 27 27 27 27 27 27 27 27 27 27 27 27 27 27 27 27 27 27 27 27 27 27 27 27 27 27 27 27 27 27 27 27 27 27 27 27 
27 27 27 27 27 27 27 27 27 27 27 27 27 27 27 27 27 27 27 27 27 27 27 27 27 27 27 27 27 27 27 27 27 27 27 27 27 27 27 27 27 27 27 27 27 27 27 27 27 27 27 27 27 27 27 27 27 27 27 27 27 27 27 27 27 27 27 27 27 27 27 27 27 27 27 27 27 27 27 27 
27 27 27 27 27 27 27 27 27 27 27 27 27 27 27 27 27 27 27 27 27 27 27 27 27 27 27 27 27 27 27 27 27 27 27 27 27 27 27 27 27 27 27 27 27 27 27 27 27 27 27 27 27 27 27 27 27 27 27 27 27 27 27 27 27 27 27 27 27 27 27 27 27 27 27 27 27 27 27 27 
27 27 27 27 27 27 27 27 27 27 27 27 27 27 27 27 27 27 27 27 27 27 27 27 27 27 27 27 27 27 27 27 27 27 27 27 27 27 27 27 27 27 27 27 27 27 27 27 27 27 27 27 27 27 27 27 27 27 27 27 27 27 27 27 27 27 27 27 27 27 27 27 27 27 27 27 27 27 27 27 
