117 117 117 117 117 117 118 118 118 118 118 118 118 118 118 118 118 119 119 119 119 119 119 119 119 119 119 119 119 119 119 120 120 120 121 121 121 122 122 122 122 123 123 123 124 124 124 125 125 125 126 126 126 126 126 126 126 126 126 126 126 126 126 127 127 127 127 127 128 128 128 128 128 128 128 129 129 129 129 129 
117 117 117 118 118 118 118 118 118 118 118 118 118 118 119 119 119 119 119 119 119 119 119 119 119 119 119 120 120 120 120 121 121 121 122 122 122 123 123 123 124 124 124 125 125 125 126 126 126 126 126 126 126 126 126 126 126 126 126 127 127 127 127 127 127 128 128 128 128 128 128 128 129 129 129 125 117 117 117 117 
118 118 118 118 118 118 118 118 118 118 118 118 118 118 118 118 118 118 118 118 118 119 119 119 120 120 120 121 121 121 122 122 122 123 123 123 124 124 124 125 125 125 126 126 126 126 126 126 126 126 126 126 126 126 126 126 127 127 127 127 127 127 128 128 128 128 128 128 129 129 129 121 117 117 117 117 117 117 117 117 
118 118 118 118 118 118 118 118 118 118 118 118 118 118 118 118 119 119 119 120 120 120 121 121 121 122 122 122 123 123 123 124 124 124 125 125 125 125 125 126 126 126 126 126 126 126 126 126 126 126 126 126 127 127 127 127 127 127 128 128 128 128 128 128 129 129 129 117 117 117 117 117 117 117 117 117 118 118 118 118 
118 118 118 118 118 118 118 118 118 118 118 119 119 119 120 120 120 121 121 121 122 122 122 123 123 123 124 124 124 125 125 125 125 125 125 125 125 125 125 125 125 125 125 126 126 126 126 126 127 127 127 127 127 127 128 128 128 128 128 128 129 129 117 117 117 117 117 117 117 117 117 117 118 118 118 118 118 118 118 118 
118 118 118 118 118 118 118 118 118 118 118 119 119 119 120 120 120 121 121 121 122 122 123 123 123 124 124 124 125 125 125 125 125 125 125 125 125 125 125 125 125 125 126 126 126 126 126 126 127 127 127 127 127 127 128 128 128 128 128 128 124 117 117 117 117 117 117 117 117 117 117 117 118 118 118 118 118 118 118 118 
118 118 118 118 118 118 118 118 118 119 119 119 120 120 120 121 121 121 122 122 123 123 123 124 124 124 125 125 125 125 125 125 125 125 125 125 125 125 125 125 125 126 126 126 126 126 126 127 127 127 127 127 128 128 128 128 128 128 124 116 116 117 117 117 117 117 117 117 117 117 118 118 118 118 118 118 118 118 118 118 
118 118 118 118 118 118 118 118 119 119 119 120 120 121 121 121 122 122 122 123 123 124 124 124 124 124 124 124 124 124 124 124 124 124 124 124 125 125 125 125 126 126 126 126 126 126 127 127 127 127 127 127 127 127 128 128 124 116 116 116 117 117 117 117 117 117 117 117 117 118 118 118 118 118 118 118 118 118 118 118 
118 118 118 118 118 118 119 119 119 120 120 120 121 121 122 122 122 123 123 124 124 124 124 124 124 124 124 124 124 124 124 124 124 124 125 125 125 125 125 126 126 126 126 126 126 127 127 127 127 127 127 127 127 127 123 116 116 116 116 117 117 117 117 117 117 117 117 117 118 118 118 118 118 118 118 118 118 118 118 118 
118 118 118 118 118 119 119 120 120 120 121 121 122 122 122 123 123 124 124 124 124 124 124 124 124 124 124 124 124 124 124 124 124 125 125 125 125 125 126 126 126 126 126 126 127 127 127 127 127 127 127 127 123 116 116 116 116 116 117 117 117 117 117 117 117 117 117 118 118 118 118 118 118 118 118 118 118 118 118 118 
118 118 118 119 119 119 120 120 121 121 121 122 122 123 123 123 123 123 123 123 123 123 123 123 123 123 123 123 123 124 124 124 125 125 125 125 125 125 126 126 126 126 126 126 126 126 126 126 126 126 126 116 116 116 116 116 116 117 117 117 117 117 117 117 117 117 118 118 118 118 118 118 118 118 118 118 118 118 118 118 
119 119 120 120 121 121 121 122 122 123 123 123 123 123 123 123 123 123 123 123 123 123 123 123 124 124 124 124 124 124 125 125 125 125 125 126 126 126 126 126 126 126 126 126 126 126 119 116 116 116 116 116 116 116 117 117 117 117 117 117 117 117 117 118 118 118 118 118 118 118 118 118 118 118 118 118 118 118 118 118 
121 121 122 122 123 123 123 123 123 123 123 123 123 123 123 123 123 123 123 123 123 124 124 124 124 124 125 125 125 125 125 125 125 125 125 125 125 125 125 125 125 125 116 116 116 116 116 116 116 116 117 117 117 117 117 117 117 117 118 118 118 118 118 118 118 118 118 118 118 118 118 118 118 118 118 119 119 119 120 120 
121 121 122 122 122 122 122 122 122 122 122 122 122 122 122 122 122 122 123 123 123 123 123 124 124 124 124 124 124 125 125 125 125 125 125 125 125 125 125 125 125 125 116 116 116 116 116 116 116 116 116 117 117 117 117 117 117 117 117 117 117 117 118 118 118 118 118 118 118 118 118 118 118 118 118 118 119 119 120 120 
121 121 122 122 122 122 122 122 122 122 122 122 122 122 122 122 122 122 122 123 123 123 123 123 124 124 124 124 124 124 124 124 124 124 124 124 124 124 124 124 124 124 116 116 116 116 116 116 116 116 116 116 117 117 117 117 117 117 117 117 117 117 117 117 117 117 117 117 117 117 117 117 117 117 118 118 119 119 120 120 
121 121 121 121 121 121 121 121 121 121 121 121 121 121 121 121 121 122 122 122 122 123 123 123 123 123 123 123 123 123 123 123 123 123 123 123 123 123 123 124 124 124 116 116 116 116 116 116 116 116 116 116 116 117 117 117 117 117 117 117 117 117 117 117 117 117 117 117 117 117 117 117 117 117 117 118 118 119 119 120 
120 121 121 121 121 121 121 121 121 121 121 121 121 121 121 121 121 121 122 122 122 122 122 123 123 123 123 123 123 123 123 123 123 123 123 123 123 123 123 123 123 123 116 116 116 116 116 116 116 116 116 116 116 116 116 117 117 117 117 117 117 117 117 117 117 117 117 117 117 117 117 117 117 117 117 118 118 119 119 120 
120 120 120 120 120 120 120 120 120 120 120 120 120 120 120 120 121 121 121 121 122 122 122 122 122 122 122 122 122 122 122 122 122 122 122 122 122 122 122 122 122 122 116 116 116 116 116 116 116 116 116 116 116 116 116 116 117 117 117 117 117 117 117 117 117 117 117 117 117 117 117 117 117 117 117 117 118 119 119 120 
120 120 120 120 120 120 120 120 120 120 120 120 120 120 120 120 120 120 121 121 121 121 121 121 121 121 121 121 121 121 121 121 121 121 121 121 121 121 121 121 121 121 116 116 116 116 116 116 116 116 116 116 116 116 116 116 116 117 117 117 117 117 117 117 117 117 117 117 117 117 117 117 117 117 117 117 118 118 119 119 
119 119 119 119 119 119 119 119 119 119 119 119 119 119 119 119 120 120 120 120 120 120 120 120 120 120 120 120 120 120 120 120 120 120 121 120 120 120 120 121 121 121 116 116 116 116 116 116 116 116 116 116 116 116 116 116 116 116 117 117 117 117 117 117 117 117 117 117 117 117 117 117 117 117 117 117 117 118 118 118 
118 118 118 118 118 118 118 118 118 119 119 119 119 119 119 119 119 119 119 119 119 119 119 119 119 119 119 119 119 119 119 119 119 120 120 120 120 120 120 120 120 120 116 116 116 116 116 116 116 116 116 116 116 116 116 116 116 116 116 116 117 117 117 117 117 117 117 117 117 117 117 117 117 117 117 117 117 118 118 118 
118 118 118 118 118 118 118 118 118 118 118 118 118 118 118 118 118 118 118 118 118 118 118 118 118 118 118 118 118 118 118 118 119 119 119 119 119 119 119 119 119 119 116 116 116 116 116 116 116 116 116 116 116 116 116 116 116 116 116 116 116 116 116 116 116 116 116 116 116 116 116 116 116 116 116 116 117 117 117 117 
117 117 117 117 117 117 117 117 117 117 117 117 117 117 117 117 117 117 117 117 117 117 117 117 117 117 117 117 117 117 118 118 118 118 118 118 118 118 118 118 115 115 116 116 116 116 116 116 116 116 116 116 116 116 116 116 116 116 116 116 116 116 116 116 116 116 116 116 116 116 116 116 116 114 114 114 114 114 114 114 
114 114 114 114 114 114 114 114 114 114 114 114 114 114 114 114 114 114 114 114 115 115 115 115 115 115 115 115 115 115 115 115 115 115 115 115 115 115 115 115 115 115 114 114 114 114 114 114 114 114 114 114 114 114 114 114 114 114 114 114 114 114 114 114 114 114 114 114 114 114 114 114 114 114 114 114 114 114 114 114 
114 114 114 114 114 114 114 114 114 114 114 114 114 114 114 114 114 114 114 115 115 115 115 115 115 115 115 115 115 115 115 115 115 115 115 115 115 115 115 115 115 115 114 114 114 114 114 114 114 114 114 114 114 114 114 114 114 114 114 114 114 114 114 114 114 114 114 114 114 114 114 114 114 114 114 114 114 114 114 114 
114 114 114 114 114 114 114 114 114 114 114 114 114 114 114 114 114 114 114 115 115 115 115 115 115 115 115 115 115 115 115 115 115 115 115 115 115 115 115 115 115 115 114 114 114 114 114 114 114 114 114 114 114 114 114 114 114 114 114 114 114 114 114 114 114 114 114 114 114 114 114 114 114 114 114 114 114 114 114 114 
114 114 114 114 114 114 114 114 114 114 114 114 114 114 114 114 114 114 114 115 115 115 115 115 115 115 115 115 115 115 115 115 115 115 115 115 115 115 115 115 115 115 114 114 114 114 114 114 114 114 114 114 114 114 114 114 114 114 114 114 114 114 114 114 114 114 114 114 114 114 114 114 114 114 114 114 114 114 114 114 
114 114 114 114 114 114 114 114 114 114 114 114 114 114 114 114 114 114 114 114 114 114 114 115 115 115 115 115 115 115 115 115 115 115 115 115 115 115 115 115 115 116 114 114 114 114 114 114 114 114 114 114 114 114 114 114 114 114 114 114 114 114 114 114 114 114 114 114 114 114 114 114 114 114 114 114 114 114 114 114 
114 114 46 46 46 46 46 46 46 46 46 46 46 46 46 46 46 46 114 114 114 114 115 115 115 115 115 115 115 115 115 115 115 115 115 115 115 115 115 115 115 115 114 114 114 114 114 114 114 114 114 114 114 114 114 114 114 114 114 114 114 114 114 114 114 114 114 114 114 114 114 114 114 114 46 46 46 46 46 46 
46 46 46 46 46 46 46 46 46 46 46 46 46 46 46 46 46 46 114 114 114 114 115 115 115 115 115 115 115 115 115 115 115 115 115 115 115 115 115 115 115 115 112 112 112 112 112 112 112 112 112 112 112 112 112 112 112 112 112 112 112 112 112 112 112 112 112 112 114 114 114 114 114 114 46 46 46 46 46 46 
46 46 46 46 46 46 46 46 46 46 46 46 46 46 46 46 46 46 114 114 114 114 114 114 114 114 114 114 114 115 115 115 115 115 115 115 115 115 115 115 115 115 0 0 1 2 1 0 1 0 0 0 0 12 9 1 0 1 3 2 0 1 0 0 0 1 112 112 112 112 112 112 112 112 46 46 46 46 46 46 
46 46 46 46 46 46 46 46 46 46 46 46 46 46 46 46 46 46 112 112 112 112 112 112 112 112 112 112 112 112 112 112 112 112 112 112 112 112 112 112 112 112 0 1 1 1 0 0 0 0 0 0 0 7 5 1 0 0 2 1 0 1 0 0 0 1 1 0 1 1 1 3 2 1 46 46 46 46 46 46 
46 46 46 46 46 46 46 46 46 46 46 46 46 46 46 46 46 46 112 112 112 112 112 112 112 112 112 112 112 112 112 112 112 112 112 112 112 112 112 112 112 113 0 2 1 0 0 1 0 0 1 0 0 1 1 1 0 0 0 0 0 1 0 1 0 0 0 0 1 1 1 1 1 1 46 46 46 46 46 46 
46 46 46 46 46 46 46 46 46 46 46 46 46 46 46 46 46 46 1 0 0 1 0 110 110 110 110 110 110 110 110 110 110 110 112 112 112 112 112 112 112 112 0 1 1 0 0 1 0 0 1 1 0 0 0 0 0 0 0 0 0 1 0 1 0 0 0 0 4 3 1 1 1 1 46 46 46 46 46 46 
46 46 46 46 46 46 46 46 46 46 46 46 46 46 46 46 46 46 1 0 0 1 1 3 2 1 2 1 1 1 1 1 0 0 0 0 110 110 110 110 110 110 0 1 1 0 0 0 0 0 1 1 0 0 0 0 0 0 1 1 0 0 1 0 0 0 0 1 7 5 0 0 0 0 46 46 46 46 46 46 
46 46 46 46 46 46 46 46 46 46 46 46 46 46 46 46 46 46 0 0 1 0 2 2 1 1 3 2 1 0 0 1 1 0 0 0 0 0 3 3 1 0 0 0 0 1 0 0 0 0 1 2 0 0 0 0 0 0 2 1 0 0 1 0 0 0 0 1 9 6 0 0 0 0 46 46 46 46 46 46 
46 46 46 46 46 46 46 46 46 46 46 46 46 46 46 46 46 46 0 0 1 1 2 1 0 2 3 2 1 0 0 0 1 0 0 0 0 0 3 2 0 0 0 0 0 1 1 0 0 0 1 2 0 0 1 1 0 2 3 2 1 1 1 1 0 0 0 2 6 4 0 1 0 0 46 46 46 46 46 46 
46 46 46 46 46 46 46 46 46 46 46 46 46 46 46 46 46 47 0 0 1 2 2 0 0 1 2 1 0 0 0 0 1 1 1 2 0 2 2 1 0 0 1 0 0 1 2 0 0 0 1 2 0 0 1 2 0 3 4 3 2 1 1 1 0 0 0 3 2 1 1 2 0 1 46 46 46 46 46 46 
46 46 46 46 46 46 46 46 46 46 46 46 46 46 46 46 47 47 0 0 1 3 1 0 0 0 0 0 0 0 0 0 1 1 3 3 0 3 1 0 0 1 1 0 0 1 2 0 0 1 2 1 0 0 1 2 0 3 3 5 6 1 1 1 1 0 0 2 1 0 0 1 0 1 46 46 46 46 46 46 
46 46 46 46 46 46 46 46 46 46 46 46 46 46 46 47 47 47 0 0 1 3 1 0 0 0 0 0 0 0 0 0 1 1 2 3 0 3 1 0 3 6 2 0 0 1 2 0 0 2 2 1 0 0 1 1 0 1 2 8 10 1 2 1 1 1 0 2 1 0 0 1 0 1 46 46 46 46 46 46 
46 46 46 46 46 46 46 46 46 46 46 46 47 47 47 47 47 0 0 1 2 2 0 0 0 0 1 0 0 0 0 1 1 1 2 0 2 1 1 6 12 2 0 0 1 2 0 0 2 3 0 0 1 1 1 0 0 1 9 12 1 2 1 1 1 0 2 1 0 0 0 0 1 46 46 46 46 46 46 46 
46 46 46 46 46 46 46 46 46 46 46 47 47 47 47 47 47 0 0 1 2 2 1 1 1 0 1 0 0 0 0 1 0 0 1 0 1 0 1 7 15 4 1 0 0 1 1 0 1 2 0 0 0 0 0 0 0 1 6 7 1 1 0 1 1 0 1 1 0 0 0 0 0 46 46 46 46 46 46 46 
46 46 46 46 46 46 46 46 46 46 47 47 47 47 47 47 47 0 0 1 3 2 1 1 2 1 1 0 0 0 0 1 0 0 1 0 0 0 1 4 9 5 2 0 0 0 2 1 1 1 0 1 0 0 0 0 0 2 3 2 1 0 0 1 1 0 0 1 1 0 0 0 0 46 46 46 46 46 46 46 
46 46 46 46 46 46 46 46 46 47 47 47 47 47 47 47 47 1 1 2 4 1 1 2 2 2 0 1 0 0 0 1 0 0 1 0 0 0 0 1 2 4 1 0 0 1 2 1 1 1 0 1 0 0 0 0 0 1 1 1 1 0 0 0 0 0 1 1 1 0 0 0 0 46 46 46 46 46 46 46 
46 46 46 46 46 46 46 46 47 47 47 47 47 47 47 47 47 0 1 2 3 1 1 2 2 1 0 1 0 0 1 1 0 1 1 0 1 1 0 0 0 2 1 0 0 1 2 1 1 1 1 0 1 0 0 0 0 1 1 0 0 0 0 0 0 0 1 1 0 0 0 0 0 46 46 46 46 46 46 46 
46 46 46 46 46 46 46 47 47 47 47 47 47 47 47 47 47 0 1 1 1 0 1 2 2 1 0 1 0 0 1 0 0 1 1 1 3 1 1 0 0 1 0 0 0 1 1 1 1 2 1 0 1 0 0 0 0 0 0 0 0 0 0 0 0 0 2 1 0 0 0 0 0 46 46 46 46 46 46 46 
46 46 46 46 46 46 47 47 47 47 47 47 47 47 47 47 47 0 1 1 0 0 1 1 1 0 0 1 0 1 2 0 0 1 2 1 3 2 1 1 0 1 0 0 0 0 0 1 1 1 1 0 0 0 0 0 0 0 0 0 0 0 0 0 0 1 1 0 0 1 0 0 0 46 46 46 46 46 46 46 
47 46 46 46 47 47 47 47 47 47 47 47 47 47 47 47 47 0 1 2 1 1 1 1 1 0 0 0 0 1 1 1 0 0 1 1 2 1 0 0 0 2 1 0 0 0 0 1 1 1 2 0 0 0 0 0 0 0 0 0 0 0 0 0 0 1 0 0 1 1 0 0 0 46 46 46 46 46 46 47 
47 46 46 47 47 47 47 47 47 47 47 47 47 47 47 47 47 0 1 2 1 3 2 1 1 0 0 0 0 1 0 1 0 0 0 1 0 0 0 0 0 2 1 0 0 1 0 1 1 1 1 0 0 0 0 0 0 0 0 0 0 0 0 0 0 1 0 0 1 1 0 0 0 46 46 46 46 46 46 47 
47 46 47 47 47 47 47 47 47 47 47 47 47 47 47 47 47 1 1 2 1 2 1 1 1 0 1 1 1 1 0 1 0 0 0 1 0 0 0 0 0 1 0 0 1 1 1 1 1 0 1 1 0 0 0 0 0 0 0 0 0 0 1 1 0 0 1 0 0 0 0 0 0 46 46 46 46 46 47 47 
47 47 47 47 47 47 47 47 47 0 0 1 1 1 1 1 4 2 1 2 2 1 0 1 1 0 2 2 1 0 1 0 0 0 0 0 0 0 0 0 0 1 1 1 1 2 1 1 1 0 0 1 0 0 0 0 0 0 0 0 0 0 1 1 0 0 1 0 0 0 0 0 1 1 2 1 0 2 1 1 
3 1 0 0 0 1 0 1 0 0 0 1 1 0 0 2 6 3 1 1 2 0 0 0 1 0 2 3 1 0 1 0 0 0 0 0 0 0 0 0 0 3 2 1 1 1 1 1 1 0 0 1 0 0 0 0 0 0 0 0 0 0 1 1 1 0 0 0 0 0 0 0 1 1 1 1 1 1 1 0 
1 1 0 0 1 1 0 1 0 0 1 1 1 0 0 1 3 1 1 1 1 1 0 0 0 0 1 1 1 0 1 0 0 0 0 0 2 1 0 0 0 5 3 1 0 0 0 1 1 1 0 1 0 0 1 1 0 0 0 0 0 0 0 1 1 0 0 0 0 0 0 0 1 1 0 0 2 1 0 0 
0 2 1 0 1 1 0 1 0 1 2 1 0 0 0 1 1 0 1 1 1 2 1 0 0 0 0 0 0 0 1 0 0 0 1 0 3 1 0 1 1 5 3 1 0 0 1 1 1 1 0 1 0 0 1 1 0 0 0 0 0 0 0 1 1 0 0 0 0 0 0 0 1 1 0 0 1 0 0 0 
1 2 1 0 1 2 1 1 2 2 2 2 0 0 0 1 0 0 1 1 1 1 0 0 0 0 1 0 0 0 1 0 0 0 1 1 3 1 0 0 1 5 2 0 0 0 2 2 1 1 0 0 0 0 0 0 1 0 0 0 0 0 0 1 1 0 0 0 0 0 0 0 1 1 1 1 1 0 0 1 
3 3 1 0 2 4 2 2 3 4 3 2 1 0 0 1 0 1 1 1 1 1 0 0 0 1 3 1 0 0 0 0 0 0 1 2 1 0 0 0 1 4 1 0 0 0 2 1 1 1 0 0 0 0 0 0 1 0 0 1 0 0 0 1 1 0 0 0 0 0 0 0 1 1 1 1 0 0 0 1 
4 3 1 0 2 5 3 3 4 5 4 3 1 0 0 1 0 1 1 0 1 0 0 0 0 1 4 1 0 0 0 0 0 0 1 2 0 0 0 0 1 4 1 0 0 0 1 1 0 0 0 1 0 0 0 0 0 0 0 0 0 0 0 0 1 0 0 0 0 0 1 0 1 1 1 1 0 0 0 1 
2 2 0 0 1 3 2 2 3 3 2 2 3 2 0 0 0 1 0 0 0 0 0 0 0 1 2 1 0 0 0 1 0 0 0 1 0 0 0 0 1 3 1 0 0 0 0 0 0 0 0 2 1 0 0 1 0 0 0 0 1 0 0 0 0 0 1 1 0 1 2 0 0 0 1 2 0 0 0 1 
0 0 0 0 0 1 1 2 1 1 0 0 5 4 0 0 0 0 0 0 0 0 0 0 0 0 0 0 0 0 0 2 1 0 0 0 0 0 0 1 1 2 1 0 0 0 0 0 0 0 1 2 1 0 0 1 0 1 0 0 1 0 0 0 0 0 1 1 0 1 2 1 1 0 1 2 1 0 0 1 
0 0 0 0 0 0 1 1 1 0 1 0 4 3 0 0 0 0 0 0 0 0 0 0 0 0 1 0 0 0 0 1 0 0 0 0 0 0 1 1 1 1 0 0 1 1 0 0 0 0 1 2 1 0 0 1 1 1 1 0 0 0 0 0 0 0 2 1 0 0 1 1 1 1 0 1 1 0 0 1 
1 0 0 0 1 1 0 1 1 1 3 0 2 2 1 0 0 0 0 0 0 0 1 1 0 0 1 0 0 0 0 1 0 1 1 0 0 0 1 1 0 1 0 1 1 1 0 0 0 0 1 2 1 0 0 1 1 2 1 0 0 0 0 0 0 0 2 1 0 0 0 2 2 1 0 1 2 1 0 1 
1 0 0 0 1 1 0 1 0 1 4 0 0 1 1 0 0 1 0 0 0 0 1 1 0 0 2 2 1 0 0 0 0 1 1 0 0 1 1 1 0 0 1 1 1 1 1 0 0 0 1 1 1 0 0 1 1 1 0 0 0 0 0 0 0 0 1 1 1 1 1 1 1 1 1 1 1 1 0 0 
0 0 0 0 0 0 0 0 0 1 4 0 0 0 1 0 0 0 0 0 0 0 1 1 1 1 1 6 4 0 0 0 0 1 1 0 0 2 1 1 0 0 1 2 2 2 1 0 0 0 0 0 0 0 0 0 2 1 0 0 1 0 0 0 0 0 0 1 1 2 1 0 0 1 1 1 1 1 0 0 
0 0 0 0 0 0 0 0 0 1 4 0 0 0 0 0 0 0 0 0 0 0 0 1 1 3 1 11 8 0 0 0 1 1 0 0 1 2 1 0 0 1 1 2 2 2 1 1 0 0 1 0 0 3 4 1 2 1 0 0 1 0 0 0 1 2 0 0 1 1 1 0 0 0 1 1 2 1 1 1 
0 0 0 0 0 0 0 0 0 1 3 0 0 0 0 0 0 0 2 3 0 0 0 0 1 2 1 9 6 0 0 1 1 1 0 0 1 2 1 0 0 1 1 1 1 1 2 1 1 1 1 0 0 6 9 1 1 0 0 0 1 0 0 0 1 4 0 0 0 1 1 1 0 0 1 2 2 1 2 2 
0 1 0 0 0 0 0 0 0 0 1 0 0 0 0 0 0 0 4 6 0 0 0 0 0 1 0 4 3 0 1 2 2 2 8 0 0 1 0 0 0 2 1 1 1 1 2 1 1 1 2 0 0 8 12 2 2 0 0 0 1 0 0 0 2 5 1 0 0 0 1 1 0 0 1 2 3 2 2 3 
0 2 1 0 0 0 0 0 0 0 0 0 0 0 1 0 0 0 5 8 1 0 0 0 0 0 0 0 0 1 1 3 3 21 2 0 0 0 0 0 0 1 1 1 2 1 2 2 1 1 1 1 0 5 7 1 3 1 0 0 1 0 1 1 1 3 0 0 0 0 1 1 0 0 1 2 2 2 2 2 
1 6 2 0 0 0 0 0 0 0 0 0 0 0 1 1 2 1 3 6 6 1 1 1 0 0 0 0 1 2 1 5 3 44 49 0 0 1 2 1 0 0 1 2 2 0 2 2 1 1 0 1 1 1 1 1 5 2 0 0 1 0 1 1 1 1 0 0 0 1 0 1 0 0 1 1 2 2 2 1 
1 10 4 0 0 0 0 0 0 0 0 0 1 0 1 2 4 1 1 4 10 1 3 2 0 0 0 1 3 3 1 8 3 1 0 0 0 2 3 3 0 0 1 2 1 0 1 2 1 0 0 1 1 1 0 0 4 1 0 0 1 0 2 3 2 0 0 0 0 1 1 1 0 0 1 1 1 2 2 1 
4 0 0 0 0 1 0 0 0 0 1 0 0 2 3 1 0 3 9 1 2 2 0 0 0 1 2 2 1 6 3 48 0 50 0 7 10 23 0 0 0 1 1 0 1 2 1 0 0 0 2 1 0 0 2 1 0 0 0 0 3 4 3 0 0 0 0 1 2 0 0 0 0 0 1 1 2 2 1 8 
0 0 0 1 1 1 0 0 0 1 0 0 1 1 0 0 2 5 1 1 1 0 0 0 1 1 1 0 2 2 1 0 0 51 51 8 45 48 0 0 0 0 1 0 2 1 0 0 0 2 1 0 0 0 1 1 1 0 0 3 4 3 0 0 0 1 2 3 1 0 0 0 0 0 1 2 2 2 6 2 
0 1 0 1 2 1 1 0 0 1 1 0 0 0 0 0 1 2 0 1 0 0 0 0 1 0 1 2 0 1 51 17 0 0 1 0 0 0 2 1 0 1 3 2 1 1 0 0 0 1 1 1 0 0 0 2 33 0 0 2 2 2 0 0 0 1 2 3 2 0 0 0 0 0 1 2 2 1 3 1 
0 1 2 2 1 1 0 0 0 2 1 0 0 0 0 0 1 1 0 0 0 0 0 0 0 0 3 8 1 1 1 1 0 0 0 0 0 0 3 2 0 2 238 3 138 80 38 72 84 72 73 73 1 0 82 81 84 69 72 72 82 42 81 74 9 1 2 13 3 76 0 0 75 0 76 2 76 3 80 12 
83 49 79 2 1 0 0 0 0 3 2 0 1 1 0 1 1 0 0 0 0 0 0 0 0 0 5 14 2 0 231 2 55 0 50 51 107 50 3 1 0 2 5 2 13 255 191 43 84 121 61 82 1 0 10 74 84 64 61 82 30 72 18 74 0 1 2 12 3 1 0 1 1 1 1 11 1 52 0 84 
0 84 34 2 1 0 0 0 0 2 2 0 1 1 0 1 1 0 0 1 1 1 0 0 0 0 4 12 2 0 51 51 51 255 255 51 225 75 2 1 0 1 255 86 56 68 0 0 84 1 1 1 2 0 78 79 2 0 0 0 1 1 0 74 0 1 2 51 2 57 0 1 56 1 57 2 60 7 69 18 
80 51 80 1 1 1 1 1 0 1 1 1 0 2 1 0 0 0 1 2 2 2 1 0 0 0 2 7 1 1 51 51 0 3 1 0 51 0 1 0 0 1 3 0 0 0 0 0 1 1 1 1 2 0 0 1 1 0 0 1 1 1 0 0 0 1 2 1 2 1 0 1 2 2 2 1 0 1 1 0 
0 1 2 0 1 1 1 1 0 1 1 1 0 2 1 0 0 0 1 3 3 2 1 0 1 0 1 2 0 1 1 1 0 3 1 0 1 0 1 0 0 1 31 77 0 76 18 63 84 84 72 83 84 80 3 83 83 52 32 74 1 1 0 0 80 24 81 4 1 0 102 89 101 1 1 92 0 1 1 0 
1 1 1 95 0 1 1 0 0 1 1 0 1 1 0 0 0 0 3 2 2 2 1 1 0 0 0 1 0 1 51 51 47 32 1 0 1 25 0 0 0 1 54 1 0 0 32 10 84 84 1 27 84 11 41 8 7 52 36 0 0 0 1 0 42 61 0 72 1 0 102 0 1 0 102 1 0 1 1 0 
1 51 51 0 0 1 0 0 0 1 0 0 0 0 0 0 0 2 2 1 1 1 1 0 0 0 0 0 0 34 51 46 36 10 0 0 33 16 0 0 0 18 48 30 0 0 0 0 1 0 0 42 43 0 2 3 1 0 0 0 0 2 2 38 48 46 41 5 0 51 51 0 0 0 0 0 1 1 1 1 
1 0 51 51 0 1 0 0 0 1 1 1 0 0 0 1 1 2 1 0 0 1 1 0 0 0 0 0 0 34 51 17 1 0 0 0 1 2 2 2 2 2 2 2 2 2 2 2 2 2 2 2 2 2 2 2 2 2 2 2 2 2 2 2 2 2 2 2 2 2 2 2 2 2 2 2 2 2 2 2 
