115 115 116 116 116 116 117 117 117 117 117 117 117 117 117 118 118 118 118 118 118 118 118 119 119 119 119 119 119 119 119 119 119 119 119 119 119 119 119 119 119 119 119 119 119 119 120 120 121 121 122 122 123 123 124 125 125 126 126 127 128 129 130 130 131 131 132 132 133 133 133 133 133 133 134 133 133 133 133 133 
115 115 116 116 116 117 117 117 117 117 117 117 118 118 118 118 118 118 118 118 118 118 118 118 119 119 119 119 119 119 119 119 119 119 119 119 119 119 119 119 119 119 119 119 119 120 120 121 121 121 122 123 123 123 124 125 126 126 127 128 129 130 130 131 131 132 133 133 133 133 134 134 134 134 134 134 133 133 133 134 
115 116 116 116 116 117 117 117 117 117 117 117 118 118 118 118 118 118 118 118 118 118 118 118 119 119 119 119 119 119 119 119 119 119 119 119 119 119 119 119 119 119 119 119 120 120 120 121 121 122 122 123 123 124 125 126 126 127 128 129 130 130 131 132 133 133 134 133 134 134 134 134 134 135 134 134 134 134 134 135 
115 116 116 116 117 117 117 117 117 118 118 118 118 118 118 118 118 118 118 118 118 118 119 119 119 119 119 119 119 119 119 119 119 119 119 119 119 119 119 119 119 119 119 119 120 120 121 121 122 122 123 123 124 124 125 126 127 128 128 129 130 131 132 133 133 134 134 134 134 134 135 135 135 135 135 135 135 135 135 135 
115 115 116 116 117 117 117 118 118 118 118 118 118 118 118 118 118 118 118 118 118 119 119 119 119 119 119 119 119 119 119 119 119 118 119 119 119 119 119 119 119 119 119 120 120 121 121 122 122 123 123 124 124 125 126 126 127 128 129 130 131 131 133 133 134 134 134 134 135 135 135 136 135 135 136 136 136 136 136 137 
115 116 116 116 116 117 117 118 118 118 118 118 118 118 118 118 118 119 119 119 119 119 119 119 119 119 119 119 119 119 119 119 119 119 119 119 119 119 118 118 119 119 119 120 120 121 122 122 123 123 124 124 125 125 126 127 128 129 130 131 132 133 134 134 135 135 135 135 136 136 136 137 136 137 137 137 137 137 138 138 
115 116 116 116 117 117 117 117 118 118 118 118 118 118 118 118 118 119 119 119 119 119 119 119 119 119 119 119 119 119 119 119 119 119 119 119 119 118 118 118 119 119 120 120 121 122 122 123 123 124 124 125 126 126 127 128 129 130 131 132 133 134 135 135 136 136 136 136 136 137 137 138 138 138 138 138 139 139 139 139 
115 116 116 116 117 117 117 118 118 118 118 118 118 118 118 118 118 118 119 119 119 119 119 119 119 119 119 119 119 119 119 120 119 119 118 119 118 118 118 119 119 120 121 121 122 122 123 123 124 125 125 126 126 127 128 130 130 131 132 133 134 135 136 136 136 137 137 137 138 138 138 138 139 139 139 139 139 139 140 140 
115 116 116 117 117 117 118 118 118 118 118 118 118 118 118 119 119 119 119 119 119 119 119 119 119 119 119 119 119 119 119 120 119 119 119 119 119 119 119 119 120 121 122 122 122 123 124 125 125 126 126 127 128 129 130 130 131 133 134 134 136 137 137 137 137 138 138 139 139 139 140 140 140 140 141 141 141 141 141 141 
116 116 116 117 117 117 118 118 118 119 119 119 119 119 119 119 119 119 119 119 119 119 119 119 119 119 120 120 120 120 120 120 120 120 119 119 119 120 120 121 121 122 122 123 124 124 125 125 126 127 127 128 129 130 131 132 133 134 135 136 137 137 138 138 138 139 139 140 141 141 142 142 142 142 142 142 142 142 143 143 
116 117 116 117 117 117 117 118 118 119 119 119 119 119 119 119 119 119 119 120 120 120 120 120 120 120 120 120 120 120 120 121 120 120 120 120 120 120 121 121 122 122 123 124 124 125 126 127 127 128 129 130 130 131 132 133 134 135 136 138 138 138 139 139 139 140 141 142 142 142 143 143 143 143 143 143 143 143 143 144 
116 117 117 116 117 117 117 117 118 118 118 119 119 119 119 119 119 119 120 120 120 120 120 121 121 121 121 121 121 121 121 121 121 121 121 121 121 121 121 122 123 124 124 125 126 126 127 128 129 129 130 130 131 133 134 134 136 137 138 139 139 140 140 140 141 142 142 144 144 144 144 144 144 144 145 145 145 145 145 145 
113 114 115 116 116 116 116 117 118 118 118 118 119 119 119 119 119 120 120 120 120 120 120 120 121 121 121 121 122 122 122 122 122 121 121 121 121 122 122 123 124 125 126 126 127 128 128 129 129 130 131 132 133 134 135 136 137 138 140 140 141 141 141 143 143 144 145 145 145 145 145 144 144 144 144 144 143 143 143 143 
109 110 112 114 115 115 116 116 117 117 117 118 118 119 119 119 119 120 120 120 121 121 121 121 121 121 121 122 122 122 122 122 122 122 122 122 122 123 124 125 125 126 126 127 128 129 129 130 131 132 133 134 134 135 137 138 139 140 141 141 140 141 141 142 142 142 143 143 143 142 142 142 142 142 142 141 141 141 141 141 
104 106 108 110 112 114 114 115 116 116 117 117 117 118 118 119 119 119 120 120 121 121 122 122 122 122 122 122 122 123 123 123 123 123 123 123 124 124 125 125 126 127 128 128 129 130 131 131 132 133 134 134 135 136 137 138 138 139 139 139 139 140 140 140 140 140 140 140 140 140 139 139 139 139 139 139 138 138 138 138 
97 99 102 104 107 109 112 114 115 116 116 116 117 117 118 118 119 119 119 120 121 121 122 122 122 122 123 123 123 123 124 123 123 123 123 123 124 125 125 126 126 127 128 129 129 130 131 131 132 133 134 135 135 136 136 137 138 138 138 138 138 138 138 138 138 138 138 138 137 137 137 137 137 136 136 136 136 135 135 135 
89 92 94 97 100 103 106 109 113 114 115 115 116 116 117 117 118 118 118 119 119 120 120 120 121 121 121 121 121 121 121 122 122 122 122 123 124 124 125 126 126 127 128 129 129 130 131 132 132 133 134 135 135 136 136 137 137 137 137 136 136 136 136 135 135 135 134 134 134 134 134 134 134 133 133 132 132 132 131 130 
78 81 85 88 91 95 98 102 105 108 110 110 110 111 112 112 112 113 113 114 114 115 116 116 117 117 117 117 117 117 118 118 118 119 119 120 121 122 123 124 124 125 126 126 127 128 129 129 130 131 132 132 133 133 133 133 132 132 131 131 131 130 129 129 128 128 128 128 128 128 128 128 127 127 127 126 126 125 123 122 
66 69 73 76 79 83 86 89 92 95 98 101 103 103 104 104 105 105 106 106 107 108 109 109 110 111 111 112 113 113 114 115 115 116 118 119 120 121 122 123 124 124 125 126 127 128 129 129 130 131 131 132 132 131 131 130 130 129 128 127 126 125 123 122 122 121 121 121 120 120 120 119 119 119 118 118 116 114 113 111 
53 56 56 56 56 56 56 56 56 56 56 56 56 56 56 56 56 56 56 56 56 56 56 56 56 56 56 56 56 56 56 56 56 56 56 56 56 56 56 56 56 56 56 56 56 56 56 56 56 56 56 56 56 56 56 56 56 56 56 56 56 56 56 56 56 56 56 56 56 56 56 56 56 56 56 56 56 56 56 56 
59 62 65 68 70 73 74 76 77 79 80 82 84 85 87 89 90 92 94 96 97 99 101 104 105 108 110 112 115 116 117 118 118 119 120 121 122 122 123 124 122 120 118 116 114 111 109 106 103 100 98 97 97 96 95 95 94 93 92 92 91 88 85 83 80 78 75 73 70 47 36 37 38 38 39 39 40 42 44 46 
49 51 53 55 57 60 60 60 60 60 60 60 60 60 60 60 60 60 60 60 60 60 60 60 60 60 60 60 60 60 60 60 60 60 60 60 60 60 60 60 60 60 60 60 60 60 60 60 60 60 60 60 60 60 60 60 60 60 60 60 60 60 60 60 60 60 60 60 60 60 60 60 60 60 60 60 60 60 60 60 
57 60 62 65 67 69 71 73 75 77 79 81 83 85 87 89 91 93 95 96 97 97 98 98 99 99 99 100 100 99 97 96 95 94 93 91 91 90 88 85 83 80 77 75 73 70 67 65 64 62 61 59 57 56 55 54 53 54 55 55 55 55 55 55 55 55 55 55 55 55 55 55 55 55 55 55 55 55 55 55 
84 85 86 87 88 89 91 92 93 94 94 94 95 95 96 96 97 98 98 99 100 101 101 102 102 103 102 100 98 96 95 93 92 90 88 85 82 78 75 72 68 64 63 64 64 64 64 64 79 80 82 83 84 85 86 87 88 89 90 91 91 91 90 90 90 90 90 90 90 90 91 92 93 94 94 94 95 95 95 95 
95 95 95 96 97 98 99 99 99 99 100 101 101 101 102 103 104 105 107 109 110 111 113 114 116 117 116 116 115 115 115 115 115 111 106 100 95 90 84 79 75 75 75 75 74 74 74 73 78 81 83 86 88 91 93 95 97 98 100 101 104 106 106 107 107 108 108 109 110 110 110 110 111 111 111 111 111 110 110 109 
109 108 108 107 107 107 106 106 41 41 41 41 41 41 41 41 41 41 41 41 41 41 41 41 123 123 123 123 122 122 121 121 118 115 111 108 106 103 100 99 99 97 96 95 94 93 93 93 58 57 57 57 57 57 57 57 57 57 57 57 57 57 57 57 57 57 57 57 57 57 57 57 57 57 57 57 57 57 57 57 
41 41 41 41 41 41 41 41 41 41 41 41 41 75 119 119 118 118 118 118 117 117 117 116 115 113 112 110 109 108 107 107 108 108 107 106 107 57 0 0 1 1 0 0 0 0 0 0 8 10 3 0 0 2 2 0 0 0 0 34 79 78 77 68 61 59 59 58 58 63 41 41 41 41 41 41 41 41 41 41 
41 41 41 41 41 41 41 41 41 41 41 41 41 63 101 101 102 103 103 104 105 106 106 106 106 104 104 104 104 105 107 109 109 109 110 111 113 59 0 1 1 0 0 0 0 0 0 0 4 5 2 0 0 1 1 0 0 0 0 0 0 1 0 0 1 1 2 2 1 27 41 41 41 41 41 41 41 41 41 41 
41 41 41 41 41 41 41 41 41 41 41 41 41 41 69 71 74 77 81 84 87 91 93 96 99 101 104 106 106 107 108 109 110 110 111 112 112 58 1 1 0 0 0 0 0 0 0 0 0 1 1 0 0 0 0 0 0 0 0 0 0 0 0 0 1 1 1 1 1 27 41 41 41 41 41 41 41 41 41 41 
41 41 41 41 41 41 41 41 41 41 41 41 41 35 66 67 68 69 70 71 71 72 72 72 71 71 71 77 82 83 83 79 77 80 80 79 78 46 0 1 0 0 0 0 0 0 1 0 0 0 0 0 0 0 0 0 0 0 0 0 0 0 0 2 3 1 1 1 1 27 41 41 41 41 41 41 41 41 41 41 
41 41 41 41 41 41 41 41 41 41 41 41 41 14 0 0 0 1 2 2 1 1 1 36 85 87 88 89 82 81 81 80 79 80 81 81 81 48 0 1 0 0 0 0 0 0 1 0 0 0 0 0 0 0 1 0 0 0 0 0 0 0 0 5 5 1 0 0 0 27 41 41 41 41 41 41 41 41 41 41 
41 41 41 41 41 41 41 41 41 41 41 41 41 13 0 0 0 1 2 1 1 2 2 1 0 0 0 1 0 0 0 0 35 92 100 103 105 56 0 0 0 0 0 0 0 0 1 0 0 0 0 0 0 1 1 0 0 0 0 0 0 0 0 6 7 2 0 0 0 27 41 41 41 41 41 41 41 41 41 41 
41 41 41 41 41 41 41 41 41 41 41 41 41 13 0 0 1 1 1 0 1 2 2 1 0 0 0 0 0 0 0 0 0 2 2 0 0 0 0 0 0 1 0 0 0 0 1 0 0 0 1 0 1 2 2 1 1 1 1 0 0 0 1 4 4 1 0 0 0 27 41 41 41 41 41 41 41 41 41 41 
41 41 41 41 41 41 41 41 41 41 41 41 41 13 0 0 1 2 0 0 0 1 1 0 0 0 0 0 1 1 1 0 1 2 1 0 0 0 0 0 0 1 0 0 0 0 1 0 0 0 1 0 2 3 3 2 1 1 1 0 0 0 2 2 1 1 1 0 0 27 41 41 41 41 41 41 41 41 41 41 
41 41 41 41 41 41 41 41 41 41 41 41 41 13 0 0 2 1 0 0 0 0 0 0 0 0 0 0 1 2 3 1 2 1 0 0 0 1 0 0 0 1 0 0 0 1 1 0 0 0 1 0 2 3 4 5 2 1 1 1 0 0 1 1 0 0 0 0 0 27 41 41 41 41 41 41 41 41 41 41 
41 41 41 41 41 41 41 41 41 41 41 41 41 13 0 0 2 1 0 0 0 0 0 0 0 0 0 0 1 1 2 1 2 1 0 2 5 3 0 0 0 1 0 0 1 2 1 0 0 0 1 0 0 1 6 9 4 1 1 1 1 0 1 1 0 0 0 0 0 27 41 41 41 41 41 41 41 41 41 41 
41 41 41 41 41 41 41 41 41 41 41 41 13 0 0 1 2 0 0 0 0 0 0 0 0 0 0 1 1 1 0 1 1 1 4 10 5 0 0 0 1 0 0 1 2 1 0 0 1 1 0 0 0 6 11 4 1 1 1 1 0 1 1 0 0 0 0 0 27 41 41 41 41 41 41 41 41 41 41 41 
41 41 41 41 41 41 41 41 41 41 41 41 13 0 0 1 2 1 1 1 0 0 0 0 0 0 0 0 0 0 0 0 0 0 5 12 7 2 0 0 0 1 0 0 1 0 0 0 0 0 0 0 0 4 6 3 1 0 0 1 0 0 1 0 0 0 0 0 27 41 41 41 41 41 41 41 41 41 41 41 
41 41 41 41 41 41 41 41 41 41 41 41 13 0 0 2 2 1 1 1 1 1 0 0 0 0 0 0 0 0 0 0 0 0 3 7 6 3 0 0 0 1 1 1 1 0 0 0 0 0 0 0 1 2 2 1 0 0 0 1 0 0 0 1 0 0 0 0 27 41 41 41 41 41 41 41 41 41 41 41 
41 41 41 41 41 41 41 41 41 41 41 41 14 1 1 3 2 1 1 2 2 0 0 0 0 0 0 0 0 0 0 0 0 0 0 1 3 2 0 0 0 1 1 1 1 0 0 0 0 0 0 0 0 1 1 1 0 0 0 0 0 0 1 1 0 0 0 0 27 41 41 41 41 41 41 41 41 41 41 41 
41 41 41 41 41 41 41 41 41 41 41 41 13 0 1 2 1 1 1 2 1 0 0 0 0 0 1 0 0 1 0 0 1 0 0 0 1 1 0 0 0 1 1 1 1 1 0 0 0 0 0 0 0 1 0 0 0 0 0 0 0 0 1 0 0 0 0 0 27 41 41 41 41 41 41 41 41 41 41 41 
41 41 41 41 41 41 41 41 41 41 41 41 13 0 1 1 0 0 1 2 1 0 0 0 0 0 0 0 0 1 1 2 1 1 0 0 0 0 0 0 0 1 1 1 1 1 0 0 0 0 0 0 0 0 0 0 0 0 0 0 0 1 1 0 0 0 0 0 27 41 41 41 41 41 41 41 41 41 41 41 
41 41 41 41 41 41 41 41 41 41 41 41 13 0 1 0 0 0 1 1 0 0 0 0 0 1 0 0 0 1 1 2 2 1 1 0 0 0 0 0 0 0 0 1 1 1 0 0 0 0 0 0 0 0 0 0 0 0 0 0 0 1 0 0 0 0 0 0 27 41 41 41 41 41 41 41 41 41 41 41 
41 41 41 41 41 41 41 41 41 41 41 41 13 0 1 1 1 1 1 1 0 0 0 0 0 1 1 0 0 0 1 1 1 0 0 0 1 1 0 0 0 0 0 1 1 1 0 0 0 0 0 0 0 0 0 0 0 0 0 0 0 0 0 0 1 0 0 0 27 41 41 41 41 41 41 41 41 41 41 41 
41 41 41 41 41 41 41 41 41 41 41 41 13 0 1 1 2 2 1 1 0 0 0 0 0 0 0 0 0 0 0 0 0 0 0 0 1 1 0 0 0 0 0 1 1 1 0 0 0 0 0 0 0 0 0 0 0 0 0 0 0 0 0 0 1 0 0 0 27 41 41 41 41 41 41 41 41 41 41 41 
41 41 41 41 41 41 41 41 41 41 41 41 14 1 1 1 1 1 1 1 0 0 1 1 1 0 0 0 0 0 0 0 0 0 0 0 0 0 0 0 1 1 1 1 0 0 1 0 0 0 0 0 0 0 0 0 0 0 1 0 0 0 0 0 0 0 0 0 27 41 41 41 41 41 41 41 41 41 41 41 
41 41 41 41 13 0 0 1 1 1 1 3 2 1 1 2 1 0 0 1 0 1 2 1 0 0 0 0 0 0 0 0 0 0 0 0 0 1 1 1 1 1 1 1 0 0 0 0 0 0 0 0 0 0 0 0 0 0 1 0 0 0 0 0 0 0 0 0 1 1 1 0 1 1 1 2 1 0 0 0 
0 0 0 0 0 0 0 1 0 0 1 4 4 1 1 1 0 0 0 0 0 1 2 1 0 0 0 0 0 0 0 0 0 0 0 0 2 2 1 1 1 1 1 1 0 0 0 0 0 0 0 0 0 0 0 0 0 0 1 1 0 0 0 0 0 0 0 0 1 1 1 1 1 1 0 0 1 0 0 0 
1 0 0 0 0 0 1 1 0 0 0 2 1 1 1 1 1 0 0 0 0 0 1 1 0 0 0 0 0 0 0 1 1 0 0 0 3 3 1 0 0 0 0 1 1 0 0 0 0 0 1 0 0 0 0 0 0 0 0 1 0 0 0 0 0 0 0 0 1 0 0 1 1 0 0 0 1 1 0 0 
1 0 0 0 0 1 1 0 0 0 0 1 0 0 1 1 1 1 0 0 0 0 0 0 0 0 0 0 0 0 0 2 1 0 0 1 3 3 1 0 0 0 1 1 1 0 0 0 0 0 1 0 0 0 0 0 0 0 0 1 0 0 0 0 0 0 0 0 1 0 0 0 0 0 0 0 1 1 0 0 
1 1 1 1 2 2 2 0 0 0 0 0 0 0 1 1 1 0 0 0 0 0 0 0 0 0 0 0 0 0 1 2 1 0 0 0 3 3 0 0 0 1 2 1 1 0 0 0 0 0 0 0 0 0 0 0 0 0 0 1 0 0 0 0 0 0 0 0 1 1 1 1 0 0 0 2 3 1 0 1 
3 2 2 2 3 3 2 1 0 0 0 0 0 1 1 1 1 0 0 0 0 2 1 0 0 0 0 0 0 0 1 1 0 0 0 0 3 2 0 0 0 1 1 1 1 0 0 0 0 0 0 0 0 0 0 0 0 0 0 1 0 0 0 0 0 0 0 0 1 1 1 0 0 0 0 3 3 1 0 1 
4 3 3 3 4 4 3 1 0 0 0 0 0 1 0 0 0 0 0 0 0 3 2 0 0 0 0 0 0 0 1 0 0 0 0 0 3 2 0 0 0 0 1 0 0 0 0 0 0 0 0 0 0 0 0 0 0 0 0 0 0 0 0 0 0 0 0 0 1 1 1 0 0 0 0 1 2 0 0 0 
2 2 2 2 3 2 2 2 2 0 0 0 0 0 0 0 0 0 0 0 0 1 1 0 0 0 0 0 0 0 0 0 0 0 0 0 2 1 0 0 0 0 0 0 0 0 1 1 0 0 0 0 0 0 0 0 0 0 0 0 0 0 1 0 0 1 0 0 0 0 1 0 0 0 0 0 0 0 0 0 
0 1 1 1 1 0 0 3 4 1 0 0 0 0 0 0 0 0 0 0 0 0 0 0 0 0 1 1 0 0 0 0 0 0 0 1 1 1 0 0 0 0 0 0 0 0 1 1 0 0 0 0 0 0 0 0 0 0 0 0 0 0 1 0 0 1 1 1 0 0 1 1 0 0 0 0 0 0 0 0 
0 0 1 1 0 0 0 2 3 1 0 0 0 0 0 0 0 0 0 0 0 0 0 0 0 0 0 0 0 0 0 0 0 0 1 1 1 0 0 0 1 0 0 0 0 0 1 1 0 0 0 1 1 1 0 0 0 0 0 0 0 1 1 0 0 0 1 1 1 0 0 1 0 0 0 1 0 0 0 0 
1 0 0 1 1 2 1 1 2 1 0 0 0 0 0 0 0 0 1 0 0 0 0 0 0 0 0 0 0 1 0 0 0 0 1 0 0 0 0 1 1 0 0 0 0 0 1 1 0 0 0 1 1 1 0 0 0 0 0 0 0 1 1 0 0 0 1 2 1 0 0 1 1 0 0 1 0 0 0 0 
1 0 0 0 0 3 1 0 0 1 0 0 0 0 0 0 0 0 1 0 0 1 2 1 0 0 0 0 0 1 0 0 0 1 1 0 0 0 1 1 1 1 0 0 0 0 1 1 0 0 0 1 1 0 0 0 0 0 0 0 0 0 1 1 1 1 1 1 1 1 1 1 1 0 0 0 0 0 0 0 
0 0 0 0 0 3 1 0 0 0 0 0 0 0 0 0 0 0 1 1 1 1 4 4 1 0 0 0 0 1 0 0 1 1 1 0 0 0 1 2 2 1 0 0 0 0 0 0 0 0 0 1 1 0 0 0 0 0 0 0 0 0 0 1 1 1 0 0 0 1 1 1 1 0 0 0 0 0 0 0 
0 0 0 0 0 3 1 0 0 0 0 0 0 0 0 0 0 0 0 1 2 1 7 9 2 0 0 0 1 0 0 0 1 1 0 0 0 1 1 2 2 1 1 0 0 0 0 0 2 3 2 1 1 0 0 0 0 0 0 0 1 0 0 0 1 1 0 0 0 0 1 1 1 1 1 0 0 0 0 0 
0 0 0 0 0 2 1 0 0 0 0 0 0 1 2 1 0 0 0 0 1 1 6 7 2 0 0 1 1 0 0 0 1 1 0 0 0 1 1 1 1 1 1 1 1 1 0 0 4 8 3 1 0 0 0 0 0 0 0 0 3 1 0 0 0 1 1 0 0 0 1 2 1 1 2 0 0 0 0 0 
0 0 0 0 0 0 0 0 0 0 0 0 0 2 5 2 0 0 0 0 0 0 2 3 1 0 1 2 2 6 2 0 0 0 0 0 1 1 1 1 1 1 1 1 1 1 0 0 5 10 5 2 0 0 0 0 0 0 0 1 4 2 0 0 0 0 1 0 0 0 1 2 2 2 2 1 1 1 0 0 
0 0 0 0 0 0 0 0 0 0 0 0 0 3 7 3 0 0 0 0 0 0 0 0 0 1 2 3 15 8 0 0 0 0 0 0 0 1 1 1 1 1 2 1 1 1 1 0 3 6 3 2 1 0 0 0 0 0 1 1 2 1 0 0 0 0 1 0 0 0 1 2 2 2 2 1 4 3 0 0 
0 0 0 0 0 0 0 0 0 0 1 1 1 2 5 6 2 1 1 0 0 0 0 0 1 1 3 3 30 47 16 0 0 1 1 0 0 0 1 2 0 1 2 1 1 0 0 1 1 1 1 3 3 0 0 0 0 0 1 1 1 0 0 0 0 0 0 0 0 0 1 1 2 2 1 1 7 6 1 0 
0 0 0 0 0 0 0 0 0 1 3 2 1 3 8 4 2 2 0 0 0 0 2 3 1 5 4 1 0 0 0 1 2 3 1 0 0 1 1 0 0 1 1 0 0 0 1 1 0 0 2 2 0 0 0 0 1 2 2 0 0 0 0 0 1 1 0 0 0 1 1 1 2 1 1 6 5 1 0 0 
0 0 0 0 0 0 0 0 1 2 1 0 2 7 3 1 2 0 0 0 0 1 2 1 4 4 33 16 33 16 4 9 18 7 0 0 0 1 0 0 1 1 0 0 0 1 1 0 0 1 1 0 0 0 0 2 3 3 1 0 0 0 0 1 0 0 0 0 0 0 1 1 2 1 5 4 1 0 0 0 
1 0 0 0 0 0 0 0 1 0 0 1 4 2 1 1 0 0 0 0 1 1 0 1 2 1 0 0 34 51 22 32 47 16 0 0 0 0 0 1 1 0 0 0 1 1 0 0 0 0 1 1 0 0 2 3 3 1 0 0 0 1 2 1 0 0 0 0 0 0 1 2 2 4 3 0 0 0 0 1 
1 1 0 0 0 1 0 0 0 0 0 0 1 0 0 0 0 0 0 0 0 0 1 0 0 34 28 5 0 0 0 0 0 1 1 0 0 2 2 1 1 0 0 0 0 1 1 0 0 0 1 17 16 0 1 2 2 0 0 0 0 1 2 2 0 0 0 0 0 0 1 2 1 2 1 0 0 1 2 1 
1 0 0 0 1 1 0 0 0 0 0 0 1 0 0 0 0 0 0 0 0 2 6 3 1 1 1 0 0 0 0 0 0 2 2 0 1 159 81 84 96 62 53 77 78 72 73 37 0 41 82 83 77 71 72 77 62 62 77 42 5 1 7 8 39 38 0 37 37 38 39 39 40 41 46 47 66 64 41 1 
0 0 0 0 2 2 0 0 1 0 0 1 0 0 0 0 0 0 0 0 0 3 11 6 0 154 78 37 18 33 50 88 69 18 1 0 1 4 3 7 176 207 96 58 112 82 72 42 0 5 42 79 74 63 72 56 51 45 46 37 0 1 7 8 1 0 0 1 1 1 6 6 26 26 42 42 42 59 18 1 
0 0 0 0 1 2 0 0 1 0 0 1 0 0 0 1 1 0 0 0 0 2 9 5 0 34 51 51 187 255 119 167 125 26 1 0 0 170 142 57 62 34 0 42 43 1 1 1 0 39 79 41 0 0 0 0 1 0 37 37 0 1 26 26 29 28 0 28 28 29 30 31 34 38 43 49 65 65 40 1 
1 1 1 0 0 1 1 0 1 1 0 0 0 0 1 2 2 1 0 0 0 1 5 3 1 34 51 17 2 1 0 34 17 0 0 0 0 2 1 0 0 0 0 0 1 1 1 1 0 0 0 1 0 0 0 1 1 0 0 0 0 1 1 1 1 0 0 1 2 2 1 0 0 1 0 0 0 1 0 0 
1 1 1 0 0 1 1 0 1 1 0 0 0 0 2 3 2 1 0 0 0 0 1 0 0 1 1 0 2 1 0 0 0 0 0 0 0 16 54 38 38 47 40 74 84 78 78 84 82 41 43 83 68 42 53 37 1 42 79 78 78 77 43 2 0 51 95 95 51 1 46 46 0 1 0 0 1 1 48 47 
0 1 0 0 0 1 0 0 1 0 0 0 0 2 2 2 2 1 1 0 0 0 0 0 0 34 51 48 37 11 0 0 17 8 0 0 0 27 27 0 0 16 21 47 84 42 14 55 48 26 25 8 29 44 18 0 0 0 24 24 10 10 36 37 0 51 51 0 0 51 51 0 0 1 0 0 1 51 51 0 
1 0 0 0 1 0 0 0 0 0 0 0 1 3 1 1 1 1 0 0 0 0 0 0 17 51 48 40 21 0 0 17 32 0 0 0 1 36 60 0 0 0 0 1 0 0 0 85 0 1 3 2 0 0 0 0 0 68 74 74 46 74 9 0 0 102 0 0 0 0 0 1 1 1 1 1 0 0 102 0 
1 1 0 0 1 1 1 1 0 0 1 1 1 3 1 0 1 2 1 0 0 0 0 0 0 51 51 1 1 0 0 1 2 2 2 2 2 2 2 2 2 2 2 2 2 2 2 2 2 2 2 2 2 2 2 2 2 2 2 2 2 2 2 2 2 2 2 2 2 2 2 2 2 2 2 2 2 2 2 2 
2 2 2 2 2 2 2 2 2 2 2 2 2 2 2 2 2 2 2 2 2 2 2 2 2 2 2 2 2 2 2 2 2 2 2 2 2 2 2 2 2 2 2 2 2 2 2 2 2 2 2 2 2 2 2 2 2 2 2 2 2 2 2 2 2 2 2 2 2 2 2 2 2 2 2 2 2 2 2 2 
2 2 2 2 2 2 2 2 2 2 2 2 2 2 2 2 2 2 2 2 2 2 2 2 2 2 2 2 2 2 2 2 2 2 2 2 2 2 2 2 2 2 2 2 2 2 2 2 2 2 2 2 2 2 2 2 2 2 2 2 2 2 2 2 2 2 2 2 2 2 2 2 2 2 2 2 2 2 2 2 
2 2 2 2 2 2 2 2 2 2 2 2 2 2 2 2 2 2 2 2 2 2 2 2 2 2 2 2 2 2 2 2 2 2 2 2 2 2 2 2 2 2 2 2 2 2 2 2 2 2 2 2 2 2 2 2 2 2 2 2 2 2 2 2 2 2 2 2 2 2 2 2 2 2 2 2 2 2 2 2 
2 2 2 2 2 2 2 2 2 2 2 2 2 2 2 2 2 2 2 2 2 2 2 2 2 2 2 2 2 2 2 2 2 2 2 2 2 2 2 2 2 2 2 2 2 2 2 2 2 2 2 2 2 2 2 2 2 2 2 2 2 2 2 2 2 2 2 2 2 2 2 2 2 2 2 2 2 2 2 2 
