104 103 103 103 103 103 103 103 103 102 102 102 102 102 102 102 101 101 101 101 101 101 101 101 101 101 100 100 100 100 100 100 100 100 100 100 100 100 100 99 99 99 99 98 98 98 98 97 97 97 96 96 96 95 95 95 94 94 93 93 92 92 92 91 91 90 90 89 89 88 87 87 86 86 85 85 84 84 83 83 
103 103 103 103 103 102 102 102 102 102 102 102 101 101 101 101 101 101 101 101 100 100 100 100 100 100 100 100 100 100 100 100 99 99 99 99 99 99 99 99 99 99 99 98 98 98 97 97 97 97 96 96 95 95 95 94 94 93 93 93 92 92 91 91 90 90 89 89 88 87 87 86 86 85 85 84 83 83 82 82 
102 102 102 102 102 102 102 102 101 101 101 101 101 101 101 100 100 100 100 100 100 100 100 99 99 99 99 99 99 99 99 99 99 99 99 99 99 99 99 99 99 99 98 98 98 98 97 97 97 96 96 96 95 95 94 94 94 93 93 92 92 91 91 90 90 89 88 88 87 86 86 85 85 84 84 83 83 82 82 81 
98 99 100 101 101 101 101 101 101 101 101 100 100 100 100 100 100 100 99 99 99 99 99 99 99 99 98 98 98 98 98 98 98 98 98 98 98 98 98 98 98 98 98 98 98 98 97 97 97 96 96 96 95 95 94 94 93 93 93 92 92 91 90 90 89 88 88 87 86 86 85 85 84 84 83 82 82 81 81 80 
94 94 95 96 97 98 99 99 100 100 100 100 100 99 99 99 99 99 99 99 98 98 98 98 98 98 98 97 97 97 97 97 97 97 97 97 97 97 97 97 97 97 97 97 97 97 97 97 97 96 96 95 95 95 94 94 93 93 92 92 91 91 90 89 88 88 87 86 86 85 85 84 83 83 82 82 81 80 80 79 
89 90 91 92 92 93 94 95 96 97 98 98 99 99 99 98 98 98 98 98 98 98 97 97 97 97 97 97 96 96 96 96 96 96 96 96 96 96 96 96 96 96 96 96 96 96 96 97 97 96 96 95 95 95 94 94 93 93 92 91 91 90 89 88 88 87 86 85 85 84 84 83 83 82 81 81 80 80 79 78 
84 85 86 87 88 89 90 90 91 92 93 94 95 96 97 97 97 97 97 97 97 97 97 96 96 96 96 96 96 95 95 95 95 95 95 95 95 95 95 95 95 95 95 95 95 95 95 95 95 96 96 96 95 95 94 93 93 92 91 91 90 89 88 88 87 86 85 85 84 84 83 82 82 81 81 80 79 79 78 78 
79 80 81 82 82 83 84 86 86 87 88 89 90 91 92 93 94 95 95 96 96 96 96 95 95 95 95 95 94 94 94 94 94 94 94 94 94 94 94 94 94 94 94 94 94 94 94 94 94 94 94 94 94 94 93 93 92 91 91 90 89 88 88 87 86 85 85 84 83 83 82 82 81 80 80 79 79 78 77 77 
73 74 75 76 77 78 79 80 81 82 83 84 85 86 87 88 88 89 90 91 92 93 94 94 94 94 94 93 93 93 93 93 93 93 93 93 93 93 93 93 93 93 93 93 93 93 93 93 93 93 93 92 92 92 92 92 91 91 90 89 88 87 87 86 85 84 84 83 83 82 81 81 80 80 79 78 78 77 76 76 
67 68 69 70 71 72 73 74 75 76 77 78 79 80 81 82 83 84 85 86 87 88 89 90 91 92 92 92 92 92 92 92 92 92 92 91 91 91 91 91 91 91 91 91 91 91 91 91 91 91 91 90 90 90 90 90 89 89 89 88 87 87 86 85 84 84 83 83 82 81 81 80 79 79 78 77 77 76 75 74 
61 62 63 64 65 66 67 68 69 70 71 72 73 74 75 76 77 78 79 80 81 82 84 84 85 86 87 89 90 90 90 90 90 90 90 90 90 90 90 90 90 90 90 90 90 89 89 89 89 88 88 88 88 88 87 87 87 87 87 87 87 86 85 84 84 83 82 82 81 80 80 79 78 77 76 75 74 73 72 71 
54 54 54 54 54 54 54 54 54 54 54 54 54 54 54 54 54 54 54 54 54 54 54 54 54 54 54 54 54 54 54 54 54 54 54 54 54 54 54 54 54 54 54 54 54 54 54 54 54 54 54 54 54 54 54 54 54 54 54 54 54 54 54 54 54 54 54 54 54 54 54 54 54 54 54 54 54 54 54 54 
80 80 80 80 80 80 80 80 80 80 80 80 80 80 80 80 80 80 80 80 80 80 80 80 80 80 80 80 80 80 80 80 80 80 80 80 80 80 80 80 80 80 80 80 80 80 80 80 80 80 80 80 80 80 80 80 80 80 80 80 80 80 80 80 80 80 80 80 80 80 80 80 80 80 80 80 80 80 80 80 
53 53 53 53 53 53 53 53 53 53 53 53 53 53 53 53 53 53 53 53 53 53 53 53 53 53 53 53 53 53 53 53 53 53 53 53 53 53 53 53 53 53 53 53 53 53 53 53 53 53 53 53 53 53 53 53 53 53 53 53 53 53 53 53 53 53 53 53 53 53 53 53 53 53 53 53 53 53 53 53 
56 57 58 58 58 58 58 58 58 58 58 58 58 58 58 58 58 58 58 58 58 58 58 58 58 58 58 58 58 58 58 58 58 58 58 58 58 58 58 58 58 58 58 58 58 58 58 58 58 58 58 58 58 58 58 58 58 58 58 58 58 58 58 58 58 58 58 58 58 58 58 58 58 58 58 58 58 58 58 58 
62 63 63 63 62 62 62 62 62 62 62 62 62 62 62 62 62 62 62 62 62 62 62 62 62 62 62 62 62 62 62 62 62 62 62 62 62 62 62 62 62 62 62 62 62 62 62 62 62 62 62 62 62 62 62 62 62 62 62 62 62 62 62 62 62 62 62 62 62 62 62 62 62 62 62 62 62 62 62 62 
67 66 65 64 63 63 63 63 63 63 63 63 63 63 63 63 63 63 63 63 63 63 63 63 63 63 63 63 63 63 63 63 63 63 63 63 63 63 63 63 63 63 63 63 63 63 63 63 63 63 63 63 63 63 63 63 63 63 63 63 63 63 63 63 63 63 63 63 63 63 63 63 63 63 63 63 63 63 63 63 
73 71 70 69 68 67 66 65 65 66 67 67 68 69 69 69 32 32 32 32 78 77 79 79 79 79 80 80 81 81 92 92 92 92 93 93 92 93 93 93 93 93 94 94 95 95 95 95 95 96 97 98 99 100 101 101 103 103 104 105 106 107 107 108 109 109 106 104 101 98 96 94 92 90 88 86 84 84 83 81 
79 78 77 76 75 74 73 72 70 69 68 66 66 66 66 66 32 32 32 32 32 32 33 33 33 33 33 33 33 33 33 33 33 78 84 88 93 93 93 93 93 93 93 93 93 93 94 95 89 90 91 92 93 94 95 96 97 98 99 101 102 102 104 104 104 105 105 105 105 105 104 104 102 99 97 95 93 91 89 87 
85 83 81 79 78 76 75 73 72 70 69 67 66 65 63 63 63 63 63 63 63 63 63 63 63 63 63 63 63 63 63 63 63 63 63 63 63 63 63 63 63 63 63 63 63 63 63 63 63 63 63 63 63 63 63 63 63 63 63 63 63 63 63 63 63 63 63 63 63 63 63 63 63 63 63 63 63 63 63 63 
52 51 49 47 46 53 32 32 32 32 32 32 33 33 33 33 33 33 33 33 33 33 33 33 33 33 33 33 33 33 33 33 33 33 33 33 33 33 33 33 33 33 33 33 33 33 33 33 33 33 33 33 33 33 33 33 33 33 33 33 33 33 33 33 59 58 57 56 56 56 56 56 56 56 56 56 56 56 56 56 
33 33 33 33 33 33 33 33 33 33 33 33 33 33 33 33 33 33 33 33 33 33 33 33 33 33 33 33 33 33 33 33 33 33 33 33 33 33 33 33 33 33 33 33 33 33 33 33 33 33 33 33 33 33 33 33 33 33 33 33 33 33 33 33 33 33 33 33 33 33 33 33 33 33 33 33 33 33 33 33 
33 33 33 33 33 33 33 33 33 33 33 33 33 33 33 33 33 33 33 33 33 33 33 33 33 33 33 33 33 33 33 33 33 33 33 33 33 33 33 33 33 33 33 33 33 33 33 33 33 33 33 33 33 34 34 34 34 34 34 34 34 34 34 34 34 34 34 34 34 34 34 34 34 34 34 33 33 33 33 33 
33 33 33 33 33 33 33 33 33 33 33 33 33 33 33 33 33 33 33 33 33 33 33 33 33 33 33 33 33 33 33 33 33 33 33 33 33 33 33 33 33 33 33 33 33 33 33 33 33 33 33 33 33 34 34 34 34 34 34 34 34 34 34 34 34 34 34 34 34 34 34 34 34 34 34 33 33 33 33 33 
33 33 33 33 33 33 33 33 33 33 33 33 33 33 33 33 33 33 33 33 33 33 33 33 33 33 33 33 33 33 33 33 33 33 33 33 33 33 33 33 33 33 33 33 33 33 33 33 33 33 33 33 33 34 34 34 34 34 34 34 34 34 34 34 34 34 34 34 34 34 34 34 34 34 34 33 33 33 33 33 
33 33 33 33 33 33 33 33 33 33 33 33 33 33 33 33 33 33 33 33 33 33 33 33 33 33 33 33 33 33 33 33 33 33 33 33 33 33 33 33 33 33 33 33 33 33 33 33 33 33 33 33 33 34 34 34 34 34 34 34 34 34 34 34 34 34 34 34 34 34 34 34 34 34 34 33 33 33 33 33 
33 33 33 33 33 33 33 33 33 34 34 34 34 34 34 34 34 34 34 34 34 34 34 34 34 34 34 34 34 34 34 34 34 34 34 34 34 34 34 34 34 34 34 34 34 34 34 34 34 34 34 34 34 34 34 34 34 34 34 34 34 34 34 34 34 34 34 34 34 34 34 34 34 34 34 33 33 33 33 33 
33 33 33 33 33 33 33 33 33 33 34 34 34 34 34 34 34 34 34 34 34 34 34 34 34 34 34 34 34 34 34 34 34 34 34 34 34 34 34 34 34 34 34 34 34 34 34 34 34 34 34 34 34 34 34 34 34 34 34 34 34 34 34 34 34 34 34 34 34 34 34 34 34 34 34 33 33 33 33 33 
33 33 33 33 33 33 33 33 33 33 34 34 34 34 34 34 34 34 34 34 34 34 34 34 34 34 34 34 34 34 34 34 34 34 34 34 34 34 34 34 34 34 34 34 34 34 34 34 34 34 34 34 34 34 34 34 34 34 34 34 34 34 34 34 34 34 34 34 34 34 34 34 34 34 34 33 33 33 33 33 
33 33 33 33 33 33 33 33 33 33 33 34 34 34 34 34 34 34 34 34 34 34 34 34 34 34 34 34 34 34 34 34 34 34 34 34 34 34 34 34 34 34 34 34 34 34 34 34 34 34 34 34 34 34 34 34 34 34 34 34 34 34 34 34 34 34 34 34 34 34 34 34 34 34 34 33 33 33 33 33 
33 33 33 33 33 33 33 33 33 33 33 34 34 34 34 34 34 34 34 34 34 34 34 34 34 34 34 34 34 34 34 34 34 34 34 34 34 34 34 34 34 34 34 34 34 34 34 34 34 34 34 34 34 34 34 34 34 34 34 34 34 34 34 34 34 34 34 34 34 34 34 34 34 34 34 33 33 33 33 33 
33 33 33 33 33 33 33 33 33 33 33 33 34 34 34 34 34 34 34 34 34 34 34 34 34 34 34 34 34 34 35 35 35 35 35 35 35 35 35 35 35 35 35 35 35 35 35 35 35 35 35 35 35 35 35 35 35 35 35 35 35 35 35 35 35 35 35 35 35 35 35 35 35 35 35 33 33 33 33 33 
33 33 33 33 33 33 33 33 33 33 33 33 34 34 34 34 34 34 34 34 34 34 34 34 34 34 34 34 34 34 34 35 35 35 35 35 35 35 35 35 35 35 35 35 35 35 35 35 35 35 35 35 35 35 35 35 35 35 35 35 35 35 35 35 35 35 35 35 35 35 35 35 35 35 35 33 33 33 33 33 
33 33 33 33 33 33 33 33 33 33 33 33 33 34 34 34 34 34 34 34 34 34 34 34 34 34 34 34 34 34 34 35 35 35 35 35 35 35 35 35 35 35 35 35 35 35 35 35 35 35 35 35 35 35 35 35 35 35 35 35 35 35 35 35 35 35 35 35 35 35 35 35 35 35 35 33 33 33 33 33 
33 33 33 33 33 33 33 33 33 33 33 33 33 34 34 34 34 34 34 34 34 34 34 34 34 34 34 34 34 34 34 34 35 35 35 35 35 35 35 35 35 35 35 35 35 35 35 35 35 35 35 35 35 35 35 35 35 35 35 35 35 35 35 35 35 35 35 35 35 35 35 35 35 35 35 33 33 33 33 33 
33 33 33 33 33 33 34 34 34 34 34 34 34 34 34 34 34 34 34 34 34 34 34 34 34 34 34 34 34 34 34 34 35 35 35 35 35 35 35 35 35 35 35 35 35 35 35 35 35 35 35 36 36 36 36 36 36 36 36 36 36 36 36 36 36 36 36 36 36 36 36 36 36 36 35 33 33 33 33 33 
33 33 34 34 34 34 34 34 34 34 34 34 34 34 34 34 34 34 34 34 34 34 34 34 34 34 34 34 34 34 34 34 34 35 35 35 35 35 35 35 35 35 35 35 35 35 35 35 35 35 35 35 36 36 36 36 36 36 36 36 36 36 36 36 36 36 36 36 36 36 36 36 36 37 35 33 33 33 33 33 
33 33 33 34 34 34 34 34 34 34 34 34 34 34 34 34 34 34 34 34 34 34 35 35 35 35 35 35 35 35 35 35 35 35 35 35 35 35 35 35 35 35 35 35 35 35 35 35 35 35 35 35 36 36 36 36 36 36 36 36 36 36 36 36 36 36 36 36 36 36 36 36 36 39 27 33 33 33 33 33 
33 33 33 33 34 34 34 34 34 34 34 34 34 35 35 35 35 35 35 35 35 35 35 35 35 35 35 35 35 35 35 35 35 35 35 35 35 35 35 35 35 35 35 35 35 35 35 35 35 35 35 36 36 36 36 36 36 36 36 36 36 36 36 36 36 36 36 36 36 36 36 37 39 27 0 32 33 33 33 33 
33 33 33 33 33 34 34 34 34 34 34 34 34 34 35 35 35 35 35 35 35 35 35 35 35 35 35 35 35 35 35 35 35 35 35 35 35 35 35 36 36 36 36 36 36 36 36 36 36 36 36 36 36 36 36 36 36 36 36 36 36 36 36 36 36 36 36 36 36 36 37 40 34 14 0 32 32 33 33 33 
33 33 33 33 33 33 34 34 34 34 34 34 34 34 34 35 35 35 35 35 35 35 35 35 35 35 35 35 36 36 36 36 36 36 36 36 36 36 36 36 36 36 36 36 36 36 36 36 36 36 36 36 36 36 36 36 36 36 36 36 36 36 36 36 36 36 36 36 36 37 40 36 16 0 0 29 32 33 33 33 
33 33 33 33 33 33 34 34 34 34 34 34 34 34 34 34 35 35 35 35 35 35 35 35 35 36 36 36 36 36 36 36 36 36 36 36 36 36 36 36 36 36 36 36 36 36 36 36 36 36 36 36 36 36 36 36 36 37 37 37 37 37 37 37 37 37 37 37 37 39 36 16 0 0 0 12 30 32 33 33 
33 33 33 33 33 33 33 34 34 34 34 34 34 34 34 34 35 35 35 35 35 35 35 35 35 36 36 36 36 36 36 36 36 36 36 36 36 36 36 36 36 36 36 36 36 37 37 37 37 37 37 37 37 37 37 37 37 37 37 37 37 37 37 37 37 37 37 38 39 30 0 0 0 0 1 2 11 26 32 33 
33 33 33 33 33 33 33 33 34 34 34 34 34 34 34 34 34 35 35 35 35 35 35 35 35 35 36 36 36 36 36 36 36 36 36 37 37 37 37 37 37 37 37 37 37 37 37 37 37 37 37 37 37 37 37 37 37 37 37 37 37 37 37 37 37 37 38 39 26 0 1 0 0 0 1 4 2 0 29 33 
33 33 33 33 33 33 33 33 34 34 34 34 34 34 34 34 34 34 35 35 35 35 35 35 35 35 35 36 36 36 36 36 36 36 36 36 37 37 37 37 37 37 37 37 37 37 37 37 37 37 37 37 37 37 37 37 37 37 37 37 37 37 37 38 38 39 40 27 0 1 2 0 0 1 2 4 2 0 0 22 
32 33 33 33 33 33 33 34 34 34 34 34 34 34 34 34 34 34 35 35 35 35 35 35 35 35 35 35 36 36 36 36 36 36 36 36 36 37 37 37 37 37 37 37 37 37 37 37 37 37 37 38 38 38 38 38 38 38 38 38 38 38 38 38 39 39 22 0 1 1 2 0 0 0 2 4 1 0 0 0 
24 32 33 33 33 33 33 33 34 34 34 34 34 34 34 34 34 35 35 35 35 35 35 35 35 35 35 35 36 36 36 36 36 36 36 36 36 36 37 37 37 37 37 37 37 37 37 38 38 38 38 38 38 38 38 38 38 38 38 38 38 38 38 39 41 23 0 0 1 1 0 0 0 0 2 3 0 0 0 0 
1 0 30 33 33 33 33 33 33 34 34 34 34 34 34 35 35 35 35 35 35 35 35 35 35 35 36 36 36 36 36 36 36 36 36 36 36 37 37 37 37 37 37 37 37 37 37 37 38 38 38 38 38 38 38 38 38 38 38 38 38 38 41 38 19 0 0 0 1 1 0 0 0 0 2 3 0 0 0 0 
1 0 0 24 32 33 33 33 33 33 34 34 34 34 34 34 35 35 35 35 35 35 35 35 35 36 36 36 36 36 36 36 36 36 36 36 37 37 37 37 37 37 37 37 37 37 37 38 38 38 38 38 38 38 38 38 38 38 39 39 40 42 38 19 0 0 0 0 0 0 0 0 0 0 1 2 0 0 0 0 
0 0 0 1 25 33 33 33 33 33 33 34 34 34 34 34 34 34 35 35 35 35 35 35 36 36 36 36 36 36 36 36 36 36 36 37 37 37 37 37 37 37 37 37 37 37 38 38 38 38 38 38 38 38 38 38 38 39 39 40 40 24 0 0 0 1 0 0 0 0 0 0 0 1 1 1 0 0 0 0 
0 0 0 0 4 20 30 33 33 33 33 33 34 34 34 34 34 34 34 35 35 35 35 35 35 36 36 36 36 36 36 36 36 37 37 37 37 37 37 37 37 37 37 37 37 38 38 38 38 38 38 38 38 38 38 38 39 40 40 27 0 0 0 0 0 0 0 0 0 0 0 0 1 1 1 0 0 0 1 0 
0 0 0 0 1 1 4 24 31 33 33 33 33 33 34 34 34 34 34 34 35 35 35 35 35 35 36 36 36 36 36 36 37 37 37 37 37 37 37 37 37 37 37 38 38 38 38 38 38 38 38 38 38 38 39 39 40 36 20 0 0 0 0 0 0 0 0 1 0 0 0 0 1 0 0 0 0 1 1 0 
0 0 0 0 1 1 0 0 4 28 31 33 33 33 33 34 34 34 34 34 34 35 35 35 35 35 35 36 36 36 36 36 36 36 37 37 37 37 37 37 37 37 38 38 38 38 38 38 38 38 38 38 39 39 40 38 22 0 0 0 2 1 0 0 0 0 0 1 0 0 0 1 1 0 0 0 1 1 1 1 
0 0 0 0 1 1 0 0 0 1 4 30 31 33 33 33 34 34 34 34 34 34 35 35 35 35 35 35 36 36 36 36 36 36 36 37 37 37 37 37 37 38 38 38 38 38 38 38 38 38 38 39 39 39 23 0 1 1 1 1 2 5 2 0 0 0 0 1 0 0 0 1 1 0 0 0 1 2 2 1 
0 0 0 0 0 0 0 0 0 0 1 0 4 27 31 33 33 33 34 34 34 34 34 35 35 35 35 35 35 35 36 36 36 36 36 36 37 37 37 37 37 37 38 38 38 38 38 38 38 39 39 39 24 0 0 0 0 1 1 2 4 10 5 0 0 0 1 0 0 0 1 1 0 0 0 1 1 2 2 1 
1 0 0 0 0 0 1 3 3 1 1 0 0 0 5 23 29 33 32 34 34 34 34 34 34 35 35 35 35 35 35 36 36 36 36 36 36 37 37 37 37 37 37 38 38 38 38 39 37 31 20 0 2 2 0 0 0 0 1 1 3 8 4 0 0 1 1 0 0 0 1 1 0 0 0 1 1 1 1 1 
1 1 1 1 0 0 2 7 6 1 0 0 0 0 0 0 4 18 24 26 31 34 34 34 34 34 35 35 35 35 35 35 36 36 36 36 36 36 37 37 37 37 37 38 37 36 31 20 0 0 0 1 4 4 0 0 0 0 0 0 1 3 2 0 1 2 2 4 5 0 0 0 0 0 0 1 1 1 1 1 
1 1 1 1 1 0 2 9 8 2 1 0 0 0 0 0 0 0 3 3 0 1 25 27 30 33 32 35 34 35 35 35 35 36 36 36 35 37 35 36 35 33 32 22 0 0 0 0 0 0 0 1 6 5 0 0 0 0 0 0 0 0 0 1 1 3 9 14 1 0 0 0 0 0 0 1 1 1 1 1 
2 1 1 1 1 0 3 6 3 2 1 0 0 0 0 0 1 1 2 1 0 0 0 0 1 10 21 23 26 25 27 27 27 27 28 26 23 22 21 22 22 22 22 22 22 22 22 22 22 22 22 22 22 22 22 22 22 22 22 22 22 22 22 22 22 22 22 22 22 22 22 22 22 22 22 22 22 22 22 22 
0 0 0 0 0 2 2 1 0 0 0 0 1 1 0 0 0 1 1 1 2 1 1 3 7 2 0 0 0 0 0 0 0 0 0 0 0 0 2 2 0 1 5 6 1 2 1 0 0 0 1 2 1 2 5 18 32 16 33 2 8 14 15 0 0 0 1 0 0 1 1 0 0 0 0 1 0 0 0 1 
0 0 0 1 3 3 2 0 0 0 0 1 1 0 0 0 0 0 1 1 2 1 3 6 2 0 0 0 1 1 0 0 0 0 0 0 0 1 0 0 0 3 3 1 1 0 0 0 0 1 1 0 0 2 1 0 0 17 51 36 20 46 32 0 0 0 0 0 0 1 0 0 0 0 1 0 0 0 0 1 
1 0 0 1 3 3 2 0 0 0 1 2 2 0 0 0 0 0 0 1 2 2 3 4 1 0 0 0 1 1 1 0 0 0 1 0 0 0 0 0 0 1 1 0 0 0 0 0 0 0 0 1 1 0 17 39 11 0 0 0 0 0 0 1 0 0 1 2 1 1 0 0 0 0 1 1 0 0 0 0 
2 2 0 0 2 2 1 0 0 0 1 2 2 1 0 0 0 0 0 1 2 1 1 2 0 0 1 2 1 1 0 0 0 0 1 0 0 0 0 0 0 1 0 0 0 0 0 0 0 0 1 4 5 1 1 1 0 0 0 0 0 0 1 2 1 0 80 159 6 88 85 61 82 84 43 1 1 0 80 21 
77 3 76 32 0 74 0 0 0 1 0 75 2 25 0 74 0 0 0 1 2 1 1 0 0 0 2 2 1 0 0 0 0 1 2 1 0 1 0 0 1 0 0 0 0 0 0 0 0 0 1 8 10 1 77 154 19 36 16 50 69 88 34 2 0 0 3 4 1 97 175 101 73 138 95 15 1 0 56 1 
3 2 0 32 0 10 0 0 0 0 1 2 1 77 0 75 1 1 1 1 1 1 0 0 0 0 2 2 1 0 0 0 0 0 2 1 0 1 0 0 1 0 0 0 1 1 0 0 0 0 1 6 8 1 17 51 51 119 255 187 109 175 50 1 0 0 85 198 57 11 0 0 0 1 1 1 1 1 0 0 
2 1 0 0 0 1 0 0 0 0 1 58 1 53 0 55 1 1 1 1 1 1 1 0 0 0 1 2 1 1 1 1 0 0 1 1 0 0 1 0 0 0 0 1 2 2 1 0 0 0 0 3 5 1 17 51 34 1 2 0 17 34 0 0 0 0 1 2 0 0 0 0 0 1 1 1 1 1 0 0 
1 0 0 0 1 1 0 0 0 0 1 1 1 1 0 0 1 2 2 1 0 0 1 0 0 0 1 1 0 1 1 1 0 0 1 1 0 0 1 0 0 0 0 1 3 2 1 0 0 0 0 1 1 0 1 1 0 1 2 0 0 0 0 0 0 0 1 30 77 0 76 18 63 84 84 72 83 84 80 3 
83 83 52 32 74 1 0 76 66 82 29 1 1 0 0 102 89 101 1 0 92 0 1 0 0 1 1 0 95 0 1 0 0 0 1 0 0 1 0 0 0 0 1 2 2 2 1 1 0 0 0 0 0 0 17 51 49 42 21 0 0 9 16 0 0 0 1 54 0 0 0 32 10 84 84 1 26 84 11 42 
8 6 52 36 0 0 0 64 46 11 84 0 1 0 0 102 0 0 0 102 1 0 1 0 0 1 1 102 0 0 1 0 0 0 1 0 0 0 0 0 0 0 1 3 1 1 1 1 0 0 0 0 0 0 17 51 48 40 21 0 0 17 32 0 0 0 1 36 60 0 0 0 0 1 0 0 0 85 0 1 
3 4 0 1 0 0 0 78 74 80 34 1 1 1 0 102 0 1 0 0 0 1 1 1 1 1 1 0 102 0 1 1 0 0 1 1 1 1 0 0 1 1 1 3 1 0 1 2 1 0 0 0 0 0 0 51 51 1 1 0 0 1 2 2 2 2 2 2 2 2 2 2 2 2 2 2 2 2 2 2 
2 2 2 2 2 2 2 2 2 2 2 2 2 2 2 2 2 2 2 2 2 2 2 2 2 2 2 2 2 2 2 2 2 2 2 2 2 2 2 2 2 2 2 2 2 2 2 2 2 2 2 2 2 2 2 2 2 2 2 2 2 2 2 2 2 2 2 2 2 2 2 2 2 2 2 2 2 2 2 2 
2 2 2 2 2 2 2 2 2 2 2 2 2 2 2 2 2 2 2 2 2 2 2 2 2 2 2 2 2 2 2 2 2 2 2 2 2 2 2 2 2 2 2 2 2 2 2 2 2 2 2 2 2 2 2 2 2 2 2 2 2 2 2 2 2 2 2 2 2 2 2 2 2 2 2 2 2 2 2 2 
2 2 2 2 2 2 2 2 2 2 2 2 2 2 2 2 2 2 2 2 2 2 2 2 2 2 2 2 2 2 2 2 2 2 2 2 2 2 2 2 2 2 2 2 2 2 2 2 2 2 2 2 2 2 2 2 2 2 2 2 2 2 2 2 2 2 2 2 2 2 2 2 2 2 2 2 2 2 2 2 
2 2 2 2 2 2 2 2 2 2 2 2 2 2 2 2 2 2 2 2 2 2 2 2 2 2 2 2 2 2 2 2 2 2 2 2 2 2 2 2 2 2 2 2 2 2 2 2 2 2 2 2 2 2 2 2 2 2 2 2 2 2 2 2 2 2 2 2 2 2 2 2 2 2 2 2 2 2 2 2 
2 2 2 2 2 2 2 2 2 2 2 2 2 2 2 2 2 2 2 2 2 2 2 2 2 2 2 2 2 2 2 2 2 2 2 2 2 2 2 2 2 2 2 2 2 2 2 2 2 2 2 2 2 2 2 2 2 2 2 2 2 2 2 2 2 2 2 2 2 2 2 2 2 2 2 2 2 2 2 2 
2 2 2 2 2 2 2 2 2 2 2 2 2 2 2 2 2 2 2 2 2 2 2 2 2 2 2 2 2 2 2 2 2 2 2 2 2 2 2 2 2 2 2 2 2 2 2 2 2 2 2 2 2 2 2 2 2 2 2 2 2 2 2 2 2 2 2 2 2 2 2 2 2 2 2 2 2 2 2 2 
2 2 2 2 2 2 2 2 2 2 2 2 2 2 2 2 2 2 2 2 2 2 2 2 2 2 2 2 2 2 2 2 2 2 2 2 2 2 2 2 2 2 2 2 2 2 2 2 2 2 2 2 2 2 2 2 2 2 2 2 2 2 2 2 2 2 2 2 2 2 2 2 2 2 2 2 2 2 2 2 
2 2 2 2 2 2 2 2 2 2 2 2 2 2 2 2 2 2 2 2 2 2 2 2 2 2 2 2 2 2 2 2 2 2 2 2 2 2 2 2 2 2 2 2 2 2 2 2 2 2 2 2 2 2 2 2 2 2 2 2 2 2 2 2 2 2 2 2 2 2 2 2 2 2 2 2 2 2 2 2 
2 2 2 2 2 2 2 2 2 2 2 2 2 2 2 2 2 2 2 2 2 2 2 2 2 2 2 2 2 2 2 2 2 2 2 2 2 2 2 2 2 2 2 2 2 2 2 2 2 2 2 2 2 2 2 2 2 2 2 2 2 2 2 2 2 2 2 2 2 2 2 2 2 2 2 2 2 2 2 2 
2 2 2 2 2 2 2 2 2 2 2 2 2 2 2 2 2 2 2 2 2 2 2 2 2 2 2 2 2 2 2 2 2 2 2 2 2 2 2 2 2 2 2 2 2 2 2 2 2 2 2 2 2 2 2 2 2 2 2 2 2 2 2 2 2 2 2 2 2 2 2 2 2 2 2 2 2 2 2 2 
