104 104 105 105 106 106 107 108 108 109 109 110 110 111 111 111 111 112 112 112 112 112 112 112 112 112 112 112 112 112 112 112 112 112 112 112 113 113 113 114 114 114 114 115 115 115 115 116 116 116 117 117 117 117 118 118 118 118 119 119 119 119 119 120 120 120 120 121 121 121 121 121 120 119 119 118 117 117 116 115 
104 104 105 105 106 106 107 107 108 108 109 109 110 110 111 111 111 111 111 111 111 111 112 112 112 112 112 112 112 112 112 111 112 112 112 112 113 113 113 114 114 114 114 115 115 115 115 116 116 116 117 117 117 117 118 118 118 118 119 119 119 119 119 120 120 120 120 121 121 121 120 120 119 118 118 117 116 116 115 106 
104 104 105 105 106 106 107 107 108 108 109 109 110 111 111 111 111 111 111 111 111 111 111 111 111 111 111 112 112 112 112 111 111 112 112 112 112 113 113 113 114 114 114 114 115 115 115 116 116 116 116 117 117 117 118 118 118 118 118 119 119 119 119 120 120 120 120 120 121 119 119 118 117 117 116 115 115 114 109 103 
104 104 105 105 106 106 107 107 108 109 109 110 110 110 111 111 111 111 111 111 111 111 111 111 111 111 111 111 111 111 111 111 111 112 112 112 112 113 113 113 114 114 114 115 115 115 115 116 116 116 117 117 117 117 118 118 118 118 118 119 119 119 119 120 120 120 120 119 118 118 117 116 116 115 114 114 113 112 102 103 
103 104 104 105 105 106 106 107 108 108 109 109 110 110 110 110 110 110 110 110 111 111 111 111 111 111 111 111 111 111 111 111 111 112 112 112 112 113 113 113 114 114 114 115 115 115 115 116 116 116 116 117 117 117 117 118 118 118 118 119 119 119 119 120 120 120 119 118 117 117 116 115 115 114 113 112 112 105 102 102 
103 104 104 105 105 106 107 107 108 108 109 110 110 110 110 110 110 110 110 110 110 110 110 110 110 111 111 111 111 111 110 111 111 111 112 112 112 112 113 113 113 114 114 114 115 115 115 116 116 116 116 117 117 117 117 117 118 118 118 118 119 119 119 119 119 118 117 116 116 115 114 113 113 112 111 111 107 101 102 102 
103 103 104 104 105 106 106 107 107 108 109 109 109 109 109 110 110 110 110 110 110 110 110 110 110 110 110 110 110 110 110 111 111 111 111 112 112 112 113 113 113 114 114 114 115 115 115 115 116 116 116 116 117 117 117 117 118 118 118 118 119 119 119 118 117 117 116 115 114 114 113 112 111 111 110 109 103 100 101 102 
103 103 104 105 105 106 106 107 108 108 109 109 109 109 109 109 109 109 109 109 110 110 110 110 110 110 110 110 110 110 110 110 111 111 111 111 112 112 112 113 113 113 114 114 114 115 115 115 115 116 116 116 116 117 117 117 117 118 118 118 119 118 117 116 116 115 114 113 113 112 111 110 109 109 108 104 100 100 101 102 
103 103 104 105 105 106 107 107 108 108 109 109 109 109 109 109 109 109 109 109 109 109 109 109 109 109 110 110 109 109 110 110 110 111 111 111 112 112 112 113 113 113 114 114 114 115 115 115 115 116 116 116 116 117 117 117 117 118 118 118 117 116 115 114 114 113 112 111 110 110 109 108 107 108 108 99 100 100 101 102 
102 103 103 104 105 105 106 107 107 108 108 108 108 108 108 108 108 109 109 109 109 109 109 109 109 109 109 109 109 109 109 110 110 110 111 111 111 112 112 112 113 113 113 114 114 114 114 115 115 115 116 116 116 116 117 117 117 117 118 116 116 115 114 113 112 112 111 110 109 108 108 108 109 109 105 99 99 100 100 101 
103 104 104 105 106 106 107 108 108 108 108 108 108 108 108 108 108 108 108 108 108 108 109 109 109 109 108 109 109 109 110 110 110 111 111 111 112 112 112 113 113 113 114 114 114 114 115 115 115 115 116 116 116 117 117 117 116 115 114 113 113 112 111 110 109 108 108 108 109 109 110 110 107 99 99 99 100 100 101 102 
105 106 106 107 107 107 107 107 107 107 107 108 108 108 108 108 108 108 108 108 108 108 108 108 108 109 109 110 110 110 111 111 111 112 112 112 113 113 113 113 114 114 114 115 115 115 115 116 116 116 117 116 115 114 113 112 111 110 109 109 108 108 109 109 110 110 111 111 107 99 99 99 99 99 100 101 102 102 103 104 
107 107 107 107 107 107 107 107 107 107 107 107 107 107 108 108 108 107 108 108 108 109 109 109 110 110 111 111 111 111 112 112 112 113 113 113 114 114 114 114 115 115 115 116 116 115 114 113 112 111 111 110 109 108 108 109 109 110 110 111 111 112 112 113 98 99 99 99 99 99 100 101 102 102 103 104 104 105 106 106 
106 106 106 106 106 106 107 107 107 107 107 107 107 107 107 107 107 108 108 108 109 109 110 110 110 111 111 111 111 112 112 112 113 113 113 114 114 114 115 115 115 115 114 113 112 112 111 110 109 108 109 109 110 110 111 111 112 113 113 114 114 103 98 99 99 99 99 99 99 100 101 102 102 103 104 105 105 105 105 105 
106 106 106 106 106 106 106 106 106 106 106 106 106 106 106 107 107 107 108 108 109 109 109 110 110 110 111 111 111 112 112 112 112 113 113 113 114 114 114 114 114 113 112 111 110 109 108 109 109 110 110 111 112 112 113 113 114 115 115 116 104 98 98 99 99 99 98 98 99 100 101 102 102 103 104 104 105 105 105 105 
105 105 105 105 105 105 105 105 106 106 106 106 105 106 106 106 107 107 108 108 108 109 109 109 110 110 110 111 111 111 112 112 112 113 113 113 114 114 113 112 111 110 109 108 109 109 110 110 111 112 112 113 114 114 115 115 116 117 117 104 98 98 98 99 99 99 99 99 99 100 101 102 102 103 104 104 104 104 104 104 
104 104 104 104 105 105 105 105 105 105 105 105 105 105 105 106 106 107 107 107 108 108 108 109 109 109 110 110 110 111 111 111 112 112 112 113 113 112 111 110 109 108 109 110 110 111 112 112 113 113 114 115 115 116 117 117 118 119 112 98 98 98 99 99 99 99 99 99 99 100 101 102 102 103 103 103 103 103 103 103 
104 104 104 104 104 104 104 104 104 104 104 104 104 105 105 106 106 106 107 107 107 108 108 108 109 109 109 110 110 110 111 111 112 112 112 111 110 109 108 109 110 110 111 112 112 113 114 114 115 116 116 117 118 119 119 120 120 112 98 98 98 98 99 99 99 99 99 99 99 100 101 102 102 102 102 102 102 102 103 103 
103 103 103 103 103 103 103 103 103 104 104 103 104 104 105 105 105 106 106 106 107 107 108 108 108 109 109 109 110 110 111 111 111 110 109 108 109 110 110 111 112 113 113 114 115 115 116 117 118 118 119 120 120 121 121 121 113 98 98 98 98 98 99 99 99 99 99 99 99 100 101 101 101 101 101 101 101 102 102 102 
102 102 102 102 102 102 102 103 103 103 102 103 103 104 104 104 105 105 106 106 106 107 107 107 108 108 109 109 109 110 110 109 108 109 109 110 111 112 112 113 114 115 115 116 117 118 118 119 120 121 121 121 121 121 121 121 121 121 121 121 121 121 121 121 121 121 121 121 121 121 121 121 121 121 121 121 121 121 121 121 
100 100 100 101 101 101 102 102 103 103 103 104 104 104 105 105 106 106 106 107 107 108 109 110 111 111 112 113 114 114 115 116 117 118 118 119 120 121 121 121 121 121 121 121 121 121 121 121 121 121 121 121 121 121 121 121 121 121 121 121 121 121 121 121 121 121 121 121 121 121 121 121 121 121 121 121 121 121 121 121 
103 104 104 105 105 105 106 106 107 108 109 110 111 112 112 113 114 115 116 117 117 117 118 118 119 119 120 120 121 121 121 121 121 121 121 121 121 121 121 121 121 121 121 121 121 121 121 121 121 121 121 121 121 121 121 121 121 121 121 121 121 121 121 121 121 121 121 121 121 121 121 121 121 121 121 121 121 121 121 121 
110 111 112 113 113 113 114 114 114 116 116 117 117 118 118 119 119 120 120 121 121 121 121 121 121 121 121 121 121 121 121 121 121 121 121 121 121 121 121 121 121 121 121 121 121 121 121 121 121 121 121 121 121 121 121 121 121 121 121 121 121 121 121 121 121 121 121 121 121 121 121 121 121 121 121 121 121 121 121 121 
115 115 116 116 117 118 118 119 119 118 118 117 117 104 98 98 98 98 98 98 98 98 98 98 98 98 98 98 98 98 98 98 98 98 98 98 99 98 98 98 98 99 99 99 99 99 99 99 99 99 99 100 100 77 41 41 41 41 41 41 41 41 41 41 41 41 41 41 41 69 108 108 108 109 110 110 111 112 112 113 
114 114 115 115 116 117 116 116 116 116 117 118 118 105 99 99 99 98 98 98 98 98 98 98 98 98 98 98 98 98 98 98 98 98 98 98 98 99 98 98 98 98 98 98 99 76 41 41 41 41 41 41 41 41 41 41 41 41 41 41 41 41 41 41 41 41 41 41 41 68 106 107 107 107 108 109 110 110 111 112 
113 113 114 114 114 115 116 117 117 118 119 119 120 99 98 98 98 98 99 99 99 99 98 98 98 98 98 98 98 98 98 98 98 98 98 98 98 98 98 98 98 98 98 98 98 41 41 41 41 41 41 41 41 41 41 41 41 41 41 41 41 41 41 41 41 41 41 41 41 103 104 104 105 106 106 107 108 108 109 109 
110 111 112 113 114 114 115 116 117 117 118 118 55 0 0 1 1 0 0 0 0 0 0 49 99 99 99 99 99 98 98 98 98 98 98 98 98 98 98 98 98 98 98 98 76 41 41 41 41 41 41 41 41 41 41 41 41 41 41 41 41 41 41 41 41 41 41 41 66 103 104 105 106 106 107 107 107 108 109 110 
111 112 113 113 114 115 115 116 116 117 118 110 0 1 1 0 0 0 0 0 0 0 2 6 3 0 0 0 1 0 0 0 0 0 0 1 0 0 1 0 98 98 98 111 41 41 41 41 41 41 41 41 41 41 41 41 41 41 41 41 41 41 41 41 41 41 41 29 103 103 104 104 105 105 106 107 108 108 109 110 
110 111 112 112 113 114 114 115 116 117 117 110 0 1 0 0 0 0 0 0 0 0 0 1 1 0 0 0 0 0 0 0 0 0 0 0 0 0 1 1 1 1 1 14 41 41 41 41 41 41 41 41 41 41 41 41 41 41 41 41 41 41 41 41 41 41 41 29 101 101 101 101 102 103 103 104 104 105 105 106 
107 108 111 112 112 113 114 115 116 116 117 0 1 1 0 0 1 0 0 1 1 0 0 0 0 0 0 0 0 0 1 0 1 0 0 0 0 4 3 1 1 1 1 41 41 41 41 41 41 41 41 41 41 41 41 41 41 41 41 41 41 41 41 41 41 41 41 99 99 100 101 102 102 103 103 104 104 105 106 106 
107 109 109 110 111 112 113 113 114 115 108 0 1 0 0 0 0 0 0 1 0 0 0 0 0 0 0 1 0 0 0 0 0 0 0 0 3 6 3 0 0 0 13 41 41 41 41 41 41 41 41 41 41 41 41 41 41 41 41 41 41 41 41 41 41 41 27 0 0 0 1 99 100 100 101 101 102 103 104 104 
105 106 106 107 110 111 112 113 113 114 54 0 0 0 0 0 0 0 0 1 0 0 0 0 0 0 1 1 0 0 0 0 0 0 0 0 6 7 2 0 0 0 27 41 41 41 41 41 41 41 41 41 41 41 41 41 41 41 41 41 41 41 41 41 41 41 13 0 0 1 1 1 0 1 2 2 51 100 101 102 
103 103 105 106 107 108 109 110 111 112 53 0 0 0 1 0 0 0 0 1 0 0 0 1 0 1 2 2 1 1 1 1 0 0 0 1 4 4 1 0 0 0 27 41 41 41 41 41 41 41 41 41 41 41 41 41 41 41 41 41 41 41 41 41 41 41 13 0 0 1 2 0 0 0 1 1 0 0 0 0 
1 1 102 103 103 105 106 107 108 109 1 0 0 1 2 0 0 0 1 2 0 0 1 2 0 3 4 3 2 1 1 1 0 0 0 3 2 1 1 2 0 1 41 41 41 41 41 41 41 41 41 41 41 41 41 41 41 41 41 41 41 41 41 41 41 41 0 0 1 3 1 0 0 0 0 0 0 0 0 0 
1 1 3 2 1 4 101 104 106 102 0 0 0 1 1 0 0 1 1 0 0 0 1 1 1 3 3 5 4 1 1 1 0 0 0 1 0 0 0 0 0 14 41 41 41 41 41 41 41 41 41 41 41 41 41 41 41 41 41 41 41 41 41 41 41 27 0 0 1 2 0 0 0 0 0 0 0 0 0 0 
1 1 2 1 2 1 0 2 5 3 0 0 0 1 0 0 1 2 1 0 0 0 1 0 0 1 6 9 4 1 1 1 1 0 1 1 0 0 0 0 0 27 41 41 41 41 41 41 41 41 41 41 41 41 41 41 41 41 41 41 41 41 41 41 41 13 0 0 1 2 0 0 0 0 0 0 0 0 0 0 
1 1 0 1 1 1 4 10 5 0 0 0 1 0 0 1 2 1 0 0 1 1 0 0 0 6 11 4 1 1 1 1 0 1 1 0 0 0 0 0 27 41 41 41 41 41 41 41 41 41 41 41 41 41 41 41 41 41 41 41 41 41 41 41 13 0 0 1 2 1 1 1 0 0 0 0 0 0 0 0 
0 0 0 0 0 0 5 12 7 2 0 0 0 1 0 0 1 0 0 0 0 0 0 0 0 4 6 3 1 0 0 1 0 0 1 0 0 0 0 0 27 41 41 41 41 41 41 41 41 41 41 41 41 41 41 41 41 41 41 41 41 41 41 41 13 0 0 2 2 1 1 1 1 1 0 0 0 0 0 0 
0 0 0 0 0 0 3 7 6 3 0 0 0 1 1 1 1 0 0 0 0 0 0 0 1 2 2 1 0 0 0 1 0 0 0 1 0 0 0 0 27 41 41 41 41 41 41 41 41 41 41 41 41 41 41 41 41 41 41 41 41 41 41 41 14 1 1 3 2 1 1 2 2 0 0 0 0 0 0 0 
0 0 0 0 0 0 0 1 3 2 0 0 0 1 1 1 1 0 0 0 0 0 0 0 0 1 1 1 0 0 0 0 0 0 1 1 0 0 0 0 27 41 41 41 41 41 41 41 41 41 41 41 41 41 41 41 41 41 41 41 41 41 41 41 13 0 1 2 1 1 1 2 1 0 0 0 0 0 1 0 
0 1 0 0 1 0 0 0 1 1 0 0 0 1 1 1 1 1 0 0 0 0 0 0 0 1 0 0 0 0 0 0 0 0 1 0 0 0 0 0 27 41 41 41 41 41 41 41 41 41 41 41 41 41 41 41 41 41 41 41 41 41 41 41 13 0 1 1 0 0 1 2 1 0 0 0 0 0 0 0 
0 1 1 2 1 1 0 0 0 0 0 0 0 1 1 1 1 1 0 0 0 0 0 0 0 0 0 0 0 0 0 0 0 1 1 0 0 0 0 0 27 41 41 41 41 41 41 41 41 41 41 41 41 41 41 41 41 41 41 41 41 41 41 41 13 0 1 0 0 0 1 1 0 0 0 0 0 1 0 0 
0 1 1 2 2 1 1 0 0 0 0 0 0 0 0 1 1 1 0 0 0 0 0 0 0 0 0 0 0 0 0 0 0 1 0 0 0 0 0 0 27 41 41 41 41 41 41 41 41 41 41 41 41 41 41 41 41 41 41 41 41 41 41 41 13 0 1 1 1 1 1 1 0 0 0 0 0 1 1 0 
0 0 1 1 1 0 0 0 1 1 0 0 0 0 0 1 1 1 0 0 0 0 0 0 0 0 0 0 0 0 0 0 0 0 0 0 1 0 0 0 27 41 41 41 41 41 41 41 41 41 41 41 41 41 41 41 41 41 41 41 41 41 41 41 13 0 1 1 2 2 1 1 0 0 0 0 0 0 0 0 
0 0 0 0 0 0 0 0 1 1 0 0 0 0 0 1 1 1 0 0 0 0 0 0 0 0 0 0 0 0 0 0 0 0 0 0 1 0 0 0 27 41 41 41 41 41 41 41 41 41 41 41 41 41 41 41 41 41 41 41 41 41 41 41 14 1 1 1 1 1 1 1 0 0 1 1 1 0 0 0 
0 0 0 0 0 0 0 0 0 0 0 0 1 1 1 1 0 0 1 0 0 0 0 0 0 0 0 0 0 0 1 0 0 0 0 0 0 0 0 0 27 41 41 41 41 41 41 41 41 41 41 41 41 41 41 41 13 0 0 1 1 1 1 3 2 1 1 2 1 0 0 1 0 1 2 1 0 0 0 0 
0 0 0 0 0 0 0 0 0 1 1 1 1 1 1 1 0 0 0 0 0 0 0 0 0 0 0 0 0 0 1 0 0 0 0 0 0 0 0 0 1 1 1 0 1 1 1 2 1 0 0 0 0 0 0 0 0 0 0 1 0 0 1 4 4 1 1 1 0 0 0 0 0 1 2 1 0 0 0 0 
0 0 0 0 0 0 0 0 2 2 1 1 1 1 1 1 0 0 0 0 0 0 0 0 0 0 0 0 0 0 1 1 0 0 0 0 0 0 0 0 1 1 1 1 1 1 0 0 1 0 0 0 1 0 0 0 0 0 1 1 0 0 0 2 1 1 1 1 1 0 0 0 0 0 1 1 0 0 0 0 
0 0 0 1 1 0 0 0 3 3 1 0 0 0 0 1 1 0 0 0 0 0 1 0 0 0 0 0 0 0 0 1 0 0 0 0 0 0 0 0 1 0 0 1 1 0 0 0 1 1 0 0 1 0 0 0 0 1 1 0 0 0 0 1 0 0 1 1 1 1 0 0 0 0 0 0 0 0 0 0 
0 0 0 2 1 0 0 1 3 3 1 0 0 0 1 1 1 0 0 0 0 0 1 0 0 0 0 0 0 0 0 1 0 0 0 0 0 0 0 0 1 0 0 0 0 0 0 0 1 1 0 0 1 1 1 1 2 2 2 0 0 0 0 0 0 0 1 1 1 0 0 0 0 0 0 0 0 0 0 0 
0 0 1 2 1 0 0 0 3 3 0 0 0 1 2 1 1 0 0 0 0 0 0 0 0 0 0 0 0 0 0 1 0 0 0 0 0 0 0 0 1 1 1 1 0 0 0 2 3 1 0 1 3 2 2 2 3 3 2 1 0 0 0 0 0 1 1 1 1 0 0 0 0 2 1 0 0 0 0 0 
0 0 1 1 0 0 0 0 3 2 0 0 0 1 1 1 1 0 0 0 0 0 0 0 0 0 0 0 0 0 0 1 0 0 0 0 0 0 0 0 1 1 1 0 0 0 0 3 3 1 0 1 4 3 3 3 4 4 3 1 0 0 0 0 0 1 0 0 0 0 0 0 0 3 2 0 0 0 0 0 
0 0 1 0 0 0 0 0 3 2 0 0 0 0 1 0 0 0 0 0 0 0 0 0 0 0 0 0 0 0 0 0 0 0 0 0 0 0 0 0 1 1 1 0 0 0 0 1 2 0 0 0 2 2 2 2 3 2 2 2 2 0 0 0 0 0 0 0 0 0 0 0 0 1 1 0 0 0 0 0 
0 0 0 0 0 0 0 0 2 1 0 0 0 0 0 0 0 0 1 1 0 0 0 0 0 0 0 0 0 0 0 0 0 0 1 0 0 1 0 0 0 0 1 0 0 0 0 0 0 0 0 0 0 1 1 1 1 0 0 3 4 1 0 0 0 0 0 0 0 0 0 0 0 0 0 0 0 0 1 1 
0 0 0 0 0 0 0 1 1 1 0 0 0 0 0 0 0 0 1 1 0 0 0 0 0 0 0 0 0 0 0 0 0 0 1 0 0 1 1 1 0 0 1 1 0 0 0 0 0 0 0 0 0 0 1 1 0 0 0 2 3 1 0 0 0 0 0 0 0 0 0 0 0 0 0 0 0 0 0 0 
0 0 0 0 0 0 1 1 1 0 0 0 1 0 0 0 0 0 1 1 0 0 0 1 1 1 0 0 0 0 0 0 0 1 1 0 0 0 1 1 1 0 0 1 0 0 0 1 0 0 0 0 1 0 0 1 1 2 1 1 2 1 0 0 0 0 0 0 0 0 1 0 0 0 0 0 0 0 0 0 
0 1 0 0 0 0 1 0 0 0 0 1 1 0 0 0 0 0 1 1 0 0 0 1 1 1 0 0 0 0 0 0 0 1 1 0 0 0 1 2 1 0 0 1 1 0 0 1 0 0 0 0 1 0 0 0 0 3 1 0 0 1 0 0 0 0 0 0 0 0 1 0 0 1 2 1 0 0 0 0 
0 1 0 0 0 1 1 0 0 0 1 1 1 1 0 0 0 0 1 1 0 0 0 1 1 0 0 0 0 0 0 0 0 0 1 1 1 1 1 1 1 1 1 1 1 0 0 0 0 0 0 0 0 0 0 0 0 3 1 0 0 0 0 0 0 0 0 0 0 0 1 1 1 1 4 4 1 0 0 0 
0 1 0 0 1 1 1 0 0 0 1 2 2 1 0 0 0 0 0 0 0 0 0 1 1 0 0 0 0 0 0 0 0 0 0 1 1 1 0 0 0 1 1 1 1 0 0 0 0 0 0 0 0 0 0 0 0 3 1 0 0 0 0 0 0 0 0 0 0 0 0 1 2 1 7 9 2 0 0 0 
1 0 0 0 1 1 0 0 0 1 1 2 2 1 1 0 0 0 0 0 2 3 2 1 1 0 0 0 0 0 0 0 1 0 0 0 1 1 0 0 0 0 1 1 1 1 1 0 0 0 0 0 0 0 0 0 0 2 1 0 0 0 0 0 0 1 2 1 0 0 0 0 1 1 6 7 2 0 0 1 
1 0 0 0 1 1 0 0 0 1 1 1 1 1 1 1 1 1 0 0 4 8 3 1 0 0 0 0 0 0 0 0 3 1 0 0 0 1 1 0 0 0 1 2 1 1 2 0 0 0 0 0 0 0 0 0 0 0 0 0 0 0 0 0 0 2 5 2 0 0 0 0 0 0 2 3 1 0 1 2 
2 6 2 0 0 0 0 0 1 1 1 1 1 1 1 1 1 1 0 0 5 10 5 2 0 0 0 0 0 0 0 1 4 2 0 0 0 0 1 0 0 0 1 2 2 2 2 1 1 1 0 0 0 0 0 0 0 0 0 0 0 0 0 0 0 3 7 3 0 0 0 0 0 0 0 0 0 1 2 3 
15 8 0 0 0 0 0 0 0 1 1 1 1 1 2 1 1 1 1 0 3 6 3 2 1 0 0 0 0 0 1 1 2 1 0 0 0 0 1 0 0 0 1 2 2 2 2 1 4 3 0 0 0 0 0 0 0 0 0 0 0 0 1 1 1 2 5 6 2 1 1 0 0 0 0 0 1 1 3 3 
30 47 16 0 0 1 1 0 0 0 1 2 0 1 2 1 1 0 0 1 1 1 1 3 3 0 0 0 0 0 1 1 1 0 0 0 0 0 0 0 0 0 1 1 2 2 1 1 7 6 1 0 0 0 0 0 0 0 0 0 0 0 1 3 2 1 3 8 4 2 2 0 0 0 0 2 3 1 5 4 
0 0 1 2 3 1 0 0 1 1 0 0 1 1 0 0 0 1 1 0 0 2 2 0 0 0 0 1 2 2 0 0 0 0 0 1 1 0 0 0 1 1 1 2 1 1 6 5 1 0 0 0 0 0 0 0 0 0 0 0 1 2 1 0 2 7 3 1 2 0 0 0 0 1 2 1 4 4 33 16 
33 16 4 9 18 7 0 0 0 1 0 0 1 1 0 0 0 1 1 0 0 1 1 0 0 0 0 2 3 3 1 0 0 0 0 1 0 0 0 0 0 0 1 1 2 1 5 4 1 0 0 0 1 1 0 0 0 0 0 0 0 1 0 0 1 4 2 1 1 0 0 0 0 1 1 0 1 2 1 0 
34 51 22 32 47 16 0 0 0 0 0 1 1 0 0 0 1 1 0 0 0 0 1 1 0 0 2 3 3 1 0 0 0 1 2 1 0 0 0 0 0 0 1 2 2 4 3 0 0 0 0 1 1 1 0 0 0 1 0 0 0 0 0 0 1 0 0 0 0 0 0 0 0 0 1 0 0 34 28 5 
0 0 0 0 0 1 1 0 0 2 2 1 1 0 0 0 0 1 1 0 0 0 1 17 16 0 1 2 2 0 0 0 0 1 2 2 0 0 0 0 0 0 1 2 1 2 1 0 0 1 2 1 1 0 0 0 1 1 0 0 0 0 0 0 1 0 0 0 0 0 0 0 0 2 6 3 1 1 1 0 
0 0 0 0 0 2 2 0 1 159 81 84 96 62 53 77 78 72 73 37 0 41 82 83 77 71 72 77 62 62 77 42 5 1 7 8 39 38 0 37 37 38 39 39 40 41 46 47 66 64 41 1 0 0 0 0 2 2 0 0 1 0 0 1 0 0 0 0 0 0 0 0 0 3 11 6 0 154 78 37 
18 33 50 88 69 18 1 0 1 4 3 7 176 207 96 58 112 82 72 42 0 5 42 79 74 63 72 56 51 45 46 37 0 1 7 8 1 0 0 1 1 1 6 6 26 26 42 42 42 59 18 1 0 0 0 0 1 2 0 0 1 0 0 1 0 0 0 1 1 0 0 0 0 2 9 5 0 34 51 51 
187 255 119 167 125 26 1 0 0 170 142 57 62 34 0 42 43 1 1 1 0 39 79 41 0 0 0 0 1 0 37 37 0 1 26 26 29 28 0 28 28 29 30 31 34 38 43 49 65 65 40 1 1 1 1 0 0 1 1 0 1 1 0 0 0 0 1 2 2 1 0 0 0 1 5 3 1 34 51 17 
2 1 0 34 17 0 0 0 0 2 1 0 0 0 0 0 1 1 1 1 0 0 0 1 0 0 0 1 1 0 0 0 0 1 1 1 1 0 0 1 2 2 1 0 0 1 0 0 0 1 0 0 1 1 1 0 0 1 1 0 1 1 0 0 0 0 2 3 2 1 0 0 0 0 1 0 0 1 1 0 
2 1 0 0 0 0 0 0 0 16 54 38 38 47 40 74 84 78 78 84 82 41 43 83 68 42 53 37 1 0 0 0 0 40 43 2 0 51 95 95 51 1 46 46 0 1 0 0 1 1 48 47 0 1 0 0 0 1 0 0 1 0 0 0 0 2 2 2 2 1 1 0 0 0 0 0 0 34 51 48 
37 11 0 0 17 8 0 0 0 27 27 0 0 16 21 47 84 42 14 55 48 26 25 8 29 44 18 0 0 0 0 0 0 0 36 37 0 51 51 0 0 51 51 0 0 1 0 0 1 51 51 0 0 1 0 0 0 1 0 0 0 0 0 0 0 2 2 1 1 1 1 0 0 0 0 0 0 34 51 46 
40 21 0 0 17 32 16 0 0 1 36 60 0 0 0 0 1 0 0 0 85 0 1 3 2 0 0 0 0 0 4 0 8 0 74 9 0 0 102 0 0 0 0 0 1 1 1 1 1 0 0 102 0 1 0 0 0 1 1 1 0 0 0 1 1 1 2 0 0 1 1 0 0 0 0 0 0 17 51 34 
1 1 0 0 1 2 2 2 2 2 2 2 2 2 2 2 2 2 2 2 2 2 2 2 2 2 2 2 2 2 2 2 2 2 2 2 2 2 2 2 2 2 2 2 2 2 2 2 2 2 2 2 2 2 2 2 2 2 2 2 2 2 2 2 2 2 2 2 2 2 2 2 2 2 2 2 2 2 2 2 
2 2 2 2 2 2 2 2 2 2 2 2 2 2 2 2 2 2 2 2 2 2 2 2 2 2 2 2 2 2 2 2 2 2 2 2 2 2 2 2 2 2 2 2 2 2 2 2 2 2 2 2 2 2 2 2 2 2 2 2 2 2 2 2 2 2 2 2 2 2 2 2 2 2 2 2 2 2 2 2 
2 2 2 2 2 2 2 2 2 2 2 2 2 2 2 2 2 2 2 2 2 2 2 2 2 2 2 2 2 2 2 2 2 2 2 2 2 2 2 2 2 2 2 2 2 2 2 2 2 2 2 2 2 2 2 2 2 2 2 2 2 2 2 2 2 2 2 2 2 2 2 2 2 2 2 2 2 2 2 2 
2 2 2 2 2 2 2 2 2 2 2 2 2 2 2 2 2 2 2 2 2 2 2 2 2 2 2 2 2 2 2 2 2 2 2 2 2 2 2 2 2 2 2 2 2 2 2 2 2 2 2 2 2 2 2 2 2 2 2 2 2 2 2 2 2 2 2 2 2 2 2 2 2 2 2 2 2 2 2 2 
2 2 2 2 2 2 2 2 2 2 2 2 2 2 2 2 2 2 2 2 2 2 2 2 2 2 2 2 2 2 2 2 2 2 2 2 2 2 2 2 2 2 2 2 2 2 2 2 2 2 2 2 2 2 2 2 2 2 2 2 2 2 2 2 2 2 2 2 2 2 2 2 2 2 2 2 2 2 2 2 
