73 71 69 67 65 63 61 60 58 56 54 54 54 54 54 54 54 54 54 54 54 54 54 54 54 54 54 54 54 54 54 54 54 54 54 54 54 54 54 54 54 54 54 54 54 54 54 54 54 54 54 54 54 54 54 54 54 54 54 54 54 54 54 54 54 54 54 54 54 54 54 54 54 54 54 54 54 54 54 54 
51 51 51 51 51 51 51 51 51 51 51 51 46 71 72 74 76 77 77 76 79 82 84 87 89 91 90 88 86 84 82 79 73 67 60 54 47 40 34 31 30 29 28 27 27 28 29 32 36 40 44 48 53 59 64 68 72 75 78 81 83 85 86 87 88 88 88 87 87 87 86 85 84 51 51 51 51 51 51 51 
51 51 51 51 51 51 51 51 51 51 51 51 51 82 84 84 82 80 79 76 74 71 67 66 66 66 68 69 71 71 69 66 64 61 59 54 48 40 34 31 29 27 26 25 23 22 22 23 25 28 31 34 37 40 44 49 53 57 62 66 71 75 77 80 81 82 83 83 83 83 83 80 51 51 51 51 51 51 51 51 
51 51 51 51 51 51 51 51 51 51 51 51 17 0 0 0 28 66 65 77 85 85 83 79 76 74 82 84 81 78 74 70 64 58 55 53 50 50 50 50 50 50 50 50 50 50 50 50 50 50 50 50 50 50 50 50 50 50 50 50 50 50 50 50 50 50 50 50 50 50 50 50 50 50 50 50 50 50 50 50 
51 34 0 0 0 1 2 1 0 0 0 0 0 0 0 0 0 0 0 1 0 0 0 1 12 58 43 44 48 52 55 56 58 53 41 42 42 40 37 35 33 31 30 33 35 37 37 35 37 38 41 43 46 50 53 56 67 51 51 51 51 51 51 51 51 51 51 51 51 51 51 51 51 51 51 51 51 51 51 51 
51 0 0 0 1 2 1 1 0 0 0 0 0 1 1 1 1 1 1 0 0 0 3 3 1 0 0 0 0 0 0 0 0 64 63 58 57 60 60 60 59 58 58 57 57 57 57 57 57 57 57 57 57 57 57 57 57 57 57 57 57 57 57 57 57 57 57 57 57 57 57 57 57 57 57 57 57 57 57 57 
0 0 0 1 1 1 1 1 1 1 0 3 4 1 0 0 1 2 0 0 0 0 0 0 0 0 0 0 0 0 0 0 0 0 0 0 26 64 63 61 60 60 70 51 51 51 51 51 51 51 51 51 51 51 51 51 51 51 51 51 51 51 51 51 51 51 51 51 51 51 17 1 2 1 1 0 0 0 0 0 
0 0 0 0 1 0 0 1 1 0 0 2 2 0 0 0 3 4 2 0 0 0 0 0 0 0 0 0 0 0 0 0 0 1 0 0 0 0 1 1 1 1 27 71 51 51 51 51 51 51 51 51 51 51 51 51 51 51 51 51 51 51 51 51 51 51 51 51 51 51 17 2 2 1 1 0 0 0 0 0 
0 0 0 0 0 0 0 0 1 0 0 1 1 0 0 1 4 5 2 0 0 0 0 0 0 0 0 0 0 0 0 0 0 1 0 0 0 1 2 1 0 0 1 34 51 51 51 51 51 51 51 51 51 51 51 51 51 51 51 51 51 51 51 51 51 51 51 51 51 51 17 2 4 2 0 0 0 1 1 0 
0 1 1 0 0 0 0 0 1 0 0 0 1 0 0 1 2 3 1 1 0 0 0 1 0 0 0 0 0 0 0 0 0 1 0 0 0 0 1 0 0 0 1 34 51 51 51 51 51 51 51 51 51 51 51 51 51 51 51 51 51 51 51 51 51 51 51 51 51 51 17 3 5 4 1 0 0 1 2 0 
0 2 2 1 1 1 0 0 0 0 0 0 1 0 0 0 0 1 1 1 0 0 0 1 0 0 0 0 0 1 0 0 0 0 0 0 0 0 0 1 1 1 1 1 34 51 51 51 51 51 51 51 51 51 51 51 51 51 51 51 51 51 51 51 51 51 51 51 51 51 17 3 4 4 1 0 0 1 1 0 
0 4 5 2 1 1 1 1 0 0 0 0 1 1 1 0 0 0 0 2 1 0 0 1 0 0 0 0 0 1 1 0 0 0 0 1 1 0 0 0 1 1 1 1 34 51 51 51 51 51 51 51 51 51 51 51 51 51 51 51 51 51 51 51 51 51 51 51 51 51 17 1 2 3 1 0 0 1 1 0 
0 6 8 3 0 0 1 1 0 0 0 0 0 1 1 0 0 0 0 3 2 1 1 1 1 1 0 0 0 0 1 1 1 0 0 2 1 0 0 0 1 1 0 0 34 51 51 51 51 51 51 51 51 51 51 51 51 51 51 51 51 51 51 51 51 51 51 51 51 51 17 15 15 1 1 0 0 0 0 0 
8 10 3 0 0 2 2 0 0 0 0 0 0 1 0 0 0 0 3 3 2 1 1 1 1 0 0 0 0 1 1 1 1 0 2 2 0 0 0 1 0 0 0 0 34 51 51 51 51 51 51 51 51 51 51 51 51 51 51 51 51 51 51 51 51 51 51 51 51 17 15 15 15 15 15 0 0 0 0 0 
4 5 2 0 0 1 1 0 0 0 0 0 0 1 0 0 1 1 2 2 1 1 1 0 0 0 0 0 0 0 1 1 1 0 1 1 0 0 0 1 0 0 1 1 34 51 51 51 51 51 51 51 51 51 51 51 51 51 51 51 51 51 51 51 51 51 51 51 51 17 15 15 15 15 15 15 15 15 0 0 
0 1 1 0 0 0 0 0 0 0 0 0 0 0 0 0 1 1 1 1 1 1 0 0 0 0 0 0 0 0 0 0 1 0 0 0 1 1 0 0 0 0 1 0 34 51 51 51 51 51 51 51 51 51 51 51 51 51 51 51 51 51 51 51 51 51 51 51 51 17 15 15 15 15 15 15 15 15 15 15 
0 0 0 0 0 0 0 0 0 0 0 0 0 0 0 2 3 1 1 1 1 1 1 0 0 0 0 0 0 0 1 1 0 0 0 0 1 1 0 0 1 1 1 1 34 51 51 51 51 51 51 51 51 51 51 51 51 51 51 51 51 51 51 51 51 51 51 51 51 17 15 15 15 15 15 15 15 15 15 15 
15 15 0 0 0 0 1 0 0 0 0 0 0 0 0 5 5 1 0 0 0 1 2 1 0 0 0 0 0 1 3 3 1 0 0 0 1 0 0 0 0 1 1 1 1 34 51 51 51 51 51 51 51 51 51 51 51 51 51 51 51 51 51 51 51 51 51 51 51 17 15 15 15 15 15 15 15 15 15 15 
15 15 15 15 0 1 1 0 0 0 0 0 0 0 0 6 7 2 0 0 0 1 2 1 0 0 0 0 0 1 3 3 1 0 0 0 1 0 0 0 0 1 1 1 1 34 51 51 51 51 51 51 51 51 51 51 51 51 51 51 51 51 51 51 51 51 51 51 51 17 15 15 15 15 15 15 15 15 15 15 
15 15 15 15 16 2 2 1 1 1 1 0 0 0 1 4 4 1 0 0 0 0 1 0 0 0 0 1 0 0 2 2 0 0 0 0 0 0 0 1 1 1 1 1 1 0 34 51 51 51 51 51 51 51 51 51 51 51 51 51 51 51 51 51 51 51 51 51 51 17 15 15 15 15 15 15 15 15 15 15 
15 15 15 15 15 15 17 2 1 1 1 0 0 0 2 2 1 1 1 0 0 1 1 0 0 0 1 1 0 0 0 0 0 0 0 0 0 0 0 2 1 1 1 0 0 0 34 51 51 51 51 51 51 51 51 51 51 51 51 51 51 51 51 51 51 51 51 51 51 17 15 15 15 15 15 15 15 15 15 15 
15 15 15 15 15 15 15 19 2 1 1 1 0 0 1 1 0 0 0 0 0 1 1 0 0 0 0 1 0 0 0 0 0 0 0 0 0 0 0 1 1 0 0 0 0 0 34 51 51 51 51 51 51 51 51 51 51 51 51 51 51 51 51 51 51 51 51 51 51 17 15 15 15 15 15 15 15 15 15 15 
15 15 15 15 15 15 15 15 15 1 1 1 1 0 1 1 0 0 0 0 0 1 1 0 0 0 0 0 0 0 0 0 0 0 0 0 0 0 0 1 1 0 0 0 0 0 0 34 51 51 51 51 51 51 51 51 51 51 51 51 51 51 51 51 51 51 51 51 51 17 15 15 15 15 15 15 15 15 15 15 
15 15 15 15 15 15 15 15 15 16 1 1 1 0 1 1 0 0 0 0 0 1 1 0 0 0 0 0 0 0 0 0 0 0 0 0 0 0 0 1 1 0 0 0 0 0 0 34 51 51 51 51 51 51 51 51 51 51 51 51 51 51 51 51 51 51 51 51 51 17 15 15 15 15 15 15 15 15 15 15 
15 15 15 15 15 15 15 15 15 15 15 15 1 0 0 1 0 0 0 0 0 0 1 0 0 0 0 0 0 3 2 0 0 0 0 0 0 0 0 1 1 0 0 0 0 0 0 0 34 51 51 51 51 51 51 51 51 51 51 51 51 51 51 51 51 51 51 51 51 17 15 15 15 15 15 15 15 15 15 15 
15 15 15 15 15 15 15 15 15 15 15 15 15 0 0 0 1 0 0 0 0 0 1 0 0 0 0 0 1 5 3 0 0 0 0 0 0 0 0 2 1 0 0 0 0 0 1 1 34 51 51 51 51 51 51 51 51 51 51 51 51 51 51 51 51 51 51 51 51 17 15 15 15 15 15 15 15 15 15 15 
15 15 15 15 15 15 15 15 15 15 15 15 15 15 0 1 1 0 0 0 0 0 0 0 0 0 0 0 1 6 5 1 1 0 0 0 1 1 1 1 1 0 0 0 0 0 0 1 34 51 51 51 51 51 51 51 51 51 51 51 51 51 51 51 51 51 51 51 51 17 15 15 15 15 15 15 15 15 15 15 
15 15 15 15 15 15 15 15 15 15 15 15 15 15 15 1 0 0 0 0 0 0 0 0 0 0 0 0 0 6 5 1 1 0 0 1 1 1 1 1 0 0 0 0 0 0 0 1 1 34 51 51 51 51 51 51 51 51 51 51 51 51 51 51 51 51 51 51 51 17 15 15 15 15 15 15 15 15 15 15 
15 15 15 15 15 15 15 15 15 15 15 15 15 15 16 1 0 0 0 0 0 0 1 0 0 0 0 0 0 6 5 1 1 0 0 1 2 2 1 1 0 0 0 0 0 0 0 1 0 34 51 51 51 51 51 51 51 51 51 51 51 51 51 51 51 51 51 51 51 17 15 15 15 15 15 15 15 15 15 15 
15 15 15 15 15 15 15 15 15 15 15 15 15 15 15 15 0 0 0 0 0 0 1 0 0 0 0 0 1 4 3 0 0 0 0 0 1 1 0 0 0 1 0 0 0 0 0 1 1 1 34 51 51 51 51 51 51 51 51 51 51 51 51 51 51 51 51 51 51 17 15 15 15 15 15 15 15 15 15 15 
15 15 15 15 15 15 15 15 15 15 15 15 15 15 15 15 15 1 0 0 0 0 1 0 0 0 0 0 2 2 1 0 0 0 0 0 0 0 0 0 0 1 1 1 0 0 0 1 1 2 35 51 51 51 51 51 51 51 51 51 51 51 51 51 51 51 51 51 51 17 15 15 15 15 15 15 15 15 15 15 
15 15 15 15 15 15 15 15 15 15 15 15 15 15 15 15 15 15 0 0 0 0 1 0 0 0 1 1 2 1 0 0 0 0 0 0 0 0 0 0 0 1 1 1 1 1 1 1 1 1 34 51 51 51 51 51 51 51 51 51 51 51 51 51 51 51 51 51 51 17 15 15 15 15 15 15 15 15 15 15 
15 15 15 15 15 15 15 15 15 15 15 15 15 15 15 15 15 15 15 0 0 0 1 1 0 0 1 1 2 1 0 0 0 0 0 0 0 0 0 0 1 1 1 1 3 2 1 1 2 1 0 34 51 51 51 51 51 51 51 51 51 51 51 51 51 51 51 51 51 17 15 15 15 15 15 15 15 15 15 15 
15 15 15 15 15 15 15 15 15 15 15 15 15 15 15 15 15 15 15 0 0 1 1 1 0 1 1 1 2 1 0 0 0 0 0 0 0 0 0 0 1 0 0 1 4 4 1 1 1 0 0 34 51 51 51 51 51 51 51 51 51 51 51 51 51 51 51 51 51 17 15 15 15 15 15 15 15 15 15 15 
15 15 15 15 15 15 15 15 15 15 15 15 15 15 15 15 15 15 15 15 0 1 1 1 1 1 1 0 0 1 0 0 0 1 0 0 0 0 0 1 1 0 0 0 2 1 1 1 1 1 0 0 34 51 51 51 51 51 51 51 51 51 51 51 51 51 51 51 51 17 15 15 15 15 15 15 15 15 15 15 
15 15 15 15 15 15 15 15 15 15 15 15 15 15 15 15 15 15 15 15 15 1 0 0 1 1 0 0 0 1 1 0 0 1 0 0 0 0 1 1 0 0 0 0 1 0 0 1 1 1 1 0 34 51 51 51 51 51 51 51 51 51 51 51 51 51 51 51 51 17 15 15 15 15 15 15 15 15 15 15 
15 15 15 15 15 15 15 15 15 15 15 15 15 15 15 15 15 15 15 15 15 1 0 0 0 0 0 0 0 1 1 0 0 1 1 1 1 2 2 2 0 0 0 0 0 0 0 1 1 1 0 0 34 51 51 51 51 51 51 51 51 51 51 51 51 51 51 51 51 17 15 15 15 15 15 15 15 15 15 15 
15 15 15 15 15 15 15 15 15 15 15 15 15 15 15 15 15 15 15 15 15 16 1 1 1 0 0 0 2 3 1 0 1 3 2 2 2 3 3 2 1 0 0 0 0 0 1 1 1 1 0 0 0 34 51 51 51 51 51 51 51 51 51 51 51 51 51 51 51 17 15 15 15 15 15 15 15 15 15 15 
15 15 15 15 15 15 15 15 15 15 15 15 15 15 15 15 15 15 15 15 15 15 1 1 0 0 0 0 3 3 1 0 1 4 3 3 3 4 4 3 1 0 0 0 0 0 1 0 0 0 0 0 0 34 51 51 51 51 51 51 51 51 51 51 51 51 51 51 51 17 15 15 15 15 15 15 15 15 15 15 
15 15 15 15 15 15 15 15 15 15 15 15 15 15 15 15 15 15 15 15 15 15 16 1 0 0 0 0 1 2 0 0 0 2 2 2 2 3 2 2 2 2 0 0 0 0 0 0 0 0 0 0 0 34 51 51 51 51 51 51 51 51 51 51 51 51 51 51 51 17 15 15 15 15 15 15 15 15 15 15 
15 15 15 15 15 15 15 15 15 15 15 15 15 15 15 15 15 15 15 15 15 15 15 1 0 0 0 0 0 0 0 0 0 0 1 1 1 1 0 0 3 4 1 0 0 0 0 0 0 0 0 0 0 0 34 51 51 51 51 51 51 51 51 51 51 51 51 51 51 17 15 15 15 15 15 15 15 15 15 15 
15 15 15 15 15 15 15 15 15 15 15 15 15 15 15 15 15 15 15 15 15 15 15 17 1 0 0 0 0 0 0 0 0 0 0 1 1 0 0 0 2 3 1 0 0 0 0 0 0 0 0 0 0 0 34 51 51 51 51 51 51 51 51 51 51 51 51 51 51 17 15 15 15 15 15 15 15 15 15 15 
15 15 15 15 15 15 15 15 15 15 15 15 15 15 15 15 15 15 15 15 15 15 15 16 1 0 0 0 1 0 0 0 0 1 0 0 1 1 2 1 1 2 1 0 0 0 0 0 0 0 0 1 0 0 0 34 51 51 51 51 51 51 51 51 51 51 51 51 51 17 15 15 15 15 15 15 15 15 15 15 
15 15 15 15 15 15 15 15 15 15 15 15 15 15 15 15 15 15 15 15 15 15 15 15 17 1 0 0 1 0 0 0 0 1 0 0 0 0 3 1 0 0 1 0 0 0 0 0 0 0 0 1 0 0 1 34 51 51 51 51 51 51 51 51 51 51 51 51 51 17 15 15 15 15 15 15 15 15 15 15 
15 15 15 15 15 15 15 15 15 15 15 15 15 15 15 15 15 15 15 15 15 15 15 15 16 1 0 0 0 0 0 0 0 0 0 0 0 0 3 1 0 0 0 0 0 0 0 0 0 0 0 1 1 1 1 34 51 51 51 51 51 51 51 51 51 51 51 51 51 17 15 15 15 15 15 15 15 15 15 15 
15 15 15 15 15 15 15 15 15 15 15 15 15 15 15 15 15 15 15 15 15 15 15 15 15 17 0 0 0 0 0 0 0 0 0 0 0 0 3 1 0 0 0 0 0 0 0 0 0 0 0 0 1 2 1 7 37 51 51 51 51 51 51 51 51 51 51 51 51 17 15 15 15 15 15 15 15 15 15 15 
15 15 15 15 15 15 15 15 15 15 15 15 15 15 15 15 15 15 15 15 15 15 15 15 15 17 1 1 0 0 0 0 0 0 0 0 0 0 2 1 0 0 0 0 0 0 1 2 1 0 0 0 0 1 1 6 37 51 51 51 51 51 51 51 51 51 51 51 51 17 15 15 15 15 15 15 15 15 15 15 
15 15 15 15 15 15 15 15 15 15 15 15 15 15 15 15 15 15 15 15 15 15 15 15 15 16 18 2 0 0 0 0 0 0 0 0 0 0 0 0 0 0 0 0 0 0 2 5 2 0 0 0 0 0 0 2 3 35 51 51 51 51 51 51 51 51 51 51 51 17 15 15 15 15 15 15 15 15 15 15 
15 15 15 15 15 15 15 15 15 15 15 15 15 15 15 15 15 15 15 15 15 15 15 15 15 15 18 2 1 1 1 0 0 0 0 0 0 0 0 0 0 0 0 0 0 0 3 7 3 0 0 0 0 0 0 0 0 34 51 51 51 51 51 51 51 51 51 51 51 17 15 15 15 15 15 15 15 15 15 15 
15 15 15 15 15 15 15 15 15 15 15 15 15 15 15 15 15 15 15 15 15 15 15 15 15 15 17 2 1 4 3 0 0 0 0 0 0 0 0 0 0 0 0 1 1 1 2 5 6 2 1 1 0 0 0 0 0 34 51 51 51 51 51 51 51 51 51 51 51 17 15 15 15 15 15 15 15 15 15 15 
15 15 15 15 15 15 15 15 15 15 15 15 15 15 15 15 15 15 15 15 15 15 15 15 15 15 16 18 1 7 6 1 0 0 0 0 0 0 0 0 0 0 0 1 3 2 1 3 8 4 2 2 0 0 0 0 2 3 35 51 51 51 51 51 51 51 51 51 51 17 15 15 15 15 15 15 15 15 15 15 
15 15 15 15 15 15 15 15 15 15 15 15 15 15 15 15 15 15 15 15 15 15 15 15 16 17 1 6 5 1 0 0 0 0 0 0 0 0 0 0 0 1 2 1 0 2 7 3 1 2 0 0 0 0 1 2 34 51 51 51 51 51 51 51 51 51 51 17 15 15 15 15 15 15 15 15 15 15 15 15 
15 15 15 15 15 15 15 15 15 15 15 15 15 15 15 15 15 15 15 15 15 15 15 15 16 16 19 5 4 1 0 0 0 1 1 0 0 0 0 0 0 0 1 0 0 1 4 2 1 1 0 0 0 0 1 1 0 34 51 51 51 51 51 51 51 51 51 17 15 15 15 15 15 15 15 15 15 15 15 15 
15 15 15 15 15 15 15 15 15 15 15 15 15 15 15 15 15 15 15 15 15 15 15 15 16 16 19 4 3 0 0 0 0 1 1 1 0 0 0 1 0 0 0 0 0 0 1 0 0 0 0 0 0 0 0 0 1 34 51 51 51 51 51 51 51 51 51 17 15 15 15 15 15 15 15 15 15 15 15 15 
15 15 15 15 15 31 25 15 15 15 15 15 15 15 15 15 15 15 15 15 15 15 15 15 16 16 18 2 1 0 0 1 2 1 1 0 0 0 1 1 0 0 0 0 0 0 1 0 0 0 0 0 0 0 0 2 6 36 51 51 51 51 51 51 51 51 51 17 15 15 15 173 80 98 96 63 64 80 78 74 
75 38 15 56 82 83 77 73 75 79 62 69 78 43 17 15 20 18 52 39 15 52 39 53 39 54 41 41 46 47 66 64 41 1 0 0 0 0 2 2 0 0 1 0 0 1 0 0 0 0 0 0 0 0 0 3 11 6 34 173 112 53 52 51 51 108 79 17 15 15 15 15 15 21 189 207 95 69 112 82 
76 41 15 20 55 81 74 66 76 56 61 47 58 38 15 15 20 18 15 15 15 15 15 15 21 19 43 33 42 42 42 59 18 1 0 0 0 0 1 2 0 0 1 0 0 1 0 0 0 1 1 0 0 0 0 2 9 5 34 51 51 51 187 255 119 171 127 25 15 15 15 185 142 67 67 37 15 57 42 15 
15 15 15 54 79 40 15 15 15 15 15 15 52 38 15 15 40 31 43 33 15 42 33 43 34 46 38 54 43 49 65 65 40 1 1 1 1 0 0 1 1 0 1 1 0 0 0 0 1 2 2 1 0 0 0 1 5 3 1 34 51 51 51 51 51 51 51 17 15 15 15 15 15 15 15 15 15 15 15 15 
15 15 15 15 15 15 15 15 15 15 15 15 15 15 15 15 15 15 15 15 15 15 15 15 16 16 17 1 0 0 1 2 0 1 1 1 1 0 1 1 1 0 2 1 0 0 0 1 3 3 2 1 0 1 0 1 2 0 1 51 51 51 51 51 51 51 51 15 15 15 15 39 78 15 77 29 67 84 84 74 
83 84 80 17 83 83 58 41 76 15 15 15 15 15 15 82 17 15 15 102 91 101 15 15 94 16 17 19 0 1 1 1 95 0 1 1 0 0 1 1 0 1 1 0 0 0 0 3 2 2 2 1 1 0 0 0 1 0 1 51 51 51 51 51 51 51 51 15 15 15 15 59 15 15 15 41 24 84 84 15 
36 84 24 49 18 17 58 45 15 15 15 15 15 15 15 15 74 15 15 102 15 15 15 102 17 16 17 18 0 1 2 102 1 0 1 1 0 0 1 1 0 1 0 0 0 1 0 4 2 1 1 2 1 0 0 0 0 0 1 51 51 51 51 51 51 51 51 15 15 15 15 43 64 15 15 15 15 15 15 15 
15 57 42 15 15 15 15 15 15 15 15 16 16 19 17 52 43 17 15 66 51 15 15 15 15 16 16 17 18 1 1 0 51 51 0 1 0 0 0 1 1 1 0 0 0 1 1 2 1 0 0 1 1 0 0 0 0 0 0 34 51 51 51 51 51 51 51 51 51 51 51 51 51 51 51 51 51 51 51 51 
51 51 51 51 51 51 51 51 51 51 51 51 51 51 51 51 51 51 51 51 51 51 51 51 51 51 51 51 51 51 51 51 51 51 51 51 51 51 51 51 51 51 51 51 51 51 51 51 51 51 51 51 51 51 51 51 51 51 51 51 51 51 51 51 51 51 51 51 51 51 51 51 51 51 51 51 51 51 51 51 
51 51 51 51 51 51 51 51 51 51 51 51 51 51 51 51 51 51 51 51 51 51 51 51 51 51 51 51 51 51 51 51 51 51 51 51 51 51 51 51 51 51 51 51 51 51 51 51 51 51 51 51 51 51 51 51 51 51 51 51 51 51 51 51 51 51 51 51 51 51 51 51 51 51 51 51 51 51 51 51 
51 51 51 51 51 51 51 51 51 51 51 51 51 51 51 51 51 51 51 51 51 51 51 51 51 51 51 51 51 51 51 51 51 51 51 51 51 51 51 51 51 51 51 51 51 51 51 51 51 51 51 51 51 51 51 51 51 51 51 51 51 51 51 51 51 51 51 51 51 51 51 51 51 51 51 51 51 51 51 51 
51 51 51 51 51 51 51 51 51 51 51 51 51 51 51 51 51 51 51 51 51 51 51 51 51 51 51 51 51 51 51 51 51 51 51 51 51 51 51 51 51 51 51 51 51 51 51 51 51 51 51 51 51 51 51 51 51 51 51 51 51 51 51 51 51 51 51 51 51 51 51 51 51 51 51 51 51 51 51 51 
51 51 51 51 51 51 51 51 51 51 51 51 51 51 51 51 51 51 51 51 51 51 51 51 51 51 51 51 51 51 51 51 51 51 51 51 51 51 51 51 51 51 51 51 51 51 51 51 51 51 51 51 51 51 51 51 51 51 51 51 51 51 51 51 51 51 51 51 51 51 51 51 51 51 51 51 51 51 51 51 
51 51 51 51 51 51 51 51 51 51 51 51 51 51 51 51 51 51 51 51 51 51 51 51 51 51 51 51 51 51 51 51 51 51 51 51 51 51 51 51 51 51 51 51 51 51 51 51 51 51 51 51 51 51 51 51 51 51 51 51 51 51 51 51 51 51 51 51 51 51 51 51 51 51 51 51 51 51 51 51 
51 51 51 51 51 51 51 51 51 51 51 51 51 51 51 51 51 51 51 51 51 51 51 51 51 51 51 51 51 51 51 51 51 51 51 51 51 51 51 51 51 51 51 51 51 51 51 51 51 51 51 51 51 51 51 51 51 51 51 51 51 51 51 51 51 51 51 51 51 51 51 51 51 51 51 51 51 51 51 51 
51 51 51 51 51 51 51 51 51 51 51 51 51 51 51 51 51 51 51 51 51 51 51 51 51 51 51 51 51 51 51 51 51 51 51 51 51 51 51 51 51 51 51 51 51 51 51 51 51 51 51 51 51 51 51 51 51 51 51 51 51 51 51 51 51 51 51 51 51 51 51 51 51 51 51 51 51 51 51 51 
51 51 51 51 51 51 51 51 51 51 51 51 51 51 51 51 51 51 51 51 51 51 51 51 51 51 51 51 51 51 51 51 51 51 51 51 51 51 51 51 51 51 51 51 51 51 51 51 51 51 51 51 51 51 51 51 51 51 51 51 51 51 51 51 51 51 51 51 51 51 51 51 51 51 51 51 51 51 51 51 
51 51 51 51 51 51 51 51 51 51 51 51 51 51 51 51 51 51 51 51 51 51 51 51 51 51 51 51 51 51 51 51 51 51 51 51 51 51 51 51 51 51 51 51 51 51 51 51 51 51 51 51 51 51 51 51 51 51 51 51 51 51 51 51 51 51 51 51 51 51 51 51 51 51 51 51 51 51 51 51 
51 51 51 51 51 51 51 51 51 51 51 51 51 51 51 51 51 51 51 51 51 51 51 51 51 51 51 51 51 51 51 51 51 51 51 51 51 51 51 51 51 51 51 51 51 51 51 51 51 51 51 51 51 51 51 51 51 51 51 51 51 51 51 51 51 51 51 51 51 51 51 51 51 51 51 51 51 51 51 51 
51 51 51 51 51 51 51 51 51 51 51 51 51 51 51 51 51 51 51 51 51 51 51 51 51 51 51 51 51 51 51 51 51 51 51 51 51 51 51 51 51 51 51 51 51 51 51 51 51 51 51 51 51 51 51 51 51 51 51 51 51 51 51 51 51 51 51 51 51 51 51 51 51 51 51 51 51 51 51 51 
51 51 51 51 51 51 51 51 51 51 51 51 51 51 51 51 51 51 51 51 51 51 51 51 51 51 51 51 51 51 51 51 51 51 51 51 51 51 51 51 51 51 51 51 51 51 51 51 51 51 51 51 51 51 51 51 51 51 51 51 51 51 51 51 51 51 51 51 51 51 51 51 51 51 51 51 51 51 51 51 
51 51 51 51 51 51 51 51 51 51 51 51 51 51 51 51 51 51 51 51 51 51 51 51 51 51 51 51 51 51 51 51 51 51 51 51 51 51 51 51 51 51 51 51 51 51 51 51 51 51 51 51 51 51 51 51 51 51 51 51 51 51 51 51 51 51 51 51 51 51 51 51 51 51 51 51 51 51 51 51 
51 51 51 51 51 51 51 51 51 51 51 51 51 51 51 51 51 51 51 51 51 51 51 51 51 51 51 51 51 51 51 51 51 51 51 51 51 51 51 51 51 51 51 51 51 51 51 51 51 51 51 51 51 51 51 51 51 51 51 51 51 51 51 51 51 51 51 51 51 51 51 51 51 51 51 51 51 51 51 51 
51 51 51 51 51 51 51 51 51 51 51 51 51 51 51 51 51 51 51 51 51 51 51 51 51 51 51 51 51 51 51 51 51 51 51 51 51 51 51 51 51 51 51 51 51 51 51 51 51 51 51 51 51 51 51 51 51 51 51 51 51 51 51 51 51 51 51 51 51 51 51 51 51 51 51 51 51 51 51 51 
51 51 51 51 51 51 51 51 51 51 51 51 51 51 51 51 51 51 51 51 51 51 51 51 51 51 51 51 51 51 51 51 51 51 51 51 51 51 51 51 51 51 51 51 51 51 51 51 51 51 51 51 51 51 51 51 51 51 51 51 51 51 51 51 51 51 51 51 51 51 51 51 51 51 51 51 51 51 51 51 
51 51 51 51 51 51 51 51 51 51 51 51 51 51 51 51 51 51 51 51 51 51 51 51 51 51 51 51 51 51 51 51 51 51 51 51 51 51 51 51 51 51 51 51 51 51 51 51 51 51 51 51 51 51 51 51 51 51 51 51 51 51 51 51 51 51 51 51 51 51 51 51 51 51 51 51 51 51 51 51 
