116 116 116 116 116 116 116 117 117 117 117 117 117 117 118 118 119 119 120 121 122 122 122 122 122 122 122 122 123 123 123 123 123 123 123 123 123 123 123 123 123 123 122 122 122 122 121 121 121 121 120 120 119 119 119 119 119 120 120 120 120 120 120 120 120 121 121 121 121 122 122 122 123 123 123 124 124 124 124 125 
116 116 116 116 116 116 116 116 116 116 116 117 117 117 117 117 117 118 119 120 121 121 121 121 121 121 121 121 121 121 122 122 122 122 122 122 122 122 122 122 122 121 121 121 121 120 120 120 120 120 119 119 118 118 118 118 118 118 118 118 119 119 119 119 119 119 120 120 120 120 121 121 121 122 122 122 122 123 123 124 
116 116 116 116 116 116 116 116 116 116 116 116 116 116 116 116 116 117 117 118 119 120 120 120 120 120 120 120 120 120 120 121 121 121 121 121 121 121 121 121 120 120 120 120 120 119 119 119 119 119 118 118 117 117 117 117 117 117 117 117 117 117 117 117 118 118 118 119 119 119 119 120 120 120 120 121 121 122 122 122 
116 116 116 115 115 115 115 115 115 115 115 115 115 115 115 115 116 116 116 116 117 118 118 119 119 119 119 119 119 119 119 119 119 119 120 120 120 120 120 119 119 119 119 119 119 119 118 118 118 118 117 117 117 116 116 116 116 115 115 115 115 116 116 116 116 116 117 117 117 118 118 118 118 118 119 119 120 120 120 121 
116 116 116 115 115 115 115 115 115 115 115 115 115 115 115 115 115 115 115 115 115 116 117 117 117 117 118 118 118 118 118 118 118 118 118 118 118 118 118 118 118 118 118 118 118 118 117 117 117 117 117 116 116 116 115 115 115 114 114 114 114 114 114 114 114 115 115 115 115 116 116 116 116 117 117 118 118 118 119 119 
116 116 115 115 115 115 115 115 114 114 114 114 114 114 114 114 114 114 114 114 114 115 115 116 116 116 116 116 116 117 117 117 117 117 117 117 117 117 117 117 117 117 117 117 117 117 117 116 116 116 116 115 115 115 115 114 114 113 113 113 113 112 112 112 112 113 113 113 113 113 113 114 114 115 115 116 117 117 118 118 
119 118 115 115 115 115 115 114 114 114 114 114 114 113 113 113 113 113 113 113 114 114 114 114 115 115 115 115 115 115 115 115 115 116 116 116 116 116 116 116 116 116 116 116 116 116 116 115 115 115 115 115 115 114 114 114 113 113 113 113 112 112 112 111 111 111 110 110 111 111 111 112 113 114 114 115 116 116 117 117 
119 118 118 118 117 117 117 116 116 116 115 115 115 115 115 115 114 114 115 115 115 115 115 116 116 116 116 117 117 117 117 117 117 117 117 117 117 117 117 117 117 117 117 117 117 117 117 117 117 117 117 117 116 116 116 115 115 115 115 115 114 114 114 113 113 112 112 111 111 111 112 113 114 115 116 117 118 118 119 120 
119 118 118 118 117 117 117 116 116 115 115 115 114 114 114 114 114 114 114 114 115 115 115 115 116 116 116 116 116 117 117 117 117 117 117 117 117 117 117 117 117 117 117 117 117 117 117 117 117 117 117 117 116 116 116 116 115 115 115 115 115 114 114 114 113 113 112 112 113 113 114 114 115 115 116 117 118 119 120 120 
118 118 118 118 118 117 117 117 116 116 115 115 115 114 114 114 113 114 114 114 114 114 115 115 115 116 116 116 116 117 117 117 117 117 117 117 118 118 118 117 117 117 117 117 117 117 117 117 117 117 117 117 117 116 116 116 116 116 115 115 115 115 114 114 113 113 113 114 114 115 115 116 117 117 118 118 119 120 121 121 
118 118 118 118 118 118 118 118 117 117 116 116 116 115 115 114 114 114 114 114 114 114 114 114 115 115 116 116 116 116 117 117 117 117 117 118 118 118 118 118 118 118 118 118 118 118 118 118 117 117 117 117 117 117 117 117 116 116 116 115 115 115 115 114 115 115 115 116 116 117 117 118 119 119 120 121 121 122 123 124 
118 118 118 118 118 118 118 118 118 118 117 117 116 116 116 116 115 115 115 115 115 115 115 115 115 115 116 116 116 116 117 117 117 117 118 118 118 118 118 118 119 119 119 119 119 119 119 118 118 118 118 118 118 118 118 117 117 116 116 116 116 116 116 116 116 117 117 117 118 118 119 119 120 121 122 122 122 123 123 124 
118 118 118 118 118 118 119 119 119 118 118 118 118 117 117 117 117 117 116 116 116 116 116 116 116 116 116 116 116 117 117 117 118 118 118 118 118 119 119 119 119 119 119 120 120 120 119 119 119 120 119 119 119 119 118 118 118 117 117 117 117 117 117 118 118 118 118 119 119 119 120 121 121 122 123 123 123 123 124 124 
118 118 118 118 118 118 118 119 119 119 119 119 119 119 119 119 118 118 118 118 117 117 117 117 117 117 117 117 117 117 118 118 118 118 119 119 119 120 120 120 120 120 121 121 121 121 121 121 121 121 121 121 120 120 119 119 119 119 119 119 119 119 119 119 119 119 120 120 120 120 121 122 122 123 123 123 124 124 124 125 
118 118 118 118 118 118 118 118 119 119 119 119 119 119 120 120 120 120 119 119 119 119 118 118 118 118 118 118 118 118 118 119 119 119 119 119 120 121 121 121 121 122 122 122 122 122 123 122 122 122 122 122 122 122 122 121 121 121 120 120 120 120 120 120 120 120 120 121 121 121 122 122 122 123 123 124 124 124 125 125 
117 118 118 118 118 118 119 119 119 119 120 120 120 120 120 120 120 119 119 119 119 119 119 119 119 119 119 118 118 119 119 119 120 120 120 120 120 121 121 122 122 122 123 123 124 124 124 124 124 125 124 124 124 124 123 123 122 122 122 121 121 121 121 121 121 121 121 121 121 122 122 122 123 123 124 124 124 125 125 125 
114 115 117 117 118 118 118 119 119 119 119 120 120 120 120 120 119 119 119 118 118 118 118 118 118 118 118 118 119 119 120 120 120 120 121 121 121 121 122 122 122 123 123 124 124 124 125 125 126 126 127 126 126 125 124 124 123 123 122 122 122 122 122 122 122 122 122 122 122 122 123 123 123 123 124 124 124 125 125 125 
112 113 115 117 117 118 118 118 119 119 119 120 120 120 120 119 119 118 117 117 117 116 116 116 116 116 116 116 117 117 118 119 119 120 121 121 121 121 122 123 123 123 124 124 125 125 125 126 127 127 126 126 126 125 125 124 124 123 123 123 122 122 122 122 122 122 122 123 123 123 123 124 124 124 124 124 124 124 124 124 
104 107 110 113 114 116 117 118 118 119 119 120 120 120 120 120 120 119 118 117 116 116 115 114 113 114 114 115 115 116 116 117 118 118 119 119 120 121 122 123 123 124 125 125 125 126 126 126 127 127 127 126 126 126 125 125 124 124 123 123 123 123 123 123 123 123 123 123 124 124 124 124 124 125 125 125 125 126 125 125 
94 97 101 104 107 109 111 113 115 116 117 118 119 120 120 121 121 120 120 119 119 118 117 116 116 115 115 115 114 114 114 115 115 116 117 118 119 120 121 122 123 124 125 125 126 126 127 127 127 127 127 127 127 126 126 126 125 125 125 124 124 124 124 124 124 124 124 124 125 125 126 126 127 127 128 128 128 128 128 128 
88 90 92 95 98 101 103 106 108 111 113 115 117 118 118 118 118 118 119 120 120 120 120 120 119 118 118 117 117 117 116 116 116 117 117 118 119 119 121 122 123 124 125 125 125 126 126 127 127 127 128 128 128 128 128 128 127 127 126 126 126 126 125 126 126 126 126 127 128 129 130 130 130 131 131 132 131 129 127 126 
88 87 87 88 89 90 93 95 98 101 104 107 110 112 113 114 115 116 116 117 117 117 118 118 118 119 119 119 120 120 119 119 118 118 118 118 119 120 120 121 122 123 124 125 125 126 126 127 127 128 128 127 127 127 127 127 127 128 128 128 127 127 127 126 127 126 127 127 128 129 130 132 132 131 129 127 126 124 123 122 
98 95 93 90 88 87 87 87 88 90 92 94 97 99 101 103 105 106 108 109 110 112 112 113 114 115 115 115 115 116 116 116 116 116 116 117 117 117 117 116 115 115 115 116 117 118 119 122 123 124 123 122 122 121 121 121 121 122 120 120 119 120 121 123 123 123 124 125 124 122 120 118 117 115 113 112 112 112 112 112 
101 101 101 101 100 97 95 93 91 88 86 83 82 83 87 91 93 96 98 100 101 101 103 104 105 106 107 108 109 109 110 110 110 110 111 111 110 108 106 104 103 101 98 97 98 97 96 97 98 99 100 102 104 106 107 106 103 100 98 96 96 97 98 100 101 101 101 101 101 99 97 95 93 91 90 89 89 88 88 87 
100 102 103 104 105 106 105 104 103 102 101 99 99 98 97 97 97 97 97 97 97 98 100 101 102 103 103 103 103 103 103 102 103 103 103 103 101 100 97 95 93 91 89 85 82 79 76 73 70 66 67 67 68 68 68 68 67 65 62 61 60 60 62 63 64 64 65 65 65 65 64 63 63 62 61 60 60 60 59 59 
103 98 99 104 105 107 107 107 108 108 108 108 107 105 104 102 103 103 104 105 105 105 105 104 104 103 102 101 101 101 101 101 102 103 103 104 104 104 102 99 95 90 85 81 75 70 67 63 59 55 51 48 44 41 37 34 35 36 37 38 39 38 37 36 35 34 34 36 38 38 39 39 39 38 38 41 43 44 46 48 
97 98 99 100 102 103 104 105 105 106 106 106 106 104 102 103 105 105 104 104 105 106 108 108 109 108 106 105 105 105 104 105 105 106 106 104 101 99 96 93 89 83 77 69 62 56 49 43 38 34 33 33 33 33 33 32 31 30 30 32 33 34 34 34 34 33 32 33 35 37 41 44 47 49 51 53 54 67 98 94 
86 87 90 92 94 97 99 102 103 103 104 105 105 106 106 107 107 106 107 105 106 108 109 111 112 112 111 111 111 111 111 109 106 103 101 99 96 94 89 81 74 67 60 54 47 41 40 39 38 38 37 36 36 36 37 38 39 40 40 41 41 42 43 44 46 47 49 50 53 53 53 53 53 53 53 53 53 53 53 53 
73 79 86 92 98 101 102 103 104 105 107 109 108 107 106 105 103 101 98 96 93 90 84 77 69 61 53 50 51 52 53 54 55 55 55 55 55 56 57 59 61 62 62 63 63 64 65 65 65 65 65 65 65 65 65 65 65 65 65 65 65 65 65 65 65 65 65 65 65 65 65 65 65 65 65 65 65 65 65 65 
84 83 81 77 73 69 66 68 71 74 77 78 77 75 73 71 72 76 75 74 71 68 67 65 65 65 64 64 64 64 64 63 63 63 63 63 63 63 63 63 63 63 63 63 63 63 63 63 63 63 63 63 63 63 63 63 63 63 63 63 63 63 63 63 63 63 63 63 63 63 63 63 63 63 63 63 63 63 63 63 
95 94 94 87 80 74 69 69 69 69 69 69 69 69 69 69 69 69 69 69 69 69 69 69 69 69 69 69 69 69 69 69 69 69 69 69 69 69 69 69 69 69 69 69 69 69 69 69 69 69 69 69 69 69 69 69 69 69 69 69 69 69 69 69 69 69 69 69 69 69 69 69 69 69 69 69 69 69 69 69 
92 87 80 74 68 62 57 52 50 49 50 50 50 50 50 50 50 50 50 50 50 50 50 50 50 50 50 50 50 50 50 50 50 50 50 50 50 50 50 50 50 50 50 50 50 50 50 50 50 50 50 50 50 50 50 50 50 50 50 50 50 50 50 50 50 50 50 50 50 50 50 50 50 50 50 50 50 50 50 50 
80 64 52 52 52 52 52 52 52 52 52 52 52 52 52 52 52 52 52 52 52 52 52 52 52 52 52 52 52 52 52 52 52 52 52 52 52 52 52 52 52 52 52 52 52 52 52 52 52 52 52 52 52 52 52 52 52 52 52 52 52 52 52 52 52 52 52 52 52 52 52 52 52 52 52 52 52 52 52 52 
82 82 82 81 77 73 69 66 63 61 59 60 60 2 0 0 1 2 0 0 2 2 1 0 0 1 1 0 1 2 8 10 1 2 1 1 1 0 2 1 0 0 79 80 80 79 78 72 77 74 75 76 84 77 85 77 70 80 93 106 120 113 107 101 95 91 89 70 72 85 84 81 86 84 75 67 67 67 67 67 
77 72 47 2 0 0 0 1 0 0 1 0 0 0 0 0 0 0 0 4 6 3 1 0 0 1 0 0 1 0 0 0 0 0 0 30 81 81 82 83 90 93 92 91 90 89 83 64 56 63 73 82 85 86 88 85 81 77 72 67 66 67 80 89 88 80 76 76 76 76 76 76 76 76 76 76 76 76 76 76 
0 0 0 0 0 0 0 0 1 1 1 0 0 0 0 0 0 1 1 0 0 0 0 0 0 0 0 0 13 78 80 82 78 87 95 99 98 98 98 93 81 66 57 65 73 78 74 68 61 56 61 67 74 80 89 95 97 98 95 90 83 76 73 74 75 75 74 72 70 70 70 70 70 70 70 70 70 70 70 70 
0 0 0 0 0 0 2 1 0 0 0 0 0 1 1 0 1 0 0 0 1 73 77 79 83 83 86 93 98 95 91 93 98 98 96 91 94 100 106 106 104 102 102 99 97 98 100 101 103 102 101 99 97 93 90 86 78 78 78 78 78 78 78 78 78 78 78 78 78 78 78 78 78 78 78 78 78 78 78 78 
0 0 0 1 0 0 0 0 0 2 2 1 0 0 28 78 80 84 85 86 88 91 99 100 86 63 67 84 97 104 110 113 109 102 85 85 90 92 85 89 103 115 120 123 125 122 118 113 108 103 60 1 0 0 0 0 0 1 1 1 0 0 0 0 0 0 0 0 0 0 0 0 0 0 0 0 0 0 1 0 
0 0 0 1 0 0 0 1 1 2 1 0 0 0 0 28 80 79 75 84 89 87 85 95 111 111 96 80 76 82 93 102 109 112 107 85 70 65 61 60 61 71 86 101 107 111 114 114 114 114 65 0 0 0 1 1 1 1 0 0 1 0 0 0 0 0 0 0 0 0 0 0 1 0 0 0 0 0 0 0 
0 0 0 1 1 0 0 1 1 2 1 0 0 0 0 0 0 29 80 79 80 89 90 88 88 92 105 110 103 90 79 75 84 95 108 76 105 100 99 92 87 83 81 82 85 89 93 96 100 104 62 1 1 1 1 1 1 1 0 0 0 0 0 0 0 0 0 0 0 0 0 0 1 0 0 0 0 0 0 0 
0 0 1 1 1 0 1 1 1 2 1 0 0 0 0 0 0 0 29 82 70 68 86 93 89 91 90 92 102 108 105 91 76 71 100 80 80 78 112 114 115 113 108 103 97 89 82 80 80 82 55 2 1 1 1 1 1 1 0 0 0 0 0 0 0 0 0 0 0 0 0 0 1 1 0 0 0 0 0 0 
0 0 1 1 1 1 1 1 0 0 1 0 0 0 1 0 0 0 0 0 29 81 78 81 90 91 90 88 92 94 99 107 104 90 105 80 80 62 94 102 109 114 119 114 102 93 88 83 78 74 52 3 1 0 0 0 0 1 1 0 0 0 0 0 1 0 0 0 0 0 0 0 0 1 0 0 0 0 0 0 
0 0 1 0 0 1 1 0 0 0 1 1 0 0 1 0 0 0 0 1 1 30 81 79 77 88 91 75 92 97 89 87 90 91 107 80 80 51 71 77 95 111 116 117 117 112 103 91 79 75 75 75 75 75 75 75 75 75 75 75 75 75 75 75 75 75 75 75 75 75 75 75 75 75 75 75 75 75 75 75 
2 0 0 2 3 2 2 3 3 2 1 0 0 13 79 81 73 76 79 70 74 77 70 60 60 60 60 60 60 60 60 60 60 60 60 60 60 60 60 60 60 60 60 60 60 60 60 60 60 60 60 60 60 60 60 60 60 60 60 60 60 60 60 60 60 60 60 60 60 60 60 60 60 60 60 60 60 60 60 60 
3 2 0 0 0 1 80 100 78 69 80 73 81 80 66 66 90 65 75 84 69 54 49 45 81 109 104 102 102 3 1 0 0 0 0 0 0 0 0 2 1 0 0 1 0 0 0 0 1 0 0 0 0 0 1 1 0 1 2 0 0 0 1 2 0 0 0 1 0 0 0 0 0 1 1 2 1 1 0 0 
5 4 0 0 0 0 0 78 89 88 73 79 86 70 66 66 80 66 71 84 91 83 73 61 48 95 130 102 86 2 1 0 0 0 0 0 0 0 1 2 1 0 0 1 0 1 0 0 1 0 0 0 0 0 1 1 0 1 2 1 1 0 1 2 1 0 0 1 0 0 0 0 0 0 1 1 1 0 1 0 
4 3 0 0 0 0 0 0 77 86 94 80 75 97 65 195 75 98 91 84 90 104 122 114 86 48 62 93 83 1 0 0 1 1 0 0 0 0 1 2 1 0 0 1 1 1 1 0 0 0 0 0 0 0 2 1 0 0 1 1 1 1 0 1 1 0 0 1 1 0 0 0 1 1 0 1 1 1 3 0 
2 2 1 0 0 0 0 0 0 76 81 94 84 72 98 96 52 52 69 95 97 92 97 104 122 111 89 57 49 1 0 1 1 1 0 0 0 0 1 2 1 0 0 1 1 2 1 0 0 0 0 0 0 0 2 1 0 0 0 2 2 1 0 1 2 1 0 1 1 0 0 0 1 1 0 1 0 1 4 0 
0 1 1 0 0 1 0 0 0 0 1 77 95 89 68 78 52 52 103 34 60 81 89 99 111 118 114 99 64 0 1 1 1 1 1 0 0 0 1 1 1 0 0 1 1 1 0 0 0 0 0 0 0 0 1 1 1 1 1 1 1 1 1 1 1 1 0 0 0 0 0 0 0 0 0 0 0 1 4 0 
0 0 1 0 0 0 0 0 0 0 1 1 77 84 93 74 52 52 91 64 43 32 58 75 82 77 103 116 106 0 1 2 2 2 1 0 0 0 0 0 0 0 0 0 2 1 0 0 1 0 0 0 0 0 0 1 1 2 1 0 0 1 1 1 1 1 0 0 0 0 0 0 0 0 0 0 0 1 4 0 
0 0 0 0 0 0 0 0 0 0 0 1 12 74 85 94 131 141 77 84 71 55 48 48 48 48 48 48 48 48 48 48 48 48 48 48 48 48 48 48 48 48 48 48 48 48 48 48 48 48 48 48 48 48 48 48 48 48 48 48 48 48 48 48 48 48 48 48 48 48 48 48 48 48 48 48 48 48 48 48 
0 0 1 0 69 74 87 96 41 41 72 78 70 69 90 109 93 80 2 1 1 1 1 2 1 1 1 2 0 0 8 12 2 2 0 0 0 1 0 0 0 2 5 1 0 0 0 1 1 0 0 1 2 3 2 2 3 0 2 1 0 0 0 0 0 0 0 0 0 0 0 1 0 0 0 5 8 1 0 0 
0 0 0 0 0 75 71 82 41 41 71 65 84 75 70 79 88 102 1 1 1 2 1 2 2 1 1 1 1 0 5 7 1 3 1 0 0 1 0 1 1 1 3 0 0 0 0 1 1 0 0 1 2 2 2 2 2 1 6 2 0 0 0 0 0 0 0 0 0 0 0 1 1 2 1 3 6 6 1 1 
1 0 0 0 0 1 2 70 187 113 57 52 84 90 88 71 72 82 0 1 2 2 0 2 2 1 1 0 1 1 1 1 1 5 2 0 0 1 0 1 1 1 1 0 0 0 1 0 1 0 0 1 1 2 2 2 1 1 10 4 0 0 0 0 0 0 0 0 0 1 0 1 2 4 1 1 4 10 1 3 
0 0 1 3 3 1 69 71 78 88 100 98 99 101 85 67 0 1 2 1 0 1 2 1 0 0 1 1 1 0 0 4 1 0 0 1 0 2 3 2 0 0 0 0 1 1 1 0 0 1 1 1 2 2 1 1 9 4 0 0 0 0 1 0 0 0 0 1 0 0 2 3 1 0 3 9 1 2 2 0 
0 0 1 2 2 1 6 70 52 72 51 88 96 94 83 100 0 0 1 1 0 1 2 1 0 0 0 2 1 0 0 2 1 0 0 0 0 3 4 3 0 0 0 0 1 2 0 0 0 0 0 1 1 2 2 1 8 3 0 0 0 1 1 1 0 0 0 1 0 0 1 1 0 0 2 5 1 1 1 0 
0 0 1 1 1 0 2 2 70 62 68 51 51 89 56 54 0 0 0 0 1 0 2 1 0 0 0 2 1 0 0 0 1 1 1 0 0 3 4 3 0 0 0 1 2 3 1 0 0 0 0 0 1 2 2 2 6 2 0 1 0 1 2 1 1 0 0 1 1 0 0 0 0 0 1 2 0 1 0 0 
0 0 1 0 1 2 0 1 51 63 58 67 68 77 91 96 2 1 0 1 3 2 1 1 0 0 0 1 1 1 0 0 0 2 33 0 0 2 2 2 0 0 0 1 2 3 2 0 0 0 0 0 1 2 2 1 3 1 0 1 2 2 1 1 0 0 0 2 1 0 0 0 0 0 1 1 0 0 0 0 
0 0 0 0 3 8 1 1 1 1 71 67 67 67 67 67 67 67 67 67 67 67 67 67 67 67 67 67 67 67 67 67 67 67 67 67 67 67 67 67 67 67 67 67 67 67 67 67 67 67 67 67 67 67 67 67 67 67 67 67 67 67 67 67 67 67 67 67 67 67 67 67 67 67 67 67 67 67 67 67 
187 255 119 170 131 26 1 0 0 170 142 57 62 34 0 42 43 1 1 1 0 39 79 41 0 0 0 0 1 0 37 37 0 1 26 26 29 28 0 28 28 29 30 31 34 38 43 49 65 65 40 1 1 1 1 0 0 1 1 0 1 1 0 0 0 0 1 2 2 1 0 0 0 1 5 3 1 34 51 17 
2 1 29 79 38 41 0 0 0 2 1 0 0 0 0 0 1 1 1 1 0 0 0 1 0 0 0 1 1 0 0 0 0 1 1 1 1 0 0 1 2 2 1 0 0 1 0 0 0 1 0 0 1 1 1 0 0 1 1 0 1 1 0 0 0 0 2 3 2 1 0 0 0 0 1 0 0 1 1 0 
2 1 0 32 75 46 0 0 0 16 54 38 38 47 40 74 84 78 78 84 82 41 43 83 68 42 53 37 1 13 13 41 55 15 1 1 0 51 95 95 51 1 46 46 0 1 0 0 1 1 48 47 0 1 0 0 0 1 0 0 1 0 0 0 0 2 2 2 2 1 1 0 0 0 0 0 0 34 51 48 
37 11 0 0 33 33 0 0 0 27 27 0 0 16 21 47 84 42 14 55 48 26 25 8 29 44 18 0 0 0 0 5 47 42 0 1 0 51 51 0 0 51 51 0 0 1 0 0 1 51 51 0 0 1 0 0 0 1 0 0 0 0 0 0 0 2 2 1 1 1 1 0 0 0 0 0 0 34 51 46 
40 21 0 0 17 32 0 0 0 1 36 60 0 0 0 0 1 0 0 0 85 0 1 3 2 0 0 0 0 0 53 82 80 34 1 1 0 0 102 0 0 0 0 0 1 1 1 1 1 0 0 102 0 1 0 0 0 1 1 1 0 0 0 1 1 1 2 0 0 1 1 0 0 0 0 0 0 17 51 34 
1 1 0 0 1 2 2 2 2 2 2 2 2 2 2 2 2 2 2 2 2 2 2 2 2 2 2 2 2 2 2 2 2 2 2 2 2 2 2 2 2 2 2 2 2 2 2 2 2 2 2 2 2 2 2 2 2 2 2 2 2 2 2 2 2 2 2 2 2 2 2 2 2 2 2 2 2 2 2 2 
2 2 2 2 2 2 2 2 2 2 2 2 2 2 2 2 2 2 2 2 2 2 2 2 2 2 2 2 2 2 2 2 2 2 2 2 2 2 2 2 2 2 2 2 2 2 2 2 2 2 2 2 2 2 2 2 2 2 2 2 2 2 2 2 2 2 2 2 2 2 2 2 2 2 2 2 2 2 2 2 
2 2 2 2 2 2 2 2 2 2 2 2 2 2 2 2 2 2 2 2 2 2 2 2 2 2 2 2 2 2 2 2 2 2 2 2 2 2 2 2 2 2 2 2 2 2 2 2 2 2 2 2 2 2 2 2 2 2 2 2 2 2 2 2 2 2 2 2 2 2 2 2 2 2 2 2 2 2 2 2 
2 2 2 2 2 2 2 2 2 2 2 2 2 2 2 2 2 2 2 2 2 2 2 2 2 2 2 2 2 2 2 2 2 2 2 2 2 2 2 2 2 2 2 2 2 2 2 2 2 2 2 2 2 2 2 2 2 2 2 2 2 2 2 2 2 2 2 2 2 2 2 2 2 2 2 2 2 2 2 2 
2 2 2 2 2 2 2 2 2 2 2 2 2 2 2 2 2 2 2 2 2 2 2 2 2 2 2 2 2 2 2 2 2 2 2 2 2 2 2 2 2 2 2 2 2 2 2 2 2 2 2 2 2 2 2 2 2 2 2 2 2 2 2 2 2 2 2 2 2 2 2 2 2 2 2 2 2 2 2 2 
2 2 2 2 2 2 2 2 2 2 2 2 2 2 2 2 2 2 2 2 2 2 2 2 2 2 2 2 2 2 2 2 2 2 2 2 2 2 2 2 2 2 2 2 2 2 2 2 2 2 2 2 2 2 2 2 2 2 2 2 2 2 2 2 2 2 2 2 2 2 2 2 2 2 2 2 2 2 2 2 
2 2 2 2 2 2 2 2 2 2 2 2 2 2 2 2 2 2 2 2 2 2 2 2 2 2 2 2 2 2 2 2 2 2 2 2 2 2 2 2 2 2 2 2 2 2 2 2 2 2 2 2 2 2 2 2 2 2 2 2 2 2 2 2 2 2 2 2 2 2 2 2 2 2 2 2 2 2 2 2 
2 2 2 2 2 2 2 2 2 2 2 2 2 2 2 2 2 2 2 2 2 2 2 2 2 2 2 2 2 2 2 2 2 2 2 2 2 2 2 2 2 2 2 2 2 2 2 2 2 2 2 2 2 2 2 2 2 2 2 2 2 2 2 2 2 2 2 2 2 2 2 2 2 2 2 2 2 2 2 2 
2 2 2 2 2 2 2 2 2 2 2 2 2 2 2 2 2 2 2 2 2 2 2 2 2 2 2 2 2 2 2 2 2 2 2 2 2 2 2 2 2 2 2 2 2 2 2 2 2 2 2 2 2 2 2 2 2 2 2 2 2 2 2 2 2 2 2 2 2 2 2 2 2 2 2 2 2 2 2 2 
2 2 2 2 2 2 2 2 2 2 2 2 2 2 2 2 2 2 2 2 2 2 2 2 2 2 2 2 2 2 2 2 2 2 2 2 2 2 2 2 2 2 2 2 2 2 2 2 2 2 2 2 2 2 2 2 2 2 2 2 2 2 2 2 2 2 2 2 2 2 2 2 2 2 2 2 2 2 2 2 
2 2 2 2 2 2 2 2 2 2 2 2 2 2 2 2 2 2 2 2 2 2 2 2 2 2 2 2 2 2 2 2 2 2 2 2 2 2 2 2 2 2 2 2 2 2 2 2 2 2 2 2 2 2 2 2 2 2 2 2 2 2 2 2 2 2 2 2 2 2 2 2 2 2 2 2 2 2 2 2 
2 2 2 2 2 2 2 2 2 2 2 2 2 2 2 2 2 2 2 2 2 2 2 2 2 2 2 2 2 2 2 2 2 2 2 2 2 2 2 2 2 2 2 2 2 2 2 2 2 2 2 2 2 2 2 2 2 2 2 2 2 2 2 2 2 2 2 2 2 2 2 2 2 2 2 2 2 2 2 2 
2 2 2 2 2 2 2 2 2 2 2 2 2 2 2 2 2 2 2 2 2 2 2 2 2 2 2 2 2 2 2 2 2 2 2 2 2 2 2 2 2 2 2 2 2 2 2 2 2 2 2 2 2 2 2 2 2 2 2 2 2 2 2 2 2 2 2 2 2 2 2 2 2 2 2 2 2 2 2 2 
2 2 2 2 2 2 2 2 2 2 2 2 2 2 2 2 2 2 2 2 2 2 2 2 2 2 2 2 2 2 2 2 2 2 2 2 2 2 2 2 2 2 2 2 2 2 2 2 2 2 2 2 2 2 2 2 2 2 2 2 2 2 2 2 2 2 2 2 2 2 2 2 2 2 2 2 2 2 2 2 
2 2 2 2 2 2 2 2 2 2 2 2 2 2 2 2 2 2 2 2 2 2 2 2 2 2 2 2 2 2 2 2 2 2 2 2 2 2 2 2 2 2 2 2 2 2 2 2 2 2 2 2 2 2 2 2 2 2 2 2 2 2 2 2 2 2 2 2 2 2 2 2 2 2 2 2 2 2 2 2 
2 2 2 2 2 2 2 2 2 2 2 2 2 2 2 2 2 2 2 2 2 2 2 2 2 2 2 2 2 2 2 2 2 2 2 2 2 2 2 2 2 2 2 2 2 2 2 2 2 2 2 2 2 2 2 2 2 2 2 2 2 2 2 2 2 2 2 2 2 2 2 2 2 2 2 2 2 2 2 2 
