109 109 109 109 109 108 108 108 108 108 108 108 108 108 109 109 110 110 110 111 111 111 112 112 113 113 113 114 114 114 114 115 115 115 115 116 116 116 116 116 117 117 117 117 117 116 116 116 116 116 116 116 116 116 115 115 115 115 115 115 115 115 115 115 115 115 115 115 115 115 115 115 115 115 115 115 115 114 114 114 
109 109 109 109 109 108 108 108 108 108 108 108 108 108 109 109 109 110 110 111 111 112 112 112 113 113 113 114 114 114 115 115 115 115 116 116 116 116 116 117 117 117 117 116 116 116 116 116 116 116 115 115 115 115 115 115 115 115 115 115 115 115 115 115 115 115 114 114 114 114 114 114 114 114 114 114 114 113 113 113 
109 109 109 109 109 108 108 108 108 108 108 108 108 108 108 109 109 109 110 110 111 112 112 112 113 113 114 114 114 115 115 115 115 116 116 116 116 116 117 117 117 116 116 116 116 116 115 115 115 115 115 115 115 115 115 115 115 115 115 115 115 114 114 114 114 114 114 114 114 114 114 114 114 113 113 113 113 112 112 112 
109 109 109 109 108 108 108 108 108 108 107 107 108 108 108 108 108 109 109 110 110 111 112 112 113 113 114 114 114 115 115 115 116 116 116 116 117 117 117 116 116 116 116 116 115 115 115 115 115 115 115 114 114 114 114 114 114 114 114 114 114 114 114 114 114 114 113 113 113 113 113 113 113 112 112 112 112 112 111 111 
109 109 109 109 108 108 108 108 108 107 107 107 107 107 107 107 108 108 108 109 109 110 111 111 112 113 114 114 115 115 115 116 116 116 116 117 117 117 116 116 116 115 115 115 115 115 114 114 114 114 114 114 114 114 114 114 114 114 114 114 113 113 113 113 113 113 113 113 112 112 112 112 112 111 111 111 111 111 110 110 
109 109 109 109 108 108 108 108 107 107 107 106 106 106 106 107 107 107 107 108 108 109 109 110 111 112 113 114 115 115 116 116 116 116 117 117 116 116 116 115 115 115 115 114 114 114 114 114 114 114 113 113 113 113 113 113 113 113 113 113 113 113 113 113 112 112 112 112 112 111 111 111 111 111 110 110 110 110 109 109 
108 108 109 109 108 108 108 107 107 106 106 106 105 105 105 105 106 106 106 106 107 107 108 108 109 110 111 112 113 114 115 116 117 117 117 116 116 115 115 115 114 114 114 114 114 113 113 113 113 113 113 113 113 113 113 113 112 112 112 112 112 112 112 112 112 111 111 111 111 111 110 110 110 110 109 109 109 109 109 108 
106 106 107 107 107 107 106 105 104 104 104 103 103 103 103 102 102 102 102 103 103 104 104 105 105 106 107 108 109 110 111 112 113 114 114 114 113 113 113 112 112 112 112 111 111 111 111 111 110 110 110 110 110 110 110 109 109 111 111 111 111 111 111 111 111 111 110 110 110 110 109 109 109 109 109 108 108 108 108 107 
104 104 105 105 106 105 105 104 103 103 102 101 101 101 101 100 100 100 100 100 100 101 101 102 102 103 104 105 106 107 107 108 109 110 110 111 112 112 112 112 111 111 111 111 110 110 110 110 109 109 109 109 109 109 109 108 108 108 108 108 108 108 108 107 107 107 107 107 107 106 106 106 106 105 105 105 105 104 104 104 
102 102 103 103 103 102 102 101 100 100 99 99 98 98 98 98 97 97 97 97 97 97 97 98 99 99 100 101 102 102 103 104 104 105 106 106 107 108 109 110 110 110 110 110 109 109 109 109 108 108 108 108 108 108 108 107 107 107 107 107 107 106 106 106 106 106 106 106 106 105 105 105 105 104 104 104 103 103 103 102 
100 101 101 101 100 99 98 97 96 96 95 95 94 94 94 94 94 93 93 93 93 93 93 93 94 95 95 96 96 97 98 98 99 100 101 102 102 103 104 105 106 107 108 108 108 108 108 107 107 107 107 107 107 106 106 106 106 106 106 105 105 105 105 105 105 105 105 104 104 104 104 104 104 103 103 103 102 102 101 101 
98 99 99 98 96 95 93 92 91 91 90 89 89 88 88 88 88 88 88 88 88 88 88 88 88 89 89 90 91 91 92 92 93 94 94 95 96 97 98 99 100 101 103 104 105 106 106 106 106 106 105 105 105 105 105 105 104 104 104 104 104 104 104 103 103 103 103 103 103 103 103 103 102 102 102 101 101 101 100 100 
93 95 95 93 92 90 88 87 86 84 83 83 82 82 81 81 81 80 80 80 80 80 81 81 82 82 83 83 84 84 85 86 86 87 88 89 90 91 92 93 94 95 96 97 99 100 101 103 104 104 104 104 104 103 103 103 103 103 103 102 102 102 102 102 102 102 102 101 101 101 101 101 101 101 101 100 100 100 99 99 
82 83 83 83 82 82 81 80 79 77 76 75 74 74 73 73 72 72 72 72 71 71 72 73 73 74 74 75 76 77 78 78 79 79 80 81 82 83 85 86 87 88 89 90 92 94 95 96 98 99 100 102 102 102 102 101 101 101 101 101 101 100 100 100 100 100 100 100 100 99 99 99 99 99 99 99 99 99 98 98 
69 70 70 70 70 70 70 69 69 68 67 66 65 64 63 63 63 62 61 61 61 62 63 64 64 65 66 66 67 68 69 69 70 71 71 72 74 75 76 78 79 80 82 84 85 86 88 90 91 92 93 95 97 98 99 99 99 99 99 99 99 99 98 98 98 98 98 98 98 98 97 97 97 97 97 97 97 97 97 97 
55 56 57 57 58 58 58 58 57 57 56 55 54 54 53 52 50 50 50 50 51 52 52 53 54 55 55 56 56 56 56 56 56 56 56 56 56 56 56 56 56 56 56 56 56 56 56 56 56 56 56 56 56 56 56 56 56 56 56 56 56 56 56 56 56 56 56 56 56 56 56 56 56 56 56 56 56 56 56 56 
36 36 36 36 36 36 37 37 37 37 36 36 35 34 33 32 32 32 33 34 35 37 38 41 43 45 47 49 51 51 51 51 51 51 51 51 51 51 51 51 51 51 51 51 51 51 51 51 51 51 51 51 51 51 51 51 51 51 51 51 51 51 51 51 51 51 51 51 51 51 51 51 51 51 51 51 51 51 51 51 
30 30 29 28 28 28 29 29 29 29 29 28 28 27 27 27 30 32 34 36 38 40 42 44 46 47 49 51 52 52 52 52 52 52 52 52 52 52 52 52 52 52 52 52 52 52 52 52 52 52 52 52 52 52 52 52 52 52 52 52 52 52 52 52 52 52 52 52 52 52 52 52 52 52 52 52 52 52 52 52 
45 44 44 43 43 42 41 40 39 38 37 36 35 35 37 39 41 43 45 47 49 51 53 53 53 53 53 53 53 53 53 53 53 53 53 53 53 53 53 53 53 53 53 53 53 53 53 53 53 53 53 53 53 53 53 53 53 53 53 53 53 53 53 53 53 53 53 53 53 53 53 53 53 53 53 53 53 53 53 53 
76 74 73 71 69 68 66 65 64 63 63 63 66 68 70 72 73 73 73 73 73 72 71 70 68 67 64 62 59 58 56 55 54 54 54 54 54 54 54 54 54 54 54 54 54 54 54 54 54 54 54 54 54 54 54 54 54 54 54 54 54 54 54 54 54 54 54 54 54 54 54 54 54 54 54 54 54 54 54 54 
101 102 103 104 105 106 107 108 107 104 103 100 97 95 93 91 89 86 85 82 80 77 75 74 72 70 58 1 2 1 1 0 0 0 0 0 0 0 0 0 0 0 0 0 1 1 0 1 1 0 0 0 3 5 3 0 0 0 0 0 0 0 0 0 0 20 53 80 81 82 83 84 86 87 90 95 96 97 97 98 
98 99 99 100 100 99 99 98 98 97 97 96 96 95 94 94 93 92 90 88 86 84 82 80 78 76 62 1 4 3 1 0 0 1 1 0 0 0 1 0 0 0 0 0 1 0 0 0 1 0 0 1 1 3 2 1 0 0 0 1 0 15 46 46 46 46 46 46 46 46 46 46 46 31 1 1 12 75 86 90 
92 94 95 97 98 99 100 101 102 102 100 100 102 101 99 98 97 96 94 91 89 86 83 80 78 75 62 2 5 5 2 0 0 1 2 1 0 1 2 1 1 1 0 0 0 0 0 0 1 0 0 0 0 1 1 1 1 0 0 1 1 15 46 46 46 46 46 46 46 46 46 46 46 30 0 1 1 1 1 1 
1 1 0 0 12 73 72 71 70 68 69 70 71 72 70 68 66 65 64 64 64 64 64 64 64 64 64 64 64 64 64 64 64 64 64 64 64 64 64 64 64 64 64 64 64 64 64 64 64 64 64 64 64 64 64 64 64 64 64 64 64 64 64 64 64 64 64 64 64 64 64 64 64 64 64 64 64 64 64 64 
1 0 1 1 1 1 1 2 2 1 69 69 63 65 66 71 0 0 1 2 1 0 1 0 0 0 0 12 9 1 0 1 3 2 0 1 0 0 0 1 2 0 0 0 1 4 3 2 1 2 1 46 46 46 46 46 46 46 46 46 46 46 46 0 0 1 1 0 0 0 1 2 1 0 0 1 0 2 2 0 
1 0 1 1 0 1 0 3 2 1 0 1 2 1 1 1 0 1 1 1 0 0 0 0 0 0 0 7 5 1 0 0 2 1 0 1 0 0 0 1 1 0 1 1 1 3 2 1 1 1 0 46 46 46 46 46 46 46 46 46 46 46 47 0 0 1 1 0 1 1 1 2 1 0 0 1 0 3 2 0 
1 0 1 1 1 1 0 1 1 0 0 0 2 2 2 0 0 2 1 0 0 1 0 0 1 0 0 1 1 1 0 0 0 0 0 1 0 1 0 0 0 0 1 1 1 1 1 1 1 0 46 46 46 46 46 46 46 46 46 46 46 47 47 1 1 0 1 0 1 2 0 3 1 0 0 1 0 4 3 0 
1 0 1 1 1 2 0 0 0 0 1 0 1 3 3 0 0 1 1 0 0 1 0 0 1 1 0 0 0 0 0 0 0 0 0 1 0 1 0 0 0 0 4 3 1 1 1 1 1 1 46 46 46 46 46 46 46 46 46 46 46 47 47 1 1 0 1 1 1 2 1 2 1 0 0 1 1 3 2 1 
2 1 1 1 1 1 0 0 0 0 1 0 2 3 2 0 0 1 1 0 0 0 0 0 1 1 0 0 0 0 0 0 1 1 0 0 1 0 0 0 0 1 7 5 0 0 0 0 2 2 46 46 46 46 46 46 46 46 46 46 47 47 47 1 0 1 0 1 1 2 1 2 0 0 1 0 2 2 1 1 
3 2 1 0 0 1 1 0 0 0 0 0 3 3 1 0 0 0 0 1 0 0 0 0 1 2 0 0 0 0 0 0 2 1 0 0 1 0 0 0 0 1 9 6 0 0 0 0 2 3 46 46 46 46 46 46 46 46 46 47 47 47 47 1 0 1 0 1 1 1 2 1 0 0 1 1 2 1 0 2 
3 2 1 0 0 0 1 0 0 0 0 0 3 2 0 0 0 0 0 1 1 0 0 0 1 2 0 0 1 1 0 2 3 2 1 1 1 1 0 0 0 2 6 4 0 1 0 0 1 2 46 46 46 46 46 46 46 46 47 47 47 47 47 0 0 1 1 1 1 1 1 1 0 0 1 2 2 0 0 1 
2 1 0 0 0 0 1 1 1 2 0 2 2 1 0 0 1 0 0 1 2 0 0 0 1 2 0 0 1 2 0 3 4 3 2 1 1 1 0 0 0 3 2 1 1 2 0 1 1 1 46 46 46 46 46 46 46 46 47 47 47 47 47 0 0 1 3 1 1 1 0 1 0 0 1 3 1 0 0 0 
0 0 0 0 0 0 1 1 3 3 0 3 1 0 0 1 1 0 0 1 2 0 0 1 2 1 0 0 1 2 0 3 3 5 6 1 1 1 1 0 0 2 1 0 0 1 0 1 1 1 46 46 46 46 46 46 46 47 47 47 47 47 47 0 0 1 2 1 0 0 0 1 0 0 1 3 1 0 0 0 
0 0 0 0 0 0 1 1 2 3 0 3 1 0 3 6 2 0 0 1 2 0 0 2 2 1 0 0 1 1 0 1 2 8 10 1 2 1 1 1 0 2 1 0 0 1 0 1 1 1 46 46 46 46 46 46 47 47 47 47 47 47 47 0 0 1 2 1 0 0 0 0 0 0 1 2 2 0 0 0 
1 0 0 0 0 1 1 1 2 0 2 1 1 6 12 2 0 0 1 2 0 0 2 3 0 0 1 1 1 0 0 1 9 12 1 2 1 1 1 0 2 1 0 0 0 0 1 1 1 46 46 46 46 46 47 47 47 47 47 47 47 1 0 0 1 1 1 0 0 0 0 0 0 1 2 2 1 1 1 0 
1 0 0 0 0 1 0 0 1 0 1 0 1 7 15 4 1 0 0 1 1 0 1 2 0 0 0 0 0 0 0 1 6 7 1 1 0 1 1 0 1 1 0 0 0 0 0 1 1 46 46 46 46 47 47 47 47 47 47 47 47 0 0 0 1 2 1 0 0 0 0 0 0 1 3 2 1 1 2 1 
1 0 0 0 0 1 0 0 1 0 0 0 1 4 9 5 2 0 0 0 2 1 1 1 0 1 0 0 0 0 0 2 3 2 1 0 0 1 1 0 0 1 1 0 0 0 0 1 1 46 46 46 46 47 47 47 47 47 47 47 47 0 0 0 1 3 1 0 1 0 0 1 1 2 4 1 1 2 2 2 
0 1 0 0 0 1 0 0 1 0 0 0 0 1 2 4 1 0 0 1 2 1 1 1 0 1 0 0 0 0 0 1 1 1 1 0 0 0 0 0 1 1 1 0 0 0 0 0 1 46 46 46 47 47 47 47 47 47 47 47 47 1 1 1 1 2 1 0 0 0 0 0 1 2 3 1 1 2 2 1 
0 1 0 0 1 1 0 1 1 0 1 1 0 0 0 2 1 0 0 1 2 1 1 1 1 0 1 0 0 0 0 1 1 0 0 0 0 0 0 0 1 1 0 0 0 0 0 0 1 0 1 0 0 0 1 9 3 1 1 47 47 1 1 1 1 2 0 0 0 0 0 0 1 1 1 0 1 2 2 1 
0 1 0 0 1 0 0 1 1 1 3 1 1 0 0 1 0 0 0 1 1 1 1 2 1 0 1 0 0 0 0 0 0 0 0 0 0 0 0 0 2 1 0 0 0 0 0 1 1 0 1 0 0 0 1 9 3 1 1 0 1 2 2 2 1 1 0 0 0 0 0 0 1 1 0 0 1 1 1 0 
0 1 0 1 2 0 0 1 2 1 3 2 1 1 0 1 0 0 0 0 0 1 1 1 1 0 0 0 0 0 0 0 0 0 0 0 0 0 0 1 1 0 0 1 0 0 0 1 1 0 0 0 0 1 2 6 2 0 1 0 0 1 1 1 0 0 1 1 0 0 0 0 1 2 1 1 1 1 1 0 
0 0 0 1 1 1 0 0 1 1 2 1 0 0 0 2 1 0 0 0 0 1 1 1 2 0 0 0 0 0 0 0 0 0 0 0 0 0 0 1 0 0 1 1 0 0 0 1 1 0 0 0 0 1 3 2 1 0 0 0 0 0 0 0 0 0 1 1 1 1 0 0 1 2 1 3 2 1 1 0 
0 0 0 1 0 1 0 0 0 1 0 0 0 0 0 2 1 0 0 1 0 1 1 1 1 0 0 0 0 0 0 0 0 0 0 0 0 0 0 1 0 0 1 1 0 0 0 1 1 0 0 1 1 1 3 1 0 0 0 0 0 0 0 0 0 0 1 1 1 1 2 1 1 2 1 2 1 1 1 0 
1 1 1 1 0 1 0 0 0 1 0 0 0 0 0 1 0 0 1 1 1 1 1 0 1 1 0 0 0 0 0 0 0 0 0 0 1 1 0 0 1 0 0 0 0 0 0 1 2 1 0 1 1 1 3 1 0 0 0 1 0 0 0 0 0 1 1 1 1 1 4 2 1 2 2 1 0 1 1 0 
2 2 1 0 1 0 0 0 0 0 0 0 0 0 0 1 1 1 1 2 1 1 1 0 0 1 0 0 0 0 0 0 0 0 0 0 1 1 0 0 1 0 0 0 0 0 1 1 2 1 0 2 1 1 3 1 0 0 0 1 0 1 0 0 0 1 1 0 0 2 6 3 1 1 2 0 0 0 1 0 
2 3 1 0 1 0 0 0 0 0 0 0 0 0 0 3 2 1 1 1 1 1 1 0 0 1 0 0 0 0 0 0 0 0 0 0 1 1 1 0 0 0 0 0 0 0 1 1 1 1 1 1 1 0 1 1 0 0 1 1 0 1 0 0 1 1 1 0 0 1 3 1 1 1 1 1 0 0 0 0 
1 1 1 0 1 0 0 0 0 0 2 1 0 0 0 5 3 1 0 0 0 1 1 1 0 1 0 0 1 1 0 0 0 0 0 0 0 1 1 0 0 0 0 0 0 0 1 1 0 0 2 1 0 0 0 2 1 0 1 1 0 1 0 1 2 1 0 0 0 1 1 0 1 1 1 2 1 0 0 0 
0 0 0 0 1 0 0 0 1 0 3 1 0 1 1 5 3 1 0 0 1 1 1 1 0 1 0 0 1 1 0 0 0 0 0 0 0 1 1 0 0 0 0 0 0 0 1 1 0 0 1 0 0 0 1 2 1 0 1 2 1 1 2 2 2 2 0 0 0 1 0 0 1 1 1 1 0 0 0 0 
1 0 0 0 1 0 0 0 1 1 3 1 0 0 1 5 2 0 0 0 2 2 1 1 0 0 0 0 0 0 1 0 0 0 0 0 0 1 1 0 0 0 0 0 0 0 1 1 1 1 1 0 0 1 3 3 1 0 2 4 2 2 3 4 3 2 1 0 0 1 0 1 1 1 1 1 0 0 0 1 
3 1 0 0 0 0 0 0 1 2 1 0 0 0 1 4 1 0 0 0 2 1 1 1 0 0 0 0 0 0 1 0 0 1 0 0 0 1 1 0 0 0 0 0 0 0 1 1 1 1 0 0 0 1 4 3 1 0 2 5 3 3 4 5 4 3 1 0 0 1 0 1 1 0 1 0 0 0 0 1 
4 1 0 0 0 0 0 0 1 2 0 0 0 0 1 4 1 0 0 0 1 1 0 0 0 1 0 0 0 0 0 0 0 0 0 0 0 0 1 0 0 0 0 0 1 0 1 1 1 1 0 0 0 1 2 2 0 0 1 3 2 2 3 3 2 2 3 2 0 0 0 1 0 0 0 0 0 0 0 1 
2 1 0 0 0 1 0 0 0 1 0 0 0 0 1 3 1 0 0 0 0 0 0 0 0 2 1 0 0 1 0 0 0 0 1 0 0 0 0 0 1 1 0 1 2 0 0 0 1 2 0 0 0 1 0 0 0 0 0 1 1 2 1 1 0 0 5 4 0 0 0 0 0 0 0 0 0 0 0 0 
0 0 0 0 0 2 1 0 0 0 0 0 0 1 1 2 1 0 0 0 0 0 0 0 1 2 1 0 0 1 0 1 0 0 1 0 0 0 0 0 1 1 0 1 2 1 1 0 1 2 1 0 0 1 0 0 0 0 0 0 1 1 1 0 1 0 4 3 0 0 0 0 0 0 0 0 0 0 0 0 
1 0 0 0 0 1 0 0 0 0 0 0 1 1 1 1 0 0 1 1 0 0 0 0 1 2 1 0 0 1 1 1 1 0 0 0 0 0 0 0 2 1 0 0 1 1 1 1 0 1 1 0 0 1 1 0 0 0 1 1 0 1 1 1 3 0 2 2 1 0 0 0 0 0 0 0 1 1 0 0 
1 0 0 0 0 1 0 1 1 0 0 0 1 1 0 1 0 1 1 1 0 0 0 0 1 2 1 0 0 1 1 2 1 0 0 0 0 0 0 0 2 1 0 0 0 2 2 1 0 1 2 1 0 1 1 0 0 0 1 1 0 1 0 1 4 0 0 1 1 0 0 1 0 0 0 0 1 1 0 0 
2 2 1 0 0 0 0 1 1 0 0 1 1 1 0 0 1 1 1 1 1 0 0 0 1 1 1 0 0 1 1 1 0 0 0 0 0 0 0 0 1 1 1 1 1 1 1 1 1 1 1 1 0 0 0 0 0 0 0 0 0 0 0 1 4 0 0 0 1 0 0 0 0 0 0 0 1 1 1 1 
1 6 4 0 0 0 0 1 1 0 0 2 1 1 0 0 1 2 2 2 1 0 0 0 0 0 0 0 0 0 2 1 0 0 1 0 0 0 0 0 0 1 1 2 1 0 0 1 1 1 1 1 0 0 0 0 0 0 0 0 0 0 0 1 4 0 0 0 0 0 0 0 0 0 0 0 0 1 1 3 
1 11 8 0 0 0 1 1 0 0 1 2 1 0 0 1 1 2 2 2 1 1 0 0 1 0 0 3 4 1 2 1 0 0 1 0 0 0 1 2 0 0 1 1 1 0 0 0 1 1 2 1 1 1 0 0 0 0 0 0 0 0 0 1 3 0 0 0 0 0 0 0 2 3 0 0 0 0 1 2 
1 9 6 0 0 1 1 1 0 0 1 2 1 0 0 1 1 1 1 1 2 1 1 1 1 0 0 6 9 1 1 0 0 0 1 0 0 0 1 4 0 0 0 1 1 1 0 0 1 2 2 1 2 2 0 1 0 0 0 0 0 0 0 0 1 0 0 0 0 0 0 0 4 6 0 0 0 0 0 1 
0 4 3 0 1 2 2 2 8 0 0 1 0 0 0 2 1 1 1 1 2 1 1 1 2 0 0 8 12 2 2 0 0 0 1 0 0 0 2 5 1 0 0 0 1 1 0 0 1 2 3 2 2 3 0 2 1 0 0 0 0 0 0 0 0 0 0 0 1 0 0 0 5 8 1 0 0 0 0 0 
0 0 0 1 1 3 3 21 2 0 0 0 0 0 0 1 1 1 2 1 2 2 1 1 1 1 0 5 7 1 3 1 0 0 1 0 1 1 1 3 0 0 0 0 1 1 0 0 1 2 2 2 2 2 1 6 2 0 0 0 0 0 0 0 0 0 0 0 1 1 2 1 3 6 6 1 1 1 0 0 
0 0 1 2 1 5 3 44 49 0 0 1 2 1 0 0 1 2 2 0 2 2 1 1 0 1 1 1 1 1 5 2 0 0 1 0 1 1 1 1 0 0 0 1 0 1 0 0 1 1 2 2 2 1 1 10 4 0 0 0 0 0 0 0 0 0 1 0 1 2 4 1 1 4 10 1 3 2 0 0 
3 3 1 8 3 1 0 0 0 2 3 3 0 0 1 2 1 0 1 2 1 0 0 1 1 1 0 0 4 1 0 0 1 0 2 3 2 0 0 0 0 1 1 1 0 0 1 1 1 2 2 1 1 9 4 0 0 0 0 1 0 0 0 0 1 0 0 2 3 1 0 3 9 1 2 2 0 0 0 1 
2 2 1 6 3 48 0 50 0 7 10 23 0 0 0 1 1 0 1 2 1 0 0 0 2 1 0 0 2 1 0 0 0 0 3 4 3 0 0 0 0 1 2 0 0 0 0 0 1 1 2 2 1 8 3 0 0 0 1 1 1 0 0 0 1 0 0 1 1 0 0 2 5 1 1 1 0 0 0 1 
1 0 2 2 1 0 0 51 51 8 45 48 0 0 0 0 1 0 2 1 0 0 0 2 1 0 0 0 1 1 1 0 0 3 4 3 0 0 0 1 2 3 1 0 0 0 0 0 1 2 2 2 6 2 0 1 0 1 2 1 1 0 0 1 1 0 0 0 0 0 1 2 0 1 0 0 0 0 1 0 
1 2 0 1 51 17 0 0 1 0 0 0 2 1 0 1 3 2 1 1 0 0 0 1 1 1 0 0 0 2 33 0 0 2 2 2 0 0 0 1 2 3 2 0 0 0 0 0 1 2 2 1 3 1 0 1 2 2 1 1 0 0 0 2 1 0 0 0 0 0 1 1 0 0 0 0 0 0 0 0 
3 8 1 1 1 1 0 0 0 0 0 0 3 2 0 2 238 3 138 80 38 72 84 72 73 73 1 0 82 81 84 69 72 72 82 42 81 74 9 1 2 13 3 76 0 0 75 0 76 2 76 3 80 12 83 49 79 2 1 0 0 0 0 3 2 0 1 1 0 1 1 0 0 0 0 0 0 0 0 0 
5 14 2 0 231 2 55 0 50 51 107 50 3 1 0 2 5 2 13 255 191 43 84 121 61 82 1 0 10 74 84 64 61 82 30 72 18 74 0 1 2 12 3 1 0 1 1 1 1 11 1 52 0 84 0 84 34 2 1 0 0 0 0 2 2 0 1 1 0 1 1 0 0 1 1 1 0 0 0 0 
4 12 2 0 51 51 51 255 255 51 225 75 2 1 0 1 255 86 56 68 0 0 84 1 1 1 2 0 78 79 2 0 0 0 1 1 0 74 0 1 2 51 2 57 0 1 56 1 57 2 60 7 69 18 80 51 80 1 1 1 1 1 0 1 1 1 0 2 1 0 0 0 1 2 2 2 1 0 0 0 
2 7 1 1 51 51 0 3 1 0 51 0 1 0 0 1 3 0 0 0 0 0 1 1 1 1 2 0 0 1 1 0 0 1 1 1 0 0 0 1 2 1 2 1 0 1 2 2 2 1 0 1 1 0 0 1 2 0 1 1 1 1 0 1 1 1 0 2 1 0 0 0 1 3 3 2 1 0 1 0 
1 2 0 1 1 1 0 3 1 0 1 0 1 0 0 1 31 77 0 76 18 63 84 84 72 83 84 80 3 83 83 52 32 74 1 1 0 0 80 24 81 4 1 0 102 89 101 1 1 92 0 1 1 0 1 1 1 95 0 1 1 0 0 1 1 0 1 1 0 0 0 0 3 2 2 2 1 1 0 0 
0 1 0 1 51 51 47 32 1 0 1 25 0 0 0 1 54 1 0 0 32 10 84 84 1 27 84 11 41 8 7 52 36 0 0 0 1 0 42 61 0 72 1 0 102 0 1 0 102 1 0 1 1 0 1 2 102 1 0 1 1 0 0 1 1 0 1 0 0 0 1 0 4 2 1 1 2 1 0 0 
0 0 0 34 51 46 36 10 0 0 33 16 0 0 0 18 48 30 0 0 0 0 1 0 0 42 43 0 2 3 1 0 0 0 0 2 2 38 48 46 41 5 0 51 51 0 0 0 0 0 1 1 1 1 1 0 51 51 0 1 0 0 0 1 1 1 0 0 0 1 1 2 1 0 0 1 1 0 0 0 
0 0 0 17 51 34 1 0 0 0 1 2 2 2 2 2 2 2 2 2 2 2 2 2 2 2 2 2 2 2 2 2 2 2 2 2 2 2 2 2 2 2 2 2 2 2 2 2 2 2 2 2 2 2 2 2 2 2 2 2 2 2 2 2 2 2 2 2 2 2 2 2 2 2 2 2 2 2 2 2 
2 2 2 2 2 2 2 2 2 2 2 2 2 2 2 2 2 2 2 2 2 2 2 2 2 2 2 2 2 2 2 2 2 2 2 2 2 2 2 2 2 2 2 2 2 2 2 2 2 2 2 2 2 2 2 2 2 2 2 2 2 2 2 2 2 2 2 2 2 2 2 2 2 2 2 2 2 2 2 2 
2 2 2 2 2 2 2 2 2 2 2 2 2 2 2 2 2 2 2 2 2 2 2 2 2 2 2 2 2 2 2 2 2 2 2 2 2 2 2 2 2 2 2 2 2 2 2 2 2 2 2 2 2 2 2 2 2 2 2 2 2 2 2 2 2 2 2 2 2 2 2 2 2 2 2 2 2 2 2 2 
2 2 2 2 2 2 2 2 2 2 2 2 2 2 2 2 2 2 2 2 2 2 2 2 2 2 2 2 2 2 2 2 2 2 2 2 2 2 2 2 2 2 2 2 2 2 2 2 2 2 2 2 2 2 2 2 2 2 2 2 2 2 2 2 2 2 2 2 2 2 2 2 2 2 2 2 2 2 2 2 
2 2 2 2 2 2 2 2 2 2 2 2 2 2 2 2 2 2 2 2 2 2 2 2 2 2 2 2 2 2 2 2 2 2 2 2 2 2 2 2 2 2 2 2 2 2 2 2 2 2 2 2 2 2 2 2 2 2 2 2 2 2 2 2 2 2 2 2 2 2 2 2 2 2 2 2 2 2 2 2 
2 2 2 2 2 2 2 2 2 2 2 2 2 2 2 2 2 2 2 2 2 2 2 2 2 2 2 2 2 2 2 2 2 2 2 2 2 2 2 2 2 2 2 2 2 2 2 2 2 2 2 2 2 2 2 2 2 2 2 2 2 2 2 2 2 2 2 2 2 2 2 2 2 2 2 2 2 2 2 2 
2 2 2 2 2 2 2 2 2 2 2 2 2 2 2 2 2 2 2 2 2 2 2 2 2 2 2 2 2 2 2 2 2 2 2 2 2 2 2 2 2 2 2 2 2 2 2 2 2 2 2 2 2 2 2 2 2 2 2 2 2 2 2 2 2 2 2 2 2 2 2 2 2 2 2 2 2 2 2 2 
