88 87 87 88 88 88 88 88 88 89 89 89 90 90 90 90 91 91 91 91 91 92 92 92 92 92 92 92 92 92 92 92 92 92 93 93 93 93 93 93 93 93 93 93 93 93 93 93 93 93 93 93 93 93 93 93 93 93 93 93 94 94 94 94 95 95 95 95 96 96 96 97 97 97 97 98 98 98 99 99 
88 88 87 87 88 88 88 88 88 88 89 89 89 90 90 90 91 91 91 91 91 92 92 92 92 92 92 92 93 93 93 93 93 93 93 93 93 93 93 93 93 93 93 93 93 93 93 93 93 93 93 93 93 93 93 93 93 93 93 94 94 94 95 95 95 95 95 96 96 96 97 97 97 98 98 98 99 99 99 99 
87 87 87 87 87 87 87 88 88 88 89 89 89 90 90 90 91 91 91 91 91 92 92 92 92 92 92 93 93 93 93 93 93 93 93 93 93 93 93 94 94 93 93 93 93 93 93 93 93 93 93 93 93 93 93 93 93 93 94 94 94 95 95 95 95 96 96 96 97 97 97 98 98 98 98 99 99 99 99 100 
87 87 87 87 87 87 87 87 88 88 88 89 89 89 90 90 91 91 91 91 91 92 92 92 92 92 93 93 93 93 93 93 93 93 94 94 94 94 94 94 94 93 93 93 93 93 93 93 93 93 93 93 93 93 93 93 94 94 94 94 95 95 95 96 96 96 97 97 97 98 98 98 98 98 99 99 99 99 100 100 
88 88 88 88 88 87 87 88 88 88 88 89 89 89 90 90 90 91 91 91 91 92 92 92 92 92 93 93 93 93 93 93 94 94 94 94 94 94 94 94 94 94 94 94 94 94 94 94 94 94 94 94 94 94 94 94 94 94 95 95 95 96 96 96 97 97 97 97 98 98 98 98 99 99 99 99 100 100 100 100 
88 88 88 88 88 88 88 88 88 88 89 89 89 90 90 90 91 91 91 91 92 92 92 92 92 93 93 93 93 93 94 94 94 94 94 94 94 94 94 94 94 94 94 94 94 94 94 94 94 94 94 94 94 94 94 94 95 95 95 96 96 96 97 97 97 97 98 98 98 98 98 99 99 99 100 100 100 100 100 100 
88 88 88 88 88 88 88 88 88 88 89 89 89 90 90 91 91 91 92 92 92 92 92 93 93 93 93 93 94 94 94 94 94 94 94 94 94 95 95 95 95 94 94 94 94 94 94 94 94 94 94 94 94 94 95 95 95 96 96 96 97 97 97 97 97 98 98 98 98 99 99 99 99 100 100 100 101 101 100 100 
88 88 88 88 88 88 88 88 88 88 89 89 89 90 90 91 91 92 92 92 92 93 93 93 93 93 94 94 94 94 94 94 95 95 95 95 95 95 95 95 95 95 95 95 94 94 94 94 94 94 94 94 95 95 95 96 96 96 97 97 97 97 97 97 98 98 98 99 99 99 99 100 100 100 100 101 101 100 100 100 
88 88 88 88 88 89 89 89 89 89 89 89 90 90 91 91 92 92 92 92 93 93 93 93 94 94 94 94 95 95 95 95 95 95 95 95 95 95 95 95 95 95 95 95 95 95 95 95 95 95 95 95 95 96 96 96 96 97 97 97 97 97 98 98 98 98 99 99 99 99 100 100 100 100 101 101 100 100 100 100 
89 89 89 89 89 89 89 89 89 89 89 89 90 90 91 91 92 92 92 93 93 93 93 94 94 94 95 95 95 95 96 96 96 96 96 96 96 96 96 96 96 95 95 95 95 95 95 95 95 95 95 96 96 96 96 97 97 97 97 97 98 98 98 98 98 99 99 99 99 100 100 100 101 101 101 101 101 100 100 100 
89 89 89 89 89 89 89 89 89 90 90 90 90 90 91 91 92 92 92 93 93 93 94 94 94 95 95 95 96 96 96 96 96 96 96 96 96 96 96 96 96 96 96 95 95 95 95 95 96 96 96 96 96 97 97 97 97 97 98 98 98 98 98 99 99 99 99 100 100 100 101 101 101 101 101 100 100 100 99 99 
90 90 89 89 89 90 90 90 90 90 90 90 90 90 91 91 92 92 93 93 94 94 94 95 95 95 96 96 96 96 96 96 96 97 97 97 97 97 97 97 97 96 96 96 96 96 96 96 96 96 97 97 97 97 97 97 98 98 98 98 98 98 99 99 99 100 100 100 100 101 101 101 101 101 100 100 100 99 99 99 
91 91 90 90 90 90 90 90 90 90 90 91 91 91 91 92 92 93 93 94 94 94 95 95 95 96 96 96 96 97 97 97 97 97 97 97 97 97 97 97 98 97 97 97 97 97 97 97 97 97 97 98 98 98 98 98 98 98 98 98 99 99 99 100 100 100 100 100 101 101 101 101 100 100 100 100 99 100 100 100 
92 92 92 92 92 92 92 92 92 92 92 92 92 92 92 92 92 93 93 94 94 95 95 96 96 96 97 97 97 98 98 98 98 98 98 98 98 98 98 98 98 97 97 97 97 97 98 98 98 98 98 98 98 98 98 99 99 99 99 99 99 100 100 100 100 100 100 101 101 101 101 100 100 100 99 100 100 100 100 100 
94 94 93 93 93 93 93 93 93 93 93 93 93 93 93 93 93 93 93 94 94 95 95 96 96 97 98 98 98 99 99 99 99 99 99 98 98 98 98 98 98 98 98 98 98 98 98 99 99 99 99 99 99 99 99 99 99 99 99 99 100 100 100 101 101 101 101 101 101 101 100 100 99 99 100 100 100 101 101 101 
95 95 95 95 95 95 94 94 94 94 94 94 94 94 94 94 94 94 94 94 94 95 95 95 96 96 97 97 98 98 98 99 99 99 99 99 99 99 99 99 99 99 99 99 99 99 99 99 100 100 99 99 99 99 99 100 100 100 100 100 100 101 101 101 101 101 101 101 100 100 99 99 99 100 100 100 101 101 102 102 
96 97 96 96 96 96 96 96 96 96 96 96 95 95 95 95 95 95 94 95 95 95 95 95 95 95 96 96 97 97 97 97 97 97 97 98 98 98 99 100 100 100 100 100 100 100 100 100 100 100 100 100 100 100 100 100 100 100 100 100 101 101 101 101 101 100 100 100 99 99 99 99 99 100 100 101 101 101 101 102 
95 95 96 96 96 97 97 97 98 98 98 98 98 97 97 96 96 95 95 95 94 94 94 94 94 94 95 95 95 95 94 94 94 94 94 94 94 94 95 95 96 96 96 97 99 99 100 101 101 100 100 100 100 100 100 101 101 101 101 101 101 101 100 100 100 100 99 99 99 99 99 99 99 100 100 100 100 100 101 101 
92 93 93 93 94 94 94 95 95 95 96 96 96 97 96 96 96 95 95 95 94 93 93 93 93 93 92 93 92 92 91 90 90 90 89 89 89 89 89 89 89 89 90 91 91 92 93 93 94 96 97 98 99 100 101 101 101 101 100 100 100 100 99 99 98 98 98 98 98 98 98 98 99 99 99 99 99 99 100 100 
89 90 91 91 91 92 93 93 93 94 94 95 95 95 95 94 94 93 93 92 92 92 91 91 91 91 91 91 90 88 87 86 86 85 84 83 83 82 82 82 82 82 82 83 83 84 85 85 86 87 88 89 89 90 91 92 93 94 94 94 95 95 95 94 94 94 94 94 94 94 94 94 94 94 94 95 95 95 96 96 
78 81 83 84 86 87 88 89 91 91 92 92 93 93 93 93 92 91 91 90 89 89 88 88 87 87 87 86 85 83 82 80 79 78 77 76 75 74 74 73 73 73 73 74 74 75 75 76 77 77 78 79 79 80 81 82 83 83 84 84 85 86 86 87 87 88 89 89 90 90 90 90 90 90 90 91 91 91 91 92 
66 68 70 72 73 75 77 79 80 81 83 84 85 86 88 88 87 87 87 86 86 85 85 84 83 83 82 80 78 77 75 73 71 69 68 67 65 64 63 62 63 63 63 63 63 64 64 65 65 66 67 67 68 69 70 71 72 73 74 74 75 76 77 78 79 79 80 81 82 83 83 84 85 85 86 86 86 87 87 87 
61 61 61 62 62 63 64 66 68 69 71 73 74 75 76 77 77 77 77 77 77 77 77 77 77 77 76 74 71 68 65 63 61 59 57 55 53 52 51 51 51 52 52 53 53 53 54 54 55 55 55 56 56 56 56 56 56 56 56 56 56 56 56 56 56 56 56 56 56 56 56 56 56 56 56 56 56 56 56 56 
46 46 47 48 48 48 48 48 48 48 48 48 48 48 48 48 48 48 48 48 48 48 48 48 48 48 48 48 48 48 48 48 48 48 48 48 48 48 48 48 48 48 48 48 48 48 48 48 48 48 48 48 48 48 48 48 48 48 48 48 48 48 48 48 48 48 48 48 48 48 48 48 48 48 48 48 48 48 48 48 
29 30 31 32 33 33 34 33 32 31 29 28 27 28 29 29 30 30 30 31 31 32 35 39 43 46 49 51 52 54 55 55 55 55 55 55 55 55 55 55 55 55 55 55 55 55 55 55 55 55 55 55 55 55 55 55 55 55 55 55 55 55 55 55 55 55 55 55 55 55 55 55 55 55 55 55 55 55 55 55 
44 42 42 41 41 41 41 42 43 35 35 36 37 38 40 44 49 54 59 63 68 71 74 79 83 85 87 88 89 91 92 93 94 95 96 97 51 51 51 51 51 51 51 51 51 51 51 51 1 4 5 4 0 0 1 2 1 0 1 6 5 1 1 1 1 1 0 1 0 1 1 63 56 57 57 58 54 56 58 60 
58 56 55 55 55 55 55 55 55 55 55 55 55 55 55 55 55 55 55 55 55 55 55 55 55 55 55 55 55 55 55 55 55 55 55 55 55 55 55 55 55 55 55 55 55 55 55 55 55 55 55 55 55 55 55 55 55 55 55 55 55 55 55 55 55 55 55 55 55 55 55 55 55 55 55 55 55 55 55 55 
67 66 67 62 56 58 60 63 67 70 74 77 81 94 99 103 105 106 106 106 51 51 51 51 51 51 51 51 51 51 51 51 51 51 51 51 51 0 1 1 1 0 0 0 0 0 0 0 7 5 1 0 0 2 1 0 1 0 0 0 1 1 0 1 1 1 3 2 1 1 1 0 0 0 0 0 0 1 1 1 
1 0 2 59 60 61 62 74 71 68 71 73 75 65 70 74 79 84 51 51 51 51 51 51 51 51 51 51 51 51 51 51 51 51 51 51 51 0 2 1 0 0 1 0 0 1 0 0 1 1 1 0 0 0 0 0 1 0 1 0 0 0 0 1 1 1 1 1 1 1 0 0 0 0 0 0 0 0 0 1 
1 0 0 1 1 1 18 9 10 56 56 56 57 57 57 57 51 51 51 51 51 51 51 51 51 51 51 51 51 51 51 51 51 51 51 51 51 0 1 1 0 0 1 0 0 1 1 0 0 0 0 0 0 0 0 0 1 0 1 0 0 0 0 4 3 1 1 1 1 1 1 0 0 0 0 0 0 0 2 1 
0 0 0 1 1 1 0 16 28 1 5 1 44 51 51 51 51 51 51 51 51 51 51 51 51 51 51 51 51 51 51 51 51 51 51 51 51 0 1 1 0 0 0 0 0 1 1 0 0 0 0 0 0 1 1 0 0 1 0 0 0 0 1 7 5 0 0 0 0 2 2 1 0 0 0 0 1 1 4 3 
0 0 0 1 0 0 0 0 3 7 7 7 27 51 51 51 51 51 51 51 51 51 51 51 51 51 51 51 51 51 51 51 51 51 51 51 34 0 0 0 0 0 0 0 0 1 1 0 0 0 0 0 0 1 0 0 0 0 0 0 0 0 3 8 4 0 0 0 0 2 2 0 0 0 0 0 1 2 4 2 
0 0 0 1 0 0 0 1 6 8 8 6 20 51 51 51 51 51 51 51 51 51 51 51 51 51 51 51 51 51 51 51 51 51 51 51 34 0 0 0 1 0 0 0 0 1 1 0 0 1 0 0 2 2 1 1 1 1 0 0 0 0 3 5 2 0 0 0 0 1 1 0 0 0 1 0 0 1 2 1 
0 0 0 0 0 0 1 3 9 9 10 23 51 51 51 51 51 51 51 51 51 51 51 51 51 51 51 51 51 51 51 51 51 51 51 51 34 0 0 0 1 1 0 0 0 1 1 0 0 1 1 1 3 3 2 1 1 1 0 0 0 1 2 1 1 1 1 0 1 1 0 0 0 1 1 0 0 0 0 0 
0 0 0 0 0 0 2 4 7 9 10 37 51 51 51 51 51 51 51 51 51 51 51 51 51 51 51 51 51 51 51 51 51 51 51 51 17 0 0 0 1 0 0 0 1 1 0 0 0 1 0 2 3 4 5 2 1 1 1 0 0 1 1 0 0 0 0 0 1 1 0 0 0 0 1 0 0 0 0 0 
0 0 0 0 0 1 1 6 9 10 37 51 51 51 51 51 51 51 51 51 51 51 51 51 51 51 51 51 51 51 51 51 51 51 51 18 0 0 0 1 0 0 1 2 1 0 0 0 1 0 0 1 6 9 4 1 1 1 1 0 1 1 0 0 0 0 0 1 1 0 0 0 0 0 0 0 0 0 0 0 
0 0 0 0 1 1 5 8 10 37 51 51 51 51 51 51 51 51 51 51 51 51 51 51 51 51 51 51 51 51 51 51 51 51 18 0 0 0 1 0 0 1 2 1 0 0 1 1 0 0 0 6 11 4 1 1 1 1 0 1 1 0 0 0 0 0 1 1 0 0 0 0 0 0 0 0 0 0 0 0 
0 0 0 0 1 1 5 7 11 38 51 51 51 51 51 51 51 51 51 51 51 51 51 51 51 51 51 51 51 51 51 51 51 51 19 2 0 0 0 1 0 0 1 0 0 0 0 0 0 0 0 4 6 3 1 0 0 1 0 0 1 0 0 0 0 0 0 1 0 0 0 0 0 0 3 2 0 0 0 0 
0 0 0 0 1 1 3 8 3 34 51 51 51 51 51 51 51 51 51 51 51 51 51 51 51 51 51 51 51 51 51 51 51 51 20 3 0 0 0 1 1 1 1 0 0 0 0 0 0 0 1 2 2 1 0 0 0 1 0 0 0 1 0 0 0 0 0 1 0 0 0 0 0 1 5 3 0 0 0 0 
0 0 0 2 1 0 0 0 34 51 51 51 51 51 51 51 51 51 51 51 51 51 51 51 51 51 51 51 51 51 51 51 51 19 2 0 0 0 1 1 1 1 0 0 0 0 0 0 0 0 1 1 1 0 0 0 0 0 0 1 1 0 0 0 0 0 0 0 0 0 0 0 1 6 5 1 1 0 0 0 
1 1 1 1 1 0 0 0 34 51 51 51 51 51 51 51 51 51 51 51 51 51 51 51 51 51 51 51 51 51 51 51 51 18 1 0 0 0 1 1 1 1 1 0 0 0 0 0 0 0 1 0 0 0 0 0 0 0 0 1 0 0 0 0 0 0 0 0 0 0 0 0 0 6 5 1 1 0 0 1 
1 1 1 1 0 0 0 0 34 51 51 51 51 51 51 51 51 51 51 51 51 51 51 51 51 51 51 51 51 51 51 51 51 17 0 0 0 0 1 1 1 1 1 0 0 0 0 0 0 0 0 0 0 0 0 0 0 0 1 1 0 0 0 0 0 0 1 0 0 0 0 0 0 6 5 1 1 0 0 1 
2 2 1 1 0 0 0 0 34 51 51 51 51 51 51 51 51 51 51 51 51 51 51 51 51 51 51 51 51 51 51 51 51 17 0 0 0 0 0 0 1 1 1 0 0 0 0 0 0 0 0 0 0 0 0 0 0 0 1 0 0 0 0 0 0 0 1 0 0 0 0 0 1 4 3 0 0 0 0 0 
1 1 0 0 0 1 0 0 34 51 51 51 51 51 51 51 51 51 51 51 51 51 51 51 51 51 51 51 51 51 51 51 51 18 1 0 0 0 0 0 1 1 1 0 0 0 0 0 0 0 0 0 0 0 0 0 0 0 0 0 0 1 0 0 0 0 1 0 0 0 0 0 2 2 1 0 0 0 0 0 
0 0 0 0 0 1 1 1 34 51 51 51 51 51 51 51 51 51 51 51 51 51 51 51 51 51 51 51 51 51 51 51 51 18 1 0 0 0 0 0 1 1 1 0 0 0 0 0 0 0 0 0 0 0 0 0 0 0 0 0 0 1 0 0 0 0 1 0 0 0 1 1 2 1 0 0 0 0 0 0 
0 0 0 0 0 1 1 1 34 51 51 51 51 51 51 51 51 51 51 51 51 51 51 51 51 51 51 51 51 51 51 51 51 17 15 15 0 1 1 1 1 0 0 1 0 0 0 0 0 0 0 0 0 0 0 1 0 0 0 0 0 0 0 0 0 0 1 1 0 0 1 1 2 1 0 0 0 0 0 0 
0 0 0 0 1 1 1 1 3 35 51 51 51 51 51 51 51 51 51 51 51 51 51 51 51 51 51 51 51 51 51 51 51 17 15 15 15 1 1 1 1 0 0 0 0 0 0 0 0 0 0 0 0 0 0 1 0 0 0 0 0 0 0 0 0 1 1 1 0 1 1 1 2 1 0 0 0 0 0 0 
0 0 0 0 1 0 0 1 4 36 51 51 51 51 51 51 51 51 51 51 51 51 51 51 51 51 51 51 51 51 51 51 51 17 15 15 15 15 15 1 1 0 0 0 0 0 0 0 0 0 0 0 0 0 0 1 1 0 0 0 0 0 0 0 0 1 1 1 1 1 1 0 0 1 0 0 0 1 0 0 
0 0 0 1 1 0 0 0 2 35 51 51 51 51 51 51 51 51 51 51 51 51 51 51 51 51 51 51 51 51 51 51 51 17 15 15 15 15 15 15 1 1 0 0 0 0 0 1 0 0 0 0 0 0 0 0 1 0 0 0 0 0 0 0 0 1 0 0 1 1 0 0 0 1 1 0 0 1 0 0 
0 0 1 1 0 0 0 0 1 34 51 51 51 51 51 51 51 51 51 51 51 51 51 51 51 51 51 51 51 51 51 51 51 17 15 15 15 15 15 15 15 15 0 0 0 0 0 1 0 0 0 0 0 0 0 0 1 0 0 0 0 0 0 0 0 1 0 0 0 0 0 0 0 1 1 0 0 1 1 1 
1 2 2 2 0 0 0 0 0 34 51 51 51 51 51 51 51 51 51 51 51 51 51 51 51 51 51 51 51 51 51 51 51 17 15 15 15 15 15 15 15 15 15 0 0 0 0 0 0 0 0 0 0 0 0 0 1 0 0 0 0 0 0 0 0 1 1 1 1 0 0 0 2 3 1 0 1 3 2 2 
2 3 3 2 1 0 0 0 0 34 51 51 51 51 51 51 51 51 51 51 51 51 51 51 51 51 51 51 51 51 51 51 51 17 15 15 15 15 15 15 15 15 15 15 0 0 0 0 0 0 0 0 0 0 0 0 1 0 0 0 0 0 0 0 0 1 1 1 0 0 0 0 3 3 1 0 1 4 3 3 
3 4 4 3 1 0 0 0 0 34 51 51 51 51 51 51 51 51 51 51 51 51 51 51 51 51 51 51 51 51 51 51 51 17 15 15 15 15 15 15 15 15 15 15 15 0 0 0 0 0 0 0 0 0 0 0 0 0 0 0 0 0 0 0 0 1 1 1 0 0 0 0 1 2 0 0 0 2 2 2 
2 3 2 2 2 2 0 0 0 34 51 51 51 51 51 51 51 51 51 51 51 51 51 51 51 51 51 51 51 51 51 51 51 17 15 15 15 15 15 15 15 15 15 15 15 15 0 0 0 0 0 0 0 0 0 0 0 0 0 1 0 0 1 0 0 0 0 1 0 0 0 0 0 0 0 0 0 0 1 1 
1 1 0 0 3 4 1 0 0 34 51 51 51 51 51 51 51 51 51 51 51 51 51 51 51 51 51 51 51 51 51 51 51 17 15 15 15 15 15 15 15 15 15 15 15 15 15 0 0 0 0 0 0 0 0 0 0 0 0 1 0 0 1 1 1 0 0 1 1 0 0 0 0 0 0 0 0 0 0 1 
1 0 0 0 2 3 1 0 0 34 51 51 51 51 51 51 51 51 51 51 51 51 51 51 51 51 51 51 51 51 51 51 51 17 15 15 15 15 15 15 15 15 15 15 15 15 15 15 1 1 1 0 0 0 0 0 0 0 1 1 0 0 0 1 1 1 0 0 1 0 0 0 1 0 0 0 0 1 0 0 
1 1 2 1 1 2 1 0 0 34 51 51 51 51 51 51 51 51 51 51 51 51 51 51 51 51 51 51 51 51 51 51 51 17 15 15 15 15 15 15 15 15 15 15 15 15 15 15 15 1 1 0 0 0 0 0 0 0 1 1 0 0 0 1 2 1 0 0 1 1 0 0 1 0 0 0 0 1 0 0 
0 0 3 1 0 0 1 0 0 34 51 51 51 51 51 51 51 51 51 51 51 51 51 51 51 51 51 51 51 51 51 51 51 17 15 15 15 15 15 15 15 15 15 15 15 15 15 15 15 16 0 0 0 0 0 0 0 0 0 1 1 1 1 1 1 1 1 1 1 1 0 0 0 0 0 0 0 0 0 0 
0 0 3 1 0 0 0 0 0 34 51 51 51 51 51 51 51 51 51 51 51 51 51 51 51 51 51 51 51 51 51 51 51 17 15 15 15 15 15 15 15 15 15 15 15 15 15 15 15 15 0 0 0 0 0 0 0 0 0 0 1 1 1 0 0 0 1 1 1 1 0 0 0 0 0 0 0 0 0 0 
0 0 3 1 0 0 0 0 0 34 51 51 51 51 51 51 51 51 51 51 51 51 51 51 51 51 51 51 51 51 51 51 51 17 15 15 15 15 15 15 15 15 15 15 15 15 15 15 15 15 15 0 0 0 0 0 0 1 0 0 0 1 1 0 0 0 0 1 1 1 1 1 0 0 0 0 0 0 0 0 
0 0 2 1 0 0 0 0 0 34 51 51 51 51 51 51 51 51 51 51 51 51 51 51 51 51 51 51 51 51 51 51 51 17 15 15 15 15 15 15 15 15 15 15 15 15 15 15 15 15 15 15 0 0 0 0 0 3 1 0 0 0 1 1 0 0 0 1 2 1 1 2 0 0 0 0 0 0 0 0 
0 0 0 0 0 0 0 0 34 51 51 51 51 51 51 51 51 51 51 51 51 51 51 51 51 51 51 51 51 51 51 51 51 17 15 15 15 15 15 15 15 15 15 15 15 15 15 15 15 15 15 15 16 0 0 0 1 4 2 0 0 0 0 1 0 0 0 1 2 2 2 2 1 1 1 0 0 0 0 0 
0 0 0 0 0 0 0 0 34 51 51 51 51 51 51 51 51 51 51 51 51 51 51 51 51 51 51 51 51 51 51 51 51 17 15 15 15 15 15 15 15 15 15 15 15 15 15 15 15 15 15 15 16 0 0 1 1 2 1 0 0 0 0 1 0 0 0 1 2 2 2 2 1 4 3 0 0 0 0 0 
0 0 0 0 0 0 0 1 34 51 51 51 51 51 51 51 51 51 51 51 51 51 51 51 51 51 51 51 51 51 51 51 51 17 15 15 15 15 15 15 15 15 15 15 15 15 15 15 15 15 15 15 15 16 0 1 1 1 0 0 0 0 0 0 0 0 0 1 1 2 2 1 1 7 6 1 0 0 0 0 
0 0 0 0 0 0 1 34 51 51 51 51 51 51 51 51 51 51 51 51 51 51 51 51 51 51 51 51 51 51 51 51 17 15 15 15 15 15 15 15 15 15 15 15 15 15 15 15 15 15 15 15 15 18 2 2 0 0 0 0 0 1 1 0 0 0 1 1 1 2 1 1 6 5 1 0 0 0 0 0 
0 0 0 0 0 0 1 34 51 51 51 51 51 51 51 51 51 51 51 51 51 51 51 51 51 51 51 51 51 51 51 51 17 15 15 15 15 15 15 15 15 15 15 15 15 15 15 15 15 15 15 15 15 18 3 3 1 0 0 0 0 1 0 0 0 0 0 0 1 1 2 1 5 4 1 0 0 0 1 1 
0 0 0 0 0 0 0 34 51 51 51 51 51 51 51 51 51 51 51 51 51 51 51 51 51 51 51 51 51 51 51 51 17 15 15 15 15 15 15 15 15 15 15 15 15 15 15 15 15 15 15 15 15 16 19 3 1 0 0 0 1 2 1 0 0 0 0 0 0 1 2 2 4 3 0 0 0 0 1 1 
1 0 0 0 1 0 0 34 51 51 51 51 51 51 51 51 51 51 51 51 51 51 51 51 51 51 51 51 51 51 51 51 17 15 15 15 15 15 15 15 15 15 15 15 15 15 15 15 15 15 31 25 15 15 17 2 0 0 0 0 1 2 2 0 0 0 0 0 0 1 2 1 2 1 0 0 1 2 1 1 
0 0 0 1 1 0 0 34 51 51 51 51 51 51 51 51 51 51 51 51 51 51 51 51 51 51 51 51 51 51 51 51 17 15 15 15 173 80 98 96 63 64 80 78 74 75 38 15 56 82 83 77 74 75 79 62 62 77 42 5 1 7 8 39 38 0 37 37 38 39 39 40 41 46 47 66 64 41 1 0 
0 0 0 2 2 0 0 34 51 51 51 51 51 51 51 51 51 51 51 51 51 51 51 51 173 112 53 52 51 51 108 79 17 15 15 15 15 15 21 189 207 95 69 112 82 76 41 15 20 55 81 74 66 76 56 62 45 46 37 0 1 7 8 1 0 0 1 1 1 6 6 26 26 42 42 42 59 18 1 0 
0 0 0 1 2 0 0 34 51 51 51 51 51 51 51 51 51 51 51 51 51 51 51 51 51 51 51 187 255 119 171 127 25 15 15 15 185 142 67 67 37 15 57 42 15 15 15 15 54 79 40 15 15 15 16 16 17 37 37 0 1 26 26 29 28 0 28 28 29 30 31 34 38 43 49 65 65 40 1 1 
1 1 0 0 1 1 0 34 51 51 51 51 51 51 51 51 51 51 51 51 51 51 51 51 51 51 51 51 51 51 51 51 17 15 15 15 15 15 15 15 15 15 15 15 15 15 15 15 15 15 15 15 15 15 16 16 17 0 0 0 1 1 1 1 0 0 1 2 2 1 0 0 1 0 0 0 1 0 0 1 
1 1 0 0 1 1 0 34 51 51 51 51 51 51 51 51 51 51 51 51 51 51 51 51 51 51 51 51 51 51 51 51 17 15 15 15 29 63 40 53 48 52 77 84 78 80 84 82 42 57 83 68 48 62 39 16 16 17 41 55 15 1 1 0 51 95 95 51 1 46 46 0 1 0 0 1 1 48 47 0 
1 0 0 0 1 0 0 34 51 51 51 51 51 51 51 51 51 51 51 51 51 51 51 51 51 51 51 51 51 51 51 51 17 15 15 15 41 32 15 15 31 30 61 84 42 28 65 48 39 30 17 42 50 27 15 16 53 39 5 47 42 0 1 0 51 51 0 0 51 51 0 0 1 0 0 1 51 51 0 0 
1 0 0 0 1 0 0 34 51 51 51 51 51 51 51 51 51 51 51 51 51 51 51 51 51 51 51 51 51 51 51 51 17 15 15 15 32 56 34 15 15 15 15 15 15 15 57 42 15 15 15 15 15 15 15 16 16 17 58 57 17 1 1 0 51 51 0 0 0 0 0 1 1 1 1 1 0 51 51 0 
1 0 0 0 1 1 1 17 51 51 51 51 51 51 51 51 51 51 51 51 51 51 51 51 51 51 51 51 51 51 51 51 51 51 51 51 51 51 51 51 51 51 51 51 51 51 51 51 51 51 51 51 51 51 51 51 51 51 51 51 51 51 51 51 51 51 51 51 51 51 51 51 51 51 51 51 51 51 51 51 
51 51 51 51 51 51 51 51 51 51 51 51 51 51 51 51 51 51 51 51 51 51 51 51 51 51 51 51 51 51 51 51 51 51 51 51 51 51 51 51 51 51 51 51 51 51 51 51 51 51 51 51 51 51 51 51 51 51 51 51 51 51 51 51 51 51 51 51 51 51 51 51 51 51 51 51 51 51 51 51 
51 51 51 51 51 51 51 51 51 51 51 51 51 51 51 51 51 51 51 51 51 51 51 51 51 51 51 51 51 51 51 51 51 51 51 51 51 51 51 51 51 51 51 51 51 51 51 51 51 51 51 51 51 51 51 51 51 51 51 51 51 51 51 51 51 51 51 51 51 51 51 51 51 51 51 51 51 51 51 51 
51 51 51 51 51 51 51 51 51 51 51 51 51 51 51 51 51 51 51 51 51 51 51 51 51 51 51 51 51 51 51 51 51 51 51 51 51 51 51 51 51 51 51 51 51 51 51 51 51 51 51 51 51 51 51 51 51 51 51 51 51 51 51 51 51 51 51 51 51 51 51 51 51 51 51 51 51 51 51 51 
51 51 51 51 51 51 51 51 51 51 51 51 51 51 51 51 51 51 51 51 51 51 51 51 51 51 51 51 51 51 51 51 51 51 51 51 51 51 51 51 51 51 51 51 51 51 51 51 51 51 51 51 51 51 51 51 51 51 51 51 51 51 51 51 51 51 51 51 51 51 51 51 51 51 51 51 51 51 51 51 
