0 0 0 1 2 0 0 0 1 1 3 1 0 0 1 1 1 2 2 0 2 1 0 1 0 1 0 0 1 1 2 1 0 0 0 0 0 0 1 2 1 1 1 1 0 0 0 0 0 0 0 2 2 1 1 1 1 1 1 1 1 0 0 1 1 0 0 0 0 0 0 0 1 2 3 1 0 0 1 1 
0 0 0 1 2 0 0 0 1 1 3 2 0 0 1 2 1 0 0 0 2 1 0 1 0 1 0 0 1 1 2 1 0 0 0 0 0 0 1 2 1 2 1 0 0 0 0 0 0 0 0 2 2 1 1 1 1 1 1 2 0 0 0 1 1 0 0 0 0 0 0 0 1 3 4 0 0 0 0 1 
0 0 0 1 1 0 0 0 0 1 2 1 0 0 1 1 1 0 0 1 1 1 0 0 0 0 0 0 1 1 1 0 0 0 0 0 0 0 1 1 1 1 1 0 0 0 0 0 0 0 0 1 1 1 1 1 0 0 1 1 0 0 0 1 1 0 0 0 0 0 0 0 0 2 3 0 0 0 0 0 
0 0 0 1 1 0 0 0 0 0 0 0 0 0 1 0 0 0 0 1 0 1 0 0 0 0 0 0 1 1 0 0 0 0 0 0 0 0 0 0 1 1 1 0 0 0 1 0 0 0 0 1 1 1 1 0 0 0 0 0 0 0 0 1 2 0 1 0 0 0 0 0 0 1 2 0 0 0 0 0 
0 0 0 1 1 0 0 0 0 0 0 0 0 0 1 0 0 1 1 1 0 0 0 0 0 0 1 1 1 1 0 0 0 0 0 0 0 0 1 0 1 1 0 0 0 0 1 1 0 0 1 1 1 1 1 0 0 0 0 0 0 0 1 1 2 0 0 0 0 1 0 0 0 0 1 0 0 0 0 0 
0 0 0 1 1 0 1 1 0 0 0 0 0 0 0 0 0 2 3 0 0 0 0 0 0 0 1 1 0 0 1 0 0 0 0 0 0 1 1 1 1 1 0 0 0 0 1 1 0 0 1 1 1 1 0 0 0 0 0 0 0 1 1 1 1 0 0 0 0 1 0 0 0 0 1 1 0 0 0 1 
0 0 0 0 1 0 1 1 1 0 0 1 0 0 0 0 0 3 4 0 0 0 0 0 0 0 2 1 0 0 1 0 0 0 0 0 0 1 2 1 1 0 0 0 0 0 1 1 1 0 2 1 0 1 0 0 1 0 0 0 0 1 1 1 1 0 0 0 1 2 0 0 0 0 0 1 0 0 0 1 
0 0 0 0 0 0 1 1 0 0 0 0 0 0 0 0 0 4 5 0 0 1 1 1 1 0 1 1 0 0 0 1 1 0 0 0 0 1 1 0 0 0 0 0 0 0 1 1 0 0 1 0 0 0 0 0 0 0 0 0 0 1 1 1 1 1 1 0 0 1 0 0 0 0 0 0 0 0 0 0 
0 0 0 0 0 0 0 0 0 0 0 0 0 1 1 0 0 5 7 1 0 1 2 2 2 0 0 0 0 0 0 2 1 0 0 0 0 1 1 0 0 1 0 0 1 1 0 0 0 0 1 0 0 0 0 0 0 0 0 0 0 0 1 1 2 1 2 1 0 0 0 0 0 0 1 0 0 0 0 0 
0 0 0 0 0 0 0 0 0 0 0 0 0 1 1 0 0 4 6 1 0 2 3 3 2 0 0 0 0 0 1 2 1 0 0 0 0 1 0 0 0 1 1 1 1 1 0 0 0 0 1 0 0 1 0 0 0 0 0 0 0 0 0 1 1 1 1 1 0 0 0 0 0 0 1 0 0 0 1 2 
0 0 0 1 1 0 0 0 0 1 1 0 0 0 0 0 0 2 3 0 1 2 4 4 1 0 0 0 0 0 3 2 1 0 1 0 1 1 0 0 0 1 1 1 0 0 1 1 0 0 0 0 1 2 1 0 0 0 0 0 0 0 0 0 1 0 1 0 0 0 0 0 0 0 1 0 0 0 1 4 
1 0 0 1 1 0 0 0 0 1 1 0 0 0 0 0 0 1 1 0 1 3 5 4 1 0 0 0 0 1 4 2 0 0 1 0 1 1 0 0 0 1 1 1 0 0 1 1 1 0 0 0 1 2 1 0 0 0 0 0 0 0 0 0 0 0 0 0 0 0 0 1 0 0 1 0 1 1 2 6 
0 0 0 0 0 0 0 0 0 1 1 0 0 0 0 0 0 0 1 0 1 3 5 4 1 0 0 1 1 1 2 1 0 1 2 0 1 1 0 0 0 0 1 1 1 0 1 1 0 1 1 0 1 1 0 0 0 0 0 0 1 0 0 0 0 0 1 1 0 0 1 1 0 0 0 0 1 1 1 3 
0 0 0 0 0 0 0 0 0 1 0 1 0 0 0 1 0 0 0 0 1 4 5 3 1 0 1 2 2 2 1 1 0 1 3 0 0 1 1 0 1 0 1 1 2 0 1 1 0 1 2 1 0 0 0 0 0 0 0 0 2 1 0 1 0 0 2 1 0 0 2 1 0 0 0 0 1 1 0 1 
1 0 0 0 0 0 0 0 1 1 0 1 0 0 0 2 1 0 0 0 1 4 4 2 1 0 1 1 2 1 0 1 0 1 2 0 0 0 0 0 1 0 0 1 2 0 1 0 0 1 3 1 0 0 1 0 1 1 0 0 2 1 0 1 0 0 2 2 1 0 2 1 0 0 0 0 1 1 1 2 
2 1 1 1 0 0 0 0 1 1 1 0 0 0 0 3 2 1 0 0 0 3 3 1 0 1 0 1 1 1 1 0 0 0 1 0 0 0 0 0 0 0 0 1 1 1 0 0 1 1 4 1 0 0 1 1 3 2 0 1 2 1 0 1 1 0 1 2 1 0 2 1 0 0 0 0 1 1 2 4 
2 1 1 1 0 0 0 0 1 1 1 0 0 0 0 4 2 1 0 0 0 2 2 1 0 1 0 0 0 0 1 0 0 0 0 0 0 0 0 0 0 0 0 0 1 1 0 0 1 1 5 2 0 1 2 1 4 2 0 1 2 1 1 1 1 0 1 2 2 0 2 1 0 0 0 0 1 1 2 5 
1 1 1 1 1 0 0 0 1 1 1 1 0 0 0 4 2 0 0 0 0 1 1 1 1 1 0 0 0 0 0 0 0 0 0 0 0 0 0 0 0 1 1 1 1 1 1 0 0 0 3 1 0 0 1 1 2 1 0 1 1 0 1 2 1 0 1 2 2 0 1 0 0 0 0 0 0 1 2 3 
0 0 0 1 2 0 1 0 0 1 0 1 1 0 0 4 2 0 0 0 0 0 1 1 2 2 1 0 1 1 0 0 0 0 1 1 0 0 0 0 0 2 2 2 2 1 1 0 0 0 1 1 0 0 0 1 1 1 0 0 0 0 2 4 1 0 2 2 1 0 0 0 0 0 0 1 0 1 2 1 
0 0 0 1 2 1 1 0 0 1 0 1 1 0 0 3 1 0 0 0 0 0 1 1 1 1 1 0 1 1 0 0 0 1 1 1 1 0 0 0 0 2 2 2 1 1 1 0 0 0 0 0 0 0 0 1 1 1 1 1 0 0 2 3 1 0 2 2 1 0 0 0 0 0 0 2 1 1 1 0 
0 0 0 1 3 2 1 0 0 0 0 0 0 0 0 2 1 0 0 0 0 0 1 1 1 1 1 0 1 1 0 0 1 1 0 1 1 1 0 0 0 1 2 2 1 0 0 0 0 0 0 0 0 0 0 0 0 1 2 2 0 0 1 2 2 0 2 1 1 1 1 0 0 0 1 3 1 1 1 1 
0 0 0 1 3 2 1 0 0 0 0 0 0 0 0 1 0 1 1 0 0 1 1 1 0 0 1 0 0 1 0 0 1 1 0 1 2 1 0 0 0 1 1 1 0 0 0 0 0 0 0 0 0 0 0 1 0 1 2 3 0 1 1 1 2 0 2 1 0 1 1 0 0 1 2 3 2 1 1 1 
0 0 0 1 2 1 1 0 0 0 0 0 1 1 1 1 1 1 0 0 0 3 3 1 0 0 0 0 0 0 0 0 1 1 0 1 1 0 0 0 0 0 1 1 0 0 0 0 0 1 1 1 0 0 0 4 1 1 2 2 1 1 1 1 1 1 2 2 1 0 0 0 1 2 3 3 1 0 1 2 
0 0 0 1 1 0 1 1 1 0 0 1 1 2 2 1 2 1 0 1 0 6 5 1 0 0 0 0 0 0 0 0 1 1 0 1 0 0 0 0 0 0 0 0 0 1 0 0 1 3 2 1 0 0 1 7 2 1 1 1 1 1 1 0 0 1 3 3 1 0 0 1 2 4 4 2 0 0 1 3 
0 1 1 1 1 0 0 1 1 0 0 0 1 1 1 1 1 1 1 1 0 5 4 0 0 1 2 2 0 0 0 0 0 0 0 1 0 0 0 0 0 0 0 1 0 1 0 1 1 2 1 1 0 0 2 6 2 0 1 1 1 1 1 1 2 1 2 2 1 0 0 1 2 3 4 1 0 0 1 2 
0 2 2 1 1 0 0 0 0 1 0 0 0 1 1 0 1 1 2 0 1 3 2 0 0 1 5 4 1 0 0 0 0 0 0 1 0 0 0 0 0 0 1 1 0 0 0 1 2 1 1 1 0 1 3 3 1 0 1 0 1 1 1 3 5 1 1 1 0 0 1 1 2 2 3 1 0 0 0 1 
0 3 2 1 1 0 0 0 0 1 0 0 0 0 0 0 0 1 2 0 1 1 1 0 0 2 6 5 1 0 0 0 0 0 0 1 0 0 0 0 0 0 1 2 0 0 0 2 3 0 0 1 1 1 3 0 0 0 1 0 1 1 2 4 7 2 0 0 0 0 1 2 1 1 2 0 0 0 0 0 
0 4 4 2 0 0 1 1 1 0 0 2 1 0 0 0 0 1 1 0 0 1 1 0 1 1 3 3 1 1 0 0 1 1 0 0 0 0 0 1 0 0 1 1 0 0 0 1 2 0 0 1 1 1 3 0 0 0 0 0 3 2 2 3 4 1 0 0 0 1 1 1 1 1 1 1 1 0 0 0 
1 5 6 4 0 0 1 2 2 0 1 3 2 1 1 1 0 0 0 1 0 1 1 0 1 0 1 1 1 2 0 0 1 17 27 45 0 0 1 2 0 0 0 0 0 1 0 0 1 1 1 2 1 1 2 0 1 0 0 0 4 3 2 2 1 0 1 1 1 1 2 1 0 0 1 3 1 1 1 1 
1 4 5 4 0 0 1 2 1 0 1 6 5 1 1 1 1 1 0 1 0 1 1 1 1 0 0 0 1 3 1 0 14 18 33 49 65 0 1 2 1 0 0 0 0 2 1 0 0 1 1 1 1 1 2 1 1 0 0 1 3 3 2 1 0 0 1 1 1 1 1 1 1 0 1 2 2 1 1 1 
0 2 3 3 1 0 1 1 1 0 0 10 8 1 0 1 2 1 0 1 0 0 1 1 2 0 0 0 1 4 2 1 14 22 36 50 62 0 0 1 1 1 1 0 0 3 1 0 0 1 1 1 0 0 1 1 1 0 0 1 1 2 2 1 1 0 1 1 1 1 1 2 2 1 0 1 2 1 1 1 
0 1 2 1 0 1 0 0 0 0 12 9 1 0 1 3 2 0 1 0 0 0 1 2 0 0 0 1 4 3 13 14 24 37 50 60 0 0 0 2 1 1 1 0 4 1 0 0 1 1 0 0 0 1 2 1 0 0 1 0 2 2 0 1 0 1 1 0 1 0 3 2 1 0 1 2 1 1 1 0 
1 1 1 0 0 0 0 0 0 0 7 5 1 0 0 2 1 0 1 0 0 0 1 1 0 1 1 1 3 2 12 13 24 35 47 54 60 0 0 1 1 1 1 0 2 1 0 0 1 1 0 1 1 1 2 1 0 0 1 0 3 2 0 1 0 1 1 1 1 0 1 1 0 0 0 2 2 2 0 0 
2 1 0 0 1 0 0 1 0 0 1 1 1 0 0 0 0 0 1 0 1 0 0 0 0 1 1 1 1 11 11 13 21 33 44 52 56 0 0 0 0 1 1 0 0 1 1 1 0 1 0 1 2 0 3 1 0 0 1 0 4 3 0 1 0 1 1 1 2 0 0 0 0 1 0 1 3 3 0 0 
1 1 0 0 1 0 0 1 1 0 0 0 0 0 0 0 0 0 1 0 1 0 0 0 0 4 3 1 1 10 11 13 18 35 44 50 47 0 0 0 2 1 0 0 0 1 1 1 0 1 1 1 2 1 2 1 0 0 1 1 3 2 1 2 1 1 1 1 1 0 0 0 0 1 0 2 3 2 0 0 
1 0 0 0 0 0 1 1 0 0 0 0 0 0 1 1 0 0 1 0 0 0 0 1 7 5 0 11 8 10 12 24 35 40 43 44 41 1 1 4 3 0 0 0 1 1 0 1 0 1 1 2 1 2 0 0 1 0 2 2 1 1 3 2 1 0 0 1 1 0 0 0 0 0 3 3 1 0 0 0 
0 0 0 0 0 1 1 0 0 0 0 0 0 1 0 0 0 0 0 0 0 0 3 8 4 3 9 7 9 19 28 34 39 40 39 35 1 2 4 2 0 0 0 1 0 0 0 0 1 1 1 1 0 0 0 1 1 1 0 0 2 2 1 0 0 0 0 0 0 0 0 0 1 2 1 0 0 0 0 0 
0 0 0 1 2 0 0 1 1 0 2 3 2 1 1 1 1 0 0 0 2 6 4 0 7 7 14 23 29 32 34 34 37 32 0 0 3 2 0 0 0 1 0 0 1 1 1 1 1 1 1 0 0 1 2 2 0 0 1 2 1 0 0 0 0 1 1 1 2 0 2 2 1 0 0 1 0 0 1 2 
0 0 0 1 2 0 0 1 2 0 3 4 3 2 1 1 1 0 0 0 3 2 1 11 4 10 19 23 28 31 32 31 28 26 0 0 1 0 0 0 0 0 0 0 1 3 1 1 1 0 1 0 0 1 3 1 0 0 0 0 0 0 0 0 0 1 1 3 3 0 3 1 0 0 1 1 0 0 1 2 
0 0 1 2 1 0 0 1 2 0 3 3 5 6 1 1 1 1 0 0 2 1 0 10 7 15 20 22 24 25 24 21 24 27 0 0 0 0 0 0 0 0 0 0 1 2 1 0 0 0 1 0 0 1 3 1 0 0 0 0 0 0 0 0 0 1 1 2 3 0 3 1 0 3 6 2 0 0 1 2 
0 2 2 1 0 0 1 1 0 1 2 8 10 1 2 1 1 1 0 2 1 0 8 11 16 17 19 19 19 21 21 25 27 0 0 0 0 0 0 0 0 0 0 1 2 1 0 0 0 0 0 0 1 2 2 0 0 0 0 1 0 0 0 0 1 1 1 2 0 2 1 1 6 12 2 0 0 1 2 0 
2 3 0 0 1 1 1 0 0 1 9 12 1 2 1 1 1 0 2 1 16 8 11 13 15 15 14 14 18 21 24 26 0 1 0 0 0 0 0 1 0 0 1 1 1 0 0 0 0 0 0 1 2 2 1 1 1 0 1 0 0 0 0 1 0 0 1 0 1 0 1 7 15 4 1 0 0 1 1 0 
1 2 0 0 0 0 0 0 0 1 6 7 1 1 0 1 1 0 1 1 14 7 10 11 11 11 12 14 18 21 23 25 1 4 1 0 0 0 0 0 0 0 1 2 1 0 0 0 0 0 0 1 3 2 1 1 2 1 1 0 0 0 0 1 0 0 1 0 0 0 1 4 9 5 2 0 0 0 2 1 
1 1 0 1 0 0 0 0 0 2 3 2 1 0 0 1 1 0 0 24 13 5 7 7 7 9 11 14 14 14 14 14 14 14 14 14 14 14 14 14 14 14 14 14 14 14 14 14 14 14 14 14 14 14 14 14 14 14 14 14 14 14 14 14 14 14 14 14 14 14 14 14 14 14 14 14 14 14 14 14 
0 0 0 0 0 13 26 25 28 17 4 2 4 5 7 9 12 14 17 19 21 23 18 5 1 1 0 0 1 1 1 1 1 0 0 0 0 0 0 0 1 1 0 0 1 2 1 0 0 0 0 0 0 0 0 1 1 2 1 1 0 0 0 0 0 0 0 1 1 1 1 1 0 0 0 0 0 0 0 0 
0 0 0 0 12 25 25 23 26 15 3 2 3 4 6 8 11 14 15 15 15 15 15 15 15 15 15 15 15 15 15 15 15 15 15 15 15 15 15 15 15 15 15 15 15 15 15 15 15 15 15 15 15 15 15 15 15 15 15 15 15 15 15 15 15 15 15 15 15 15 15 15 15 15 15 15 15 15 15 15 
0 0 2 4 6 8 11 14 16 18 20 22 1 0 0 0 0 0 0 0 0 0 0 1 1 1 0 0 0 1 1 1 2 1 1 0 0 0 0 0 0 0 0 0 0 0 0 0 0 0 0 0 1 0 0 0 0 0 1 1 1 0 0 0 0 0 0 0 0 0 0 0 0 0 0 0 27 38 27 27 
0 0 0 2 5 8 11 14 16 18 20 21 0 0 0 0 0 0 0 0 0 0 0 1 1 1 1 1 1 1 1 1 1 1 1 0 0 1 1 1 0 0 0 0 0 0 0 0 0 0 0 0 0 0 0 1 1 1 1 0 0 1 0 0 0 0 0 0 0 0 0 0 0 1 0 0 6 36 14 4 
0 0 0 1 4 8 10 13 16 18 20 21 0 0 0 0 0 0 0 0 0 0 1 1 1 1 2 3 1 1 2 1 0 0 1 0 0 2 1 0 0 0 0 0 0 0 0 0 0 0 0 0 1 1 1 1 1 1 1 0 0 0 0 0 0 0 0 0 0 0 0 0 0 1 0 0 6 32 24 27 
0 0 0 1 4 8 10 13 16 18 20 21 0 0 0 0 0 0 0 0 0 0 1 0 0 0 3 5 2 1 1 1 0 0 0 0 0 2 2 0 0 0 0 0 0 0 0 0 0 0 0 1 2 1 1 1 1 1 1 0 0 0 0 0 0 0 0 0 0 0 0 0 0 1 0 0 6 31 14 6 
26 26 26 5 8 11 13 16 18 20 21 0 0 0 1 0 0 0 0 0 1 1 0 0 0 1 2 1 1 1 1 0 0 0 0 0 1 1 0 0 0 0 0 0 0 0 1 0 0 0 1 4 2 0 0 0 0 1 1 0 0 0 0 0 1 0 0 0 0 0 0 0 0 0 0 6 29 17 11 85 
44 26 26 27 27 11 14 16 18 20 22 1 0 0 1 0 0 0 0 1 1 0 0 0 0 1 0 0 1 1 1 1 0 0 0 0 0 0 0 0 0 0 0 0 0 1 2 0 0 1 2 4 2 0 0 0 1 1 1 0 0 0 0 0 1 0 0 0 0 0 0 0 0 1 7 46 26 19 106 92 
60 32 26 27 27 27 14 16 18 20 22 1 0 0 1 1 1 1 2 2 2 1 0 0 0 0 0 0 1 1 1 0 0 0 0 0 0 0 0 0 0 0 0 0 1 1 2 0 0 0 2 4 1 0 0 0 2 1 1 0 0 0 0 0 0 0 0 0 0 0 0 0 0 1 7 44 24 106 112 99 
74 46 26 27 27 27 27 27 27 27 27 27 27 27 27 27 27 27 27 27 27 27 27 27 27 27 27 27 27 27 27 27 27 27 27 27 27 27 27 27 27 27 27 27 27 27 27 27 27 27 27 27 27 27 27 27 27 27 27 27 27 27 27 27 27 27 27 27 27 27 27 27 27 27 27 27 27 27 27 27 
2 0 0 1 3 2 2 3 3 2 2 3 2 0 0 0 1 0 0 0 0 0 0 0 1 2 1 0 0 0 1 0 0 0 1 0 0 0 0 1 3 1 0 0 0 0 0 0 0 0 2 1 0 0 1 0 0 0 0 1 0 0 0 0 78 107 123 133 129 117 102 87 68 58 53 60 74 0 1 0 
0 0 0 0 1 1 2 1 1 0 0 5 4 0 0 0 0 0 0 0 0 0 0 0 0 0 0 0 0 0 2 1 0 0 0 0 0 0 1 1 2 1 0 0 0 0 0 0 0 1 2 1 0 0 1 0 1 0 0 1 0 0 0 0 85 114 130 138 137 129 115 98 79 71 72 1 0 0 1 0 
0 0 0 0 0 1 1 1 0 1 0 4 3 0 0 0 0 0 0 0 0 0 0 0 0 1 0 0 0 0 1 0 0 0 0 0 0 1 1 1 1 0 0 1 1 0 0 0 0 1 2 1 0 0 1 1 1 1 0 0 0 0 0 67 93 121 136 142 140 133 121 100 84 79 1 1 0 0 1 1 
0 0 0 1 1 0 1 1 1 3 0 2 2 1 0 0 0 0 0 0 0 1 1 0 0 1 0 0 0 0 1 0 1 1 0 0 0 1 1 0 1 0 1 1 1 0 0 0 0 1 2 1 0 0 1 1 2 1 0 0 0 0 0 73 99 127 140 143 141 133 119 97 89 0 1 2 1 0 1 1 
0 0 0 1 1 0 1 0 1 4 0 0 1 1 0 0 1 0 0 0 0 1 1 0 0 2 2 1 0 0 0 0 1 1 0 0 1 1 1 0 0 1 1 1 1 1 0 0 0 1 1 1 0 0 1 1 1 0 0 0 0 0 0 79 106 134 142 142 139 128 109 96 1 1 1 1 1 0 0 0 
0 0 0 0 0 0 0 0 1 4 0 0 0 1 0 0 0 0 0 0 0 1 1 1 1 1 6 4 0 0 0 0 1 1 0 0 2 1 1 0 0 1 2 2 2 1 0 0 0 0 0 0 0 0 0 2 1 0 0 1 0 0 0 0 0 0 0 0 0 0 0 0 0 0 0 0 0 0 0 0 
0 0 0 0 0 0 1 2 1 0 0 0 0 1 1 6 7 2 0 0 1 1 0 0 0 1 1 0 0 0 1 1 1 1 1 1 1 1 1 0 0 4 8 3 1 0 0 0 0 0 0 0 0 0 0 0 0 0 0 0 0 0 0 0 0 0 0 0 0 0 0 0 0 0 0 0 0 0 0 0 
0 0 0 0 0 0 0 1 1 3 9 14 1 0 0 0 0 0 0 1 1 1 1 1 2 1 1 1 1 0 1 5 5 1 2 0 0 0 0 0 8 82 109 127 132 125 114 17 1 0 0 0 1 2 2 2 2 1 2 4 1 0 0 0 0 0 0 0 0 0 0 0 1 1 1 1 4 6 4 1 
1 0 0 0 0 0 1 1 2 4 16 45 32 0 0 1 1 0 0 0 1 2 1 0 2 1 1 0 0 1 1 1 1 2 4 1 0 0 0 0 8 87 111 125 126 118 110 0 0 0 0 0 1 1 2 2 1 1 4 8 2 0 0 0 0 0 0 0 0 0 0 0 1 2 3 1 2 6 7 1 
0 0 0 1 3 2 3 6 2 0 0 0 0 2 3 2 0 0 1 1 0 0 1 1 0 0 0 1 1 0 0 1 3 0 0 0 0 0 9 92 112 125 122 112 0 1 1 0 0 0 1 1 1 2 1 1 3 7 2 0 0 0 0 0 0 0 0 0 0 0 0 2 2 0 1 5 6 1 2 1 
0 0 0 1 2 1 4 4 33 16 33 16 4 9 18 7 0 0 0 1 0 0 1 1 0 0 0 1 1 0 0 1 1 0 0 0 0 2 52 104 119 122 115 56 0 1 0 0 0 0 0 0 1 1 2 1 5 4 1 0 0 0 1 1 0 0 0 0 0 0 0 1 0 0 1 4 2 1 1 0 
0 0 1 1 0 1 2 1 0 0 34 51 22 32 47 16 0 0 0 0 0 1 1 0 0 0 1 1 0 0 0 0 1 1 0 0 2 54 106 118 119 57 0 1 2 1 0 0 0 0 0 0 1 2 2 4 3 0 0 0 0 1 1 1 0 0 0 1 0 0 0 0 0 0 1 0 0 0 0 0 
0 0 0 0 1 0 0 34 28 5 0 0 0 0 0 1 1 0 0 2 2 1 1 0 0 0 0 1 1 0 0 0 1 17 16 0 1 54 108 116 115 56 0 1 2 2 0 0 15 15 15 15 16 2 1 2 1 0 0 1 2 1 1 0 0 0 1 1 0 0 0 0 0 0 1 0 0 0 0 0 
0 0 0 2 6 3 1 1 1 0 0 0 0 0 0 2 2 0 1 159 81 84 96 62 53 77 78 72 73 37 0 41 82 83 77 71 72 79 93 91 80 42 5 1 7 6 52 39 15 52 39 52 39 53 41 41 46 47 66 64 41 1 0 0 0 0 2 2 0 0 1 0 0 1 0 0 0 0 0 0 
0 0 0 3 11 6 0 154 78 37 18 33 50 88 69 18 1 0 1 4 3 7 176 207 96 58 112 82 72 42 0 5 42 79 74 63 72 92 92 99 91 37 0 0 20 18 15 15 15 15 15 15 20 18 41 32 42 42 42 59 18 1 0 0 0 0 1 2 0 0 1 0 0 1 0 0 0 1 1 0 
0 0 0 2 9 5 0 34 51 51 187 255 119 167 125 26 1 0 0 170 142 57 62 34 0 42 43 1 1 1 0 39 79 41 0 0 0 56 111 57 37 37 0 15 40 31 43 33 15 42 33 43 34 45 37 51 46 49 65 65 40 1 1 1 1 0 0 1 1 0 1 1 0 0 0 0 1 2 2 1 
0 0 0 2 7 1 1 51 51 0 3 1 0 51 0 1 0 0 1 3 0 0 0 0 0 1 1 1 1 2 0 0 1 1 0 0 1 111 1 0 0 15 15 15 15 15 15 15 15 15 15 15 15 15 15 16 17 0 1 2 0 1 1 1 1 0 1 1 1 0 2 1 0 0 0 1 3 3 2 1 
0 1 0 1 2 0 1 1 1 0 3 1 0 1 0 1 0 0 1 31 77 0 76 18 63 84 84 72 83 84 80 3 83 83 52 32 74 114 1 0 0 83 38 82 17 15 15 102 91 101 15 15 94 15 15 15 17 19 1 1 95 0 1 1 0 0 1 1 0 1 1 0 0 0 0 3 2 2 2 1 
1 0 0 0 1 0 1 51 51 47 32 1 0 1 25 0 0 0 1 54 1 0 0 32 10 84 84 1 27 84 11 41 8 7 52 36 0 0 0 1 15 24 84 15 74 15 15 102 15 15 15 102 16 15 15 15 16 18 21 102 1 0 1 1 0 0 1 1 0 1 0 0 0 1 0 4 2 1 1 2 
0 0 0 0 0 0 34 51 46 36 10 0 0 33 16 0 0 0 18 48 30 0 0 0 0 1 0 0 42 43 0 2 3 1 0 0 0 0 2 2 55 58 63 43 17 15 66 51 15 15 15 15 15 15 15 15 16 17 19 51 51 0 1 0 0 0 1 1 1 0 0 0 1 1 2 1 0 0 1 1 
0 0 0 0 0 0 17 51 34 1 0 0 0 1 2 2 2 2 2 2 2 2 2 2 2 2 2 2 2 2 2 2 2 2 2 2 2 2 2 2 2 2 2 2 2 2 2 2 2 2 2 2 2 2 2 2 2 2 2 2 2 2 2 2 2 2 2 2 2 2 2 2 2 2 2 2 2 2 2 2 
2 2 2 2 2 2 2 2 2 2 2 2 2 2 2 2 2 2 2 2 2 2 2 2 2 2 2 2 2 2 2 2 2 2 2 2 2 2 2 2 2 2 2 2 2 2 2 2 2 2 2 2 2 2 2 2 2 2 2 2 2 2 2 2 2 2 2 2 2 2 2 2 2 2 2 2 2 2 2 2 
2 2 2 2 2 2 2 2 2 2 2 2 2 2 2 2 2 2 2 2 2 2 2 2 2 2 2 2 2 2 2 2 2 2 2 2 2 2 2 2 2 2 2 2 2 2 2 2 2 2 2 2 2 2 2 2 2 2 2 2 2 2 2 2 2 2 2 2 2 2 2 2 2 2 2 2 2 2 2 2 
2 2 2 2 2 2 2 2 2 2 2 2 2 2 2 2 2 2 2 2 2 2 2 2 2 2 2 2 2 2 2 2 2 2 2 2 2 2 2 2 2 2 2 2 2 2 2 2 2 2 2 2 2 2 2 2 2 2 2 2 2 2 2 2 2 2 2 2 2 2 2 2 2 2 2 2 2 2 2 2 
2 2 2 2 2 2 2 2 2 2 2 2 2 2 2 2 2 2 2 2 2 2 2 2 2 2 2 2 2 2 2 2 2 2 2 2 2 2 2 2 2 2 2 2 2 2 2 2 2 2 2 2 2 2 2 2 2 2 2 2 2 2 2 2 2 2 2 2 2 2 2 2 2 2 2 2 2 2 2 2 
2 2 2 2 2 2 2 2 2 2 2 2 2 2 2 2 2 2 2 2 2 2 2 2 2 2 2 2 2 2 2 2 2 2 2 2 2 2 2 2 2 2 2 2 2 2 2 2 2 2 2 2 2 2 2 2 2 2 2 2 2 2 2 2 2 2 2 2 2 2 2 2 2 2 2 2 2 2 2 2 
