27 27 27 27 27 27 27 27 27 27 27 27 27 27 27 27 27 27 27 27 27 27 27 27 27 27 27 27 27 27 27 27 27 27 76 74 80 57 35 19 15 12 9 9 9 27 27 27 27 27 27 27 27 27 27 27 27 27 27 27 27 2 2 1 1 0 0 0 0 0 0 0 1 2 3 1 0 0 1 1 
27 27 27 27 27 27 27 27 27 27 27 27 27 27 27 27 27 27 27 27 27 27 27 27 27 27 27 27 27 27 27 27 27 79 75 72 77 55 33 18 15 12 9 9 9 27 27 27 27 27 27 27 27 27 27 27 27 27 27 27 27 27 2 2 1 0 0 0 0 0 0 0 1 3 4 0 0 0 0 1 
27 27 27 27 27 27 27 27 27 27 27 27 27 27 27 27 27 27 27 27 27 27 27 27 27 27 27 27 27 27 27 27 27 78 74 70 76 54 32 19 15 12 9 9 9 27 27 27 27 27 27 27 27 27 27 27 27 27 27 27 27 27 27 2 1 0 0 0 0 0 0 0 0 2 3 0 0 0 0 0 
27 27 27 27 27 27 27 27 27 27 27 27 27 27 27 27 27 27 27 27 27 27 27 27 27 27 27 27 27 27 27 27 27 76 73 68 75 52 30 19 16 16 16 16 16 16 16 16 16 16 16 16 16 16 16 16 16 16 16 16 16 16 16 16 16 16 16 16 16 16 16 16 16 16 16 16 16 16 16 16 
27 27 27 27 27 27 27 27 27 27 27 27 27 27 27 27 27 27 27 27 27 63 74 72 70 71 57 34 22 18 13 10 9 9 15 27 27 27 27 27 27 27 27 27 27 27 27 27 27 27 27 27 27 27 27 14 0 0 0 0 0 0 0 0 1 0 0 0 0 14 27 27 27 27 27 27 27 27 27 27 
27 27 27 27 27 27 27 27 27 27 27 27 27 27 27 27 27 27 27 27 27 62 73 71 70 70 55 33 21 18 13 10 9 9 15 27 27 27 27 27 27 27 27 27 27 27 27 27 27 27 27 27 27 27 27 27 13 0 0 0 0 0 0 0 0 0 0 0 0 14 27 27 27 27 27 27 27 27 27 27 
27 27 27 27 27 27 27 27 27 27 27 27 27 27 27 27 27 27 27 27 27 61 72 71 71 71 71 71 71 71 71 71 71 71 71 71 71 71 71 71 71 71 71 71 71 71 71 71 71 71 71 71 71 71 71 71 71 71 71 71 71 71 71 71 71 71 71 71 71 71 71 71 71 71 71 71 71 71 71 71 
27 27 27 27 27 27 27 27 27 36 69 70 71 67 60 60 60 60 60 60 60 60 60 60 60 60 60 60 60 60 60 60 60 60 60 60 60 60 60 60 60 60 60 60 60 60 60 60 60 60 60 60 60 60 60 60 60 60 60 60 60 60 60 60 60 60 60 60 60 60 60 60 60 60 60 60 60 60 60 60 
64 60 51 80 64 42 23 19 14 10 9 9 9 27 27 27 27 27 27 27 27 27 27 27 27 27 27 27 27 27 27 27 27 27 27 27 27 27 27 27 0 0 1 0 1 1 2 6 27 27 27 27 27 27 27 27 27 27 27 27 27 27 27 27 27 27 27 27 27 27 27 27 27 27 27 27 27 27 58 61 
70 50 48 80 63 42 23 19 14 10 9 9 9 27 27 27 27 27 27 27 27 27 27 27 27 27 27 27 27 27 27 27 27 27 27 27 27 27 27 27 27 0 0 0 1 1 1 3 27 27 27 27 27 27 27 27 27 27 27 27 27 27 27 27 27 27 27 27 27 27 27 27 27 27 27 27 27 27 57 59 
57 48 58 79 62 42 24 18 14 9 9 9 9 9 27 27 27 27 27 27 27 27 27 27 27 27 27 27 27 27 27 27 27 27 27 27 27 27 27 27 27 27 0 0 1 1 0 1 27 27 27 27 27 27 27 27 27 27 27 27 27 27 27 27 27 27 27 27 27 27 27 27 27 27 27 27 27 54 56 56 
9 9 9 15 27 27 27 27 27 27 27 27 27 27 27 27 27 27 27 27 27 27 27 27 27 27 27 27 27 27 27 27 13 0 1 1 3 15 27 27 27 27 27 27 27 27 27 27 27 27 27 27 27 27 27 27 27 27 27 27 27 27 27 27 27 48 49 46 44 51 53 49 68 66 45 28 19 15 11 9 
9 9 9 27 27 27 27 27 27 27 27 27 27 27 27 27 27 27 27 27 27 27 27 27 27 27 27 27 27 27 27 27 0 1 1 2 5 27 27 27 27 27 27 27 27 27 27 27 27 27 27 27 27 27 27 27 27 27 27 27 27 27 27 27 27 27 27 27 27 27 27 27 27 27 27 27 27 27 27 27 
27 27 27 27 27 27 27 27 27 27 27 27 27 27 27 27 27 27 27 27 27 27 13 0 1 1 14 27 27 27 27 27 27 27 27 27 27 27 27 27 27 27 27 27 62 61 30 30 24 43 116 170 138 77 67 34 12 53 77 69 64 74 62 41 24 17 15 15 15 15 15 15 15 15 15 15 15 15 15 15 
27 27 27 27 27 27 27 27 27 27 27 27 1 1 1 0 27 27 27 27 27 27 27 27 27 27 27 27 27 27 27 27 27 170 92 52 26 24 33 24 24 24 25 33 69 50 19 73 73 70 69 74 46 30 17 14 10 9 9 10 10 9 9 9 8 8 27 27 27 27 27 27 27 27 27 27 27 27 27 27 
27 27 27 27 27 27 27 27 27 27 27 28 1 1 1 0 27 27 27 27 27 27 27 27 27 27 27 27 27 27 27 27 27 170 170 170 170 165 170 146 125 128 112 74 68 52 41 67 73 69 69 71 44 29 16 13 10 9 9 10 10 9 9 9 9 8 8 27 27 27 27 27 27 27 27 27 27 27 27 27 
27 27 27 27 27 27 27 27 27 27 27 14 0 0 1 14 27 27 27 27 27 27 27 27 27 27 27 27 27 27 27 27 98 170 170 170 170 170 170 170 170 170 170 170 120 53 58 67 69 67 70 55 35 20 15 15 15 15 15 15 15 15 15 15 15 15 15 15 15 15 15 15 15 15 15 15 15 15 15 15 
27 27 0 1 1 27 27 27 27 27 27 27 27 27 27 27 27 27 27 27 27 27 32 35 31 130 23 18 14 10 9 11 16 24 35 45 54 63 65 63 60 38 23 13 12 10 9 9 9 9 9 9 9 9 9 9 9 9 8 27 27 27 27 27 27 27 27 27 27 27 27 27 27 27 27 27 27 27 27 27 
27 13 0 0 14 27 27 27 27 27 27 27 27 27 27 27 27 27 27 27 27 27 49 51 43 32 32 32 32 32 32 32 32 32 32 32 32 32 32 32 32 32 32 32 32 32 32 32 32 32 32 32 32 32 32 32 32 32 32 32 32 32 32 32 32 32 32 32 32 32 32 32 32 32 32 32 32 32 32 32 
27 27 27 27 27 27 38 42 31 30 30 30 30 30 30 30 30 30 30 30 30 30 30 30 30 30 30 30 30 30 30 30 30 30 30 30 30 30 30 30 30 30 30 30 30 30 30 30 30 30 30 30 30 30 30 30 30 30 30 30 30 30 30 30 30 30 30 30 30 30 30 30 30 30 30 30 30 30 30 30 
30 55 54 44 41 36 31 26 24 18 11 10 10 10 10 10 10 10 10 10 10 10 10 10 10 10 10 10 10 10 10 10 10 10 10 10 10 10 10 10 10 10 10 10 10 10 10 10 10 10 10 10 10 10 10 10 10 10 10 10 10 10 10 10 10 10 10 10 10 10 10 10 10 10 10 10 10 10 10 10 
25 30 27 24 43 34 14 9 9 10 9 9 9 9 10 10 9 9 9 9 10 10 9 9 9 9 10 10 10 10 10 9 15 27 27 27 27 27 27 27 27 27 27 27 27 27 27 27 27 27 15 0 13 27 27 27 27 27 27 27 27 111 156 156 160 159 146 109 53 30 46 50 47 44 39 35 31 29 29 29 
9 9 9 9 9 9 9 9 9 9 10 10 10 9 9 9 9 9 10 10 9 10 9 27 27 27 27 27 27 27 27 27 27 27 27 27 27 27 27 27 27 0 26 26 26 26 26 27 27 27 69 161 153 156 157 154 152 122 51 46 49 46 43 40 37 33 33 30 29 29 29 29 29 29 29 29 29 29 29 29 
10 10 10 10 10 9 9 9 10 10 9 10 9 27 27 27 27 27 27 27 27 27 27 27 27 27 27 27 27 27 0 26 26 26 26 26 26 26 26 26 26 110 86 54 30 26 49 44 46 48 45 46 40 35 32 32 31 31 33 36 43 49 55 44 34 34 34 34 34 34 34 34 34 34 34 34 34 34 34 34 
9 10 9 15 27 27 27 27 27 27 27 27 27 27 27 27 27 27 27 14 13 26 26 26 26 26 26 26 26 26 26 26 26 26 46 47 45 46 47 46 46 43 37 33 32 31 32 36 38 45 53 67 59 38 24 14 9 9 8 8 8 8 8 9 10 10 9 9 9 9 9 9 9 9 9 9 9 9 9 9 
9 10 9 9 15 27 27 27 27 27 27 27 27 27 27 27 27 27 27 17 15 26 26 26 26 26 26 26 26 26 26 26 26 26 46 46 44 45 46 46 46 42 36 33 32 31 33 36 40 48 55 68 59 38 25 14 9 9 8 8 8 8 9 9 10 10 10 9 9 9 9 10 9 9 9 9 9 9 9 9 
9 9 9 9 15 27 27 27 27 27 27 27 27 27 27 27 27 27 27 27 27 26 26 26 26 26 21 10 10 9 15 26 26 52 51 46 43 44 46 48 46 41 35 32 32 32 34 34 39 50 59 69 59 40 26 14 9 9 9 9 9 9 9 9 9 10 10 9 10 9 10 10 9 9 9 9 9 9 9 9 
8 9 9 9 15 27 27 27 27 27 27 27 27 27 27 27 27 27 27 27 27 26 26 26 26 23 11 10 10 10 10 15 26 50 50 44 42 43 46 47 45 39 35 33 32 32 33 33 39 51 58 68 60 42 26 14 9 9 9 9 9 9 10 10 9 9 10 9 9 9 10 10 9 9 9 9 9 9 9 9 
8 9 9 9 9 9 9 9 9 9 15 27 27 27 27 27 27 27 27 27 27 26 26 26 26 24 11 10 10 10 10 10 15 49 49 43 42 43 46 47 44 38 35 33 31 30 32 34 41 55 60 68 60 43 29 15 9 8 9 9 9 9 9 10 9 9 9 9 9 9 10 10 9 9 9 9 9 9 9 9 
8 9 9 9 9 9 9 9 9 10 10 10 10 10 10 10 10 10 27 27 26 26 26 26 25 17 10 9 10 10 10 10 26 53 46 41 43 45 49 47 39 36 33 30 29 29 29 29 29 29 29 29 29 29 29 29 29 29 29 29 29 29 29 29 29 29 29 29 29 29 29 29 29 29 29 29 29 29 29 29 
10 11 11 11 11 10 10 10 10 15 26 26 26 33 26 19 13 10 9 9 9 49 57 45 41 43 46 47 44 40 36 32 29 29 29 29 29 29 29 29 29 29 29 29 29 29 29 29 29 29 29 29 29 29 29 29 29 29 29 29 29 29 29 29 29 29 29 29 29 29 29 29 29 29 29 29 29 29 29 29 
26 26 30 35 29 22 15 11 9 9 16 62 49 41 41 42 44 43 39 34 31 29 29 29 29 29 29 29 29 29 29 29 29 29 29 29 29 29 29 29 29 29 29 29 29 29 29 29 29 29 29 29 29 29 29 29 29 29 29 29 29 29 29 29 29 29 29 29 29 29 29 29 29 29 29 29 29 29 29 29 
29 29 29 29 29 29 29 29 29 29 29 29 29 29 29 29 29 29 29 29 29 29 29 29 29 29 29 29 29 29 29 29 29 29 29 29 29 29 29 29 29 29 29 29 29 29 29 29 29 29 29 29 29 29 29 29 29 29 29 29 29 29 29 29 29 29 29 29 29 29 29 29 29 29 29 29 29 29 29 29 
24 20 21 25 36 56 88 141 123 112 54 39 24 12 9 8 18 23 23 21 19 17 15 14 13 13 13 13 13 13 13 13 13 13 13 13 13 13 13 13 13 13 13 13 13 13 13 13 13 13 13 13 13 13 13 13 13 13 13 13 13 13 13 13 13 13 13 13 13 13 13 13 13 13 13 13 13 13 13 13 
49 33 17 8 8 11 25 25 25 22 19 17 15 13 11 10 10 9 9 9 9 9 9 10 9 9 9 9 9 9 9 9 10 10 9 9 9 10 10 27 27 27 27 27 27 27 27 25 25 25 25 31 40 36 30 23 16 11 8 34 59 51 47 46 44 40 35 29 27 24 20 18 20 27 39 66 155 136 105 105 
17 14 12 10 10 10 10 9 9 9 10 10 9 9 9 9 9 9 9 9 9 9 10 27 27 27 27 27 27 27 27 27 27 27 27 27 25 25 25 25 25 44 38 33 27 18 12 9 25 62 55 50 47 44 40 35 30 27 24 22 19 17 21 26 26 26 26 26 26 26 26 26 26 26 26 26 26 26 26 26 
10 9 9 9 9 9 9 9 9 9 15 27 27 27 27 27 27 27 27 27 27 27 27 27 27 26 25 25 25 25 43 41 36 30 30 30 30 30 30 30 30 30 30 30 30 30 30 30 30 30 30 30 30 30 30 30 30 30 30 30 30 30 30 30 30 30 30 30 30 30 30 30 30 30 30 30 30 30 30 30 
27 27 27 27 27 27 27 27 27 27 27 27 27 27 27 25 25 25 25 31 46 43 40 33 23 15 9 19 73 60 54 48 43 38 35 31 29 28 28 28 28 28 28 28 28 28 28 28 28 28 28 28 28 28 28 28 28 28 28 28 28 28 28 28 28 28 28 28 28 28 28 28 28 28 28 28 28 28 28 28 
27 27 27 27 25 25 25 25 25 49 46 42 36 27 18 10 10 25 66 57 51 44 40 36 33 30 31 27 25 23 19 16 23 30 60 38 81 59 41 25 11 9 8 32 33 32 27 21 17 16 16 16 16 16 16 16 16 16 16 16 16 16 16 16 16 16 16 16 16 16 16 16 16 16 16 16 16 16 16 16 
46 40 31 21 13 10 10 50 63 52 47 43 39 35 34 32 30 28 25 22 23 22 25 30 50 47 41 41 41 41 41 41 41 41 41 41 41 41 41 41 41 41 41 41 41 41 41 41 41 41 41 41 41 41 41 41 41 41 41 41 41 41 41 41 41 41 41 41 41 41 41 41 41 41 41 41 41 41 41 41 
46 42 39 36 34 32 31 29 25 24 26 26 27 33 40 60 69 45 27 14 9 11 31 38 36 29 22 16 14 12 11 11 11 10 10 11 10 10 10 10 10 9 9 9 9 9 8 26 26 27 27 27 27 27 42 49 34 27 27 27 27 27 27 24 24 24 24 32 55 49 42 33 23 15 15 15 15 15 15 15 
21 21 21 21 21 21 21 21 21 21 21 21 21 21 21 21 21 21 21 21 21 21 21 21 21 21 21 21 21 21 21 21 21 21 21 21 21 21 21 21 21 21 21 21 21 21 21 21 21 21 21 21 21 21 21 21 21 21 21 21 21 21 21 21 21 21 21 21 21 21 21 21 21 21 21 21 21 21 21 21 
9 24 35 32 25 21 19 17 14 12 10 10 10 10 10 9 9 9 9 9 9 9 9 9 9 15 26 26 27 27 27 27 27 47 37 28 27 27 27 27 27 26 24 24 24 24 48 51 46 37 25 19 19 19 19 19 19 19 19 19 19 19 19 19 19 19 19 19 19 19 19 19 19 19 19 19 19 19 19 19 
11 11 11 10 10 10 9 9 9 9 9 9 9 9 26 26 26 26 26 27 27 27 104 155 45 36 44 51 69 104 34 24 24 24 24 32 56 135 223 150 44 103 103 63 83 9 8 33 81 86 76 71 86 51 79 41 81 31 34 39 52 59 41 41 41 41 41 41 41 41 41 41 41 41 41 41 41 41 41 41 
9 26 26 26 26 26 26 26 27 27 27 27 51 51 27 27 27 27 51 27 24 24 24 24 24 59 51 44 31 16 10 9 9 9 9 9 10 24 64 53 46 41 38 37 35 34 34 34 38 44 75 33 19 19 19 19 19 19 19 19 19 19 19 19 19 19 19 19 19 19 19 19 19 19 19 19 19 19 19 19 
27 47 51 49 42 29 27 27 37 27 24 24 24 43 71 54 47 45 42 53 84 49 19 56 54 32 31 17 56 73 61 45 41 40 48 56 57 67 38 43 42 64 62 11 9 53 59 10 9 9 9 9 9 9 9 9 9 9 9 9 9 9 9 9 9 9 9 9 9 9 9 9 9 9 9 9 9 9 9 9 
9 9 9 9 9 9 9 9 9 9 9 9 9 9 9 9 9 9 9 9 9 9 9 9 9 9 9 9 9 9 9 9 9 9 9 9 9 9 9 9 9 9 9 9 9 9 9 9 9 9 9 9 9 9 9 9 9 9 9 9 9 9 9 9 9 9 9 9 9 9 9 9 9 9 9 9 9 9 9 9 
9 9 9 9 9 9 9 9 9 9 9 9 9 9 9 9 9 9 9 9 9 9 9 9 9 9 9 9 9 9 9 9 9 9 9 9 9 9 9 9 9 9 9 9 9 9 9 9 9 9 9 9 9 9 9 9 9 9 9 9 9 9 9 9 9 9 9 9 9 9 9 9 9 9 9 9 9 9 9 9 
9 9 9 9 9 9 9 9 9 9 9 9 9 9 9 9 9 9 9 9 9 9 9 9 9 9 9 9 9 9 9 9 9 9 9 9 9 9 9 9 9 9 9 9 9 9 9 9 9 9 9 9 9 9 9 9 9 9 9 9 9 9 9 9 9 9 9 9 9 9 9 9 9 9 9 9 9 9 9 9 
9 9 9 9 9 9 9 9 9 9 9 9 9 9 9 9 9 9 9 9 9 9 9 9 9 9 9 9 9 9 9 9 9 9 9 9 9 9 9 9 9 9 9 9 9 9 9 9 9 9 9 9 9 9 9 9 9 9 9 9 9 9 9 9 9 9 9 9 9 9 9 9 9 9 9 9 9 9 9 9 
9 9 9 9 9 9 9 9 9 9 9 9 9 9 9 9 9 9 9 9 9 9 9 9 9 9 9 9 9 9 9 9 9 9 9 9 9 9 9 9 9 9 9 9 9 9 9 9 9 9 9 9 9 9 9 9 9 9 9 9 9 9 9 9 9 9 9 9 9 9 9 9 9 9 9 9 9 9 9 9 
9 9 9 9 9 9 9 9 9 9 9 9 9 9 9 9 9 9 9 9 9 9 9 9 9 9 9 9 9 9 9 9 9 9 9 9 9 9 9 9 9 9 9 9 9 9 9 9 9 9 9 9 9 9 9 9 9 9 9 9 9 9 9 9 9 9 9 9 9 9 9 9 9 9 9 9 9 9 9 9 
9 9 9 9 9 9 9 9 9 9 9 9 9 9 9 9 9 9 9 9 9 9 9 9 9 9 9 9 9 9 9 9 9 9 9 9 9 9 9 9 9 9 9 9 9 9 9 9 9 9 9 9 9 9 9 9 9 9 9 9 9 9 9 9 9 9 9 9 9 9 9 9 9 9 9 9 9 9 9 9 
9 9 9 9 9 9 9 9 9 9 9 9 9 9 9 9 9 9 9 9 9 9 9 9 9 9 9 9 9 9 9 9 9 9 9 9 9 9 9 9 9 9 9 9 9 9 9 9 9 9 9 9 9 9 9 9 9 9 9 9 9 9 9 9 9 9 9 9 9 9 9 9 9 9 9 9 9 9 9 9 
9 9 9 9 9 9 9 9 9 9 9 9 9 9 9 9 9 9 9 9 9 9 9 9 9 9 9 9 9 9 9 9 9 9 9 9 9 9 9 9 9 9 9 9 9 9 9 9 9 9 9 9 9 9 9 9 9 9 9 9 9 9 9 9 9 9 9 9 9 9 9 9 9 9 9 9 9 9 9 9 
9 9 9 9 9 9 9 9 9 9 9 9 9 9 9 9 9 9 9 9 9 9 9 9 9 9 9 9 9 9 9 9 9 9 9 9 9 9 9 9 9 9 9 9 9 9 9 9 9 9 9 9 9 9 9 9 9 9 9 9 9 9 9 9 9 9 9 9 9 9 9 9 9 9 9 9 9 9 9 9 
9 9 9 9 9 9 9 9 9 9 9 9 9 9 9 9 9 9 9 9 9 9 9 9 9 9 9 9 9 9 9 9 9 9 9 9 9 9 9 9 9 9 9 9 9 9 9 9 9 9 9 9 9 9 9 9 9 9 9 9 9 9 9 9 9 9 9 9 9 9 9 9 9 9 9 9 9 9 9 9 
9 9 9 9 9 9 9 9 9 9 9 9 9 9 9 9 9 9 9 9 9 9 9 9 9 9 9 9 9 9 9 9 9 9 9 9 9 9 9 9 9 9 9 9 9 9 9 9 9 9 9 9 9 9 9 9 9 9 9 9 9 9 9 9 9 9 9 9 9 9 9 9 9 9 9 9 9 9 9 9 
9 9 9 9 9 9 9 9 9 9 9 9 9 9 9 9 9 9 9 9 9 9 9 9 9 9 9 9 9 9 9 9 9 9 9 9 9 9 9 9 9 9 9 9 9 9 9 9 9 9 9 9 9 9 9 9 9 9 9 9 9 9 9 9 9 9 9 9 9 9 9 9 9 9 9 9 9 9 9 9 
9 9 9 9 9 9 9 9 9 9 9 9 9 9 9 9 9 9 9 9 9 9 9 9 9 9 9 9 9 9 9 9 9 9 9 9 9 9 9 9 9 9 9 9 9 9 9 9 9 9 9 9 9 9 9 9 9 9 9 9 9 9 9 9 9 9 9 9 9 9 9 9 9 9 9 9 9 9 9 9 
9 9 9 9 9 9 9 9 9 9 9 9 9 9 9 9 9 9 9 9 9 9 9 9 9 9 9 9 9 9 9 9 9 9 9 9 9 9 9 9 9 9 9 9 9 9 9 9 9 9 9 9 9 9 9 9 9 9 9 9 9 9 9 9 9 9 9 9 9 9 9 9 9 9 9 9 9 9 9 9 
9 9 9 9 9 9 9 9 9 9 9 9 9 9 9 9 9 9 9 9 9 9 9 9 9 9 9 9 9 9 9 9 9 9 9 9 9 9 9 9 9 9 9 9 9 9 9 9 9 9 9 9 9 9 9 9 9 9 9 9 9 9 9 9 9 9 9 9 9 9 9 9 9 9 9 9 9 9 9 9 
9 9 9 9 9 9 9 9 9 9 9 9 9 9 9 9 9 9 9 9 9 9 9 9 9 9 9 9 9 9 9 9 9 9 9 9 9 9 9 9 9 9 9 9 9 9 9 9 9 9 9 9 9 9 9 9 9 9 9 9 9 9 9 9 9 9 9 9 9 9 9 9 9 9 9 9 9 9 9 9 
9 9 9 9 9 9 9 9 9 9 9 9 9 9 9 9 9 9 9 9 9 9 9 9 9 9 9 9 9 9 9 9 9 9 9 9 9 9 9 9 9 9 9 9 9 9 9 9 9 9 9 9 9 9 9 9 9 9 9 9 9 9 9 9 9 9 9 9 9 9 9 9 9 9 9 9 9 9 9 9 
9 9 9 9 9 9 9 9 9 9 9 9 9 9 9 9 9 9 9 9 9 9 9 9 9 9 9 9 9 9 9 9 9 9 9 9 9 9 9 9 9 9 9 9 9 9 9 9 9 9 9 9 9 9 9 9 9 9 9 9 9 9 9 9 9 9 9 9 9 9 9 9 9 9 9 9 9 9 9 9 
9 9 9 9 9 9 9 9 9 9 9 9 9 9 9 9 9 9 9 9 9 9 9 9 9 9 9 9 9 9 9 9 9 9 9 9 9 9 9 9 9 9 9 9 9 9 9 9 9 9 9 9 9 9 9 9 9 9 9 9 9 9 9 9 9 9 9 9 9 9 9 9 9 9 9 9 9 9 9 9 
9 9 9 9 9 9 9 9 9 9 9 9 9 9 9 9 9 9 9 9 9 9 9 9 9 9 9 9 9 9 9 9 9 9 9 9 9 9 9 9 9 9 9 9 9 9 9 9 9 9 9 9 9 9 9 9 9 9 9 9 9 9 9 9 9 9 9 9 9 9 9 9 9 9 9 9 9 9 9 9 
9 9 9 9 9 9 9 9 9 9 9 9 9 9 9 9 9 9 9 9 9 9 9 9 9 9 9 9 9 9 9 9 9 9 9 9 9 9 9 9 9 9 9 9 9 9 9 9 9 9 9 9 9 9 9 9 9 9 9 9 9 9 9 9 9 9 9 9 9 9 9 9 9 9 9 9 9 9 9 9 
9 9 9 9 9 9 9 9 9 9 9 9 9 9 9 9 9 9 9 9 9 9 9 9 9 9 9 9 9 9 9 9 9 9 9 9 9 9 9 9 9 9 9 9 9 9 9 9 9 9 9 9 9 9 9 9 9 9 9 9 9 9 9 9 9 9 9 9 9 9 9 9 9 9 9 9 9 9 9 9 
9 9 9 9 9 9 9 9 9 9 9 9 9 9 9 9 9 9 9 9 9 9 9 9 9 9 9 9 9 9 9 9 9 9 9 9 9 9 9 9 9 9 9 9 9 9 9 9 9 9 9 9 9 9 9 9 9 9 9 9 9 9 9 9 9 9 9 9 9 9 9 9 9 9 9 9 9 9 9 9 
9 9 9 9 9 9 9 9 9 9 9 9 9 9 9 9 9 9 9 9 9 9 9 9 9 9 9 9 9 9 9 9 9 9 9 9 9 9 9 9 9 9 9 9 9 9 9 9 9 9 9 9 9 9 9 9 9 9 9 9 9 9 9 9 9 9 9 9 9 9 9 9 9 9 9 9 9 9 9 9 
9 9 9 9 9 9 9 9 9 9 9 9 9 9 9 9 9 9 9 9 9 9 9 9 9 9 9 9 9 9 9 9 9 9 9 9 9 9 9 9 9 9 9 9 9 9 9 9 9 9 9 9 9 9 9 9 9 9 9 9 9 9 9 9 9 9 9 9 9 9 9 9 9 9 9 9 9 9 9 9 
9 9 9 9 9 9 9 9 9 9 9 9 9 9 9 9 9 9 9 9 9 9 9 9 9 9 9 9 9 9 9 9 9 9 9 9 9 9 9 9 9 9 9 9 9 9 9 9 9 9 9 9 9 9 9 9 9 9 9 9 9 9 9 9 9 9 9 9 9 9 9 9 9 9 9 9 9 9 9 9 
9 9 9 9 9 9 9 9 9 9 9 9 9 9 9 9 9 9 9 9 9 9 9 9 9 9 9 9 9 9 9 9 9 9 9 9 9 9 9 9 9 9 9 9 9 9 9 9 9 9 9 9 9 9 9 9 9 9 9 9 9 9 9 9 9 9 9 9 9 9 9 9 9 9 9 9 9 9 9 9 
9 9 9 9 9 9 9 9 9 9 9 9 9 9 9 9 9 9 9 9 9 9 9 9 9 9 9 9 9 9 9 9 9 9 9 9 9 9 9 9 9 9 9 9 9 9 9 9 9 9 9 9 9 9 9 9 9 9 9 9 9 9 9 9 9 9 9 9 9 9 9 9 9 9 9 9 9 9 9 9 
9 9 9 9 9 9 9 9 9 9 9 9 9 9 9 9 9 9 9 9 9 9 9 9 9 9 9 9 9 9 9 9 9 9 9 9 9 9 9 9 9 9 9 9 9 9 9 9 9 9 9 9 9 9 9 9 9 9 9 9 9 9 9 9 9 9 9 9 9 9 9 9 9 9 9 9 9 9 9 9 
9 9 9 9 9 9 9 9 9 9 9 9 9 9 9 9 9 9 9 9 9 9 9 9 9 9 9 9 9 9 9 9 9 9 9 9 9 9 9 9 9 9 9 9 9 9 9 9 9 9 9 9 9 9 9 9 9 9 9 9 9 9 9 9 9 9 9 9 9 9 9 9 9 9 9 9 9 9 9 9 
9 9 9 9 9 9 9 9 9 9 9 9 9 9 9 9 9 9 9 9 9 9 9 9 9 9 9 9 9 9 9 9 9 9 9 9 9 9 9 9 9 9 9 9 9 9 9 9 9 9 9 9 9 9 9 9 9 9 9 9 9 9 9 9 9 9 9 9 9 9 9 9 9 9 9 9 9 9 9 9 
9 9 9 9 9 9 9 9 9 9 9 9 9 9 9 9 9 9 9 9 9 9 9 9 9 9 9 9 9 9 9 9 9 9 9 9 9 9 9 9 9 9 9 9 9 9 9 9 9 9 9 9 9 9 9 9 9 9 9 9 9 9 9 9 9 9 9 9 9 9 9 9 9 9 9 9 9 9 9 9 
9 9 9 9 9 9 9 9 9 9 9 9 9 9 9 9 9 9 9 9 9 9 9 9 9 9 9 9 9 9 9 9 9 9 9 9 9 9 9 9 9 9 9 9 9 9 9 9 9 9 9 9 9 9 9 9 9 9 9 9 9 9 9 9 9 9 9 9 9 9 9 9 9 9 9 9 9 9 9 9 
