167 167 167 167 167 167 167 167 167 167 167 167 167 167 167 167 167 167 167 168 168 168 168 168 168 168 168 168 168 168 168 168 168 168 168 168 168 168 168 168 168 168 168 168 168 168 168 168 168 168 168 168 168 168 168 168 168 169 169 169 170 170 171 171 171 172 172 173 173 173 174 174 174 175 175 176 176 176 177 177 
167 167 167 167 167 167 167 167 167 167 167 167 167 167 167 167 167 167 167 168 168 168 168 168 168 168 168 168 168 168 168 168 168 168 168 168 168 168 168 168 168 168 168 168 168 168 168 168 168 168 168 168 168 168 168 168 169 169 169 170 170 170 171 171 172 172 172 173 173 174 174 174 175 175 175 176 176 177 177 177 
167 167 167 167 167 167 167 167 167 167 167 167 167 167 167 167 167 167 168 168 168 168 168 168 168 168 168 168 168 168 168 168 168 168 168 168 168 168 168 168 168 168 168 168 168 168 168 168 168 168 168 168 168 168 168 168 169 169 170 170 170 171 171 172 172 172 173 173 173 174 174 175 175 175 176 176 177 177 177 178 
167 167 167 167 167 167 167 167 167 167 167 167 167 167 167 167 167 167 168 168 168 168 168 168 168 168 168 168 168 168 168 168 168 168 168 168 168 168 168 168 168 168 168 168 168 168 168 168 168 168 168 168 168 168 168 169 169 169 170 170 171 171 171 172 172 173 173 173 174 174 174 175 175 176 176 176 177 177 178 178 
167 167 167 167 167 167 167 167 167 167 167 167 167 167 167 167 167 168 168 168 168 168 168 168 168 168 168 168 168 168 168 168 168 168 168 168 168 168 168 168 168 168 168 168 168 168 168 168 168 168 168 168 168 168 169 169 169 170 170 171 171 171 172 172 172 173 173 174 174 174 175 175 175 176 176 177 177 177 178 178 
167 167 167 167 167 167 167 167 167 167 167 167 167 167 167 167 167 168 168 168 168 168 168 168 168 168 168 168 168 168 168 168 168 168 168 168 168 168 168 168 168 168 168 168 168 168 168 168 168 168 168 168 168 169 169 169 170 170 170 171 171 172 172 172 173 173 173 174 174 175 175 175 176 176 177 177 177 178 178 178 
167 167 167 167 167 167 167 167 167 167 167 167 167 167 167 167 168 168 168 168 168 168 168 168 168 168 168 168 168 168 168 168 168 168 168 168 168 168 168 168 168 168 168 168 168 168 168 168 168 168 168 168 168 169 169 170 170 170 171 171 171 172 172 173 173 173 174 174 175 175 175 176 176 176 177 177 178 178 178 179 
167 167 167 167 167 167 167 167 167 167 167 167 167 167 167 167 168 168 168 168 168 168 168 168 168 168 168 168 168 168 168 168 168 168 168 168 168 168 168 168 168 168 168 168 168 168 168 168 168 168 168 168 169 169 169 170 170 171 171 171 172 172 172 173 173 174 174 174 175 175 176 176 176 177 177 177 178 178 179 179 
167 167 167 167 167 167 167 167 167 167 167 167 167 167 167 168 168 168 168 168 168 168 168 168 168 168 168 168 168 168 168 168 168 168 168 168 168 168 168 168 168 168 168 168 168 168 168 168 168 168 168 169 169 169 170 170 170 171 171 172 172 172 173 173 174 174 174 175 175 175 176 176 177 177 177 178 178 178 179 179 
167 167 167 167 167 167 167 167 167 167 167 167 167 167 168 168 168 168 168 168 168 168 168 168 168 168 168 168 168 168 168 168 168 168 168 168 168 168 168 168 168 168 168 168 168 168 168 168 168 168 169 169 169 170 170 170 171 171 172 172 172 173 173 173 174 174 175 175 175 176 176 176 177 177 178 178 178 179 179 179 
167 167 167 167 167 167 167 167 167 167 167 167 167 167 168 168 168 168 168 168 168 168 168 168 168 168 168 168 168 168 168 168 168 168 168 168 168 168 168 168 168 168 168 168 168 168 168 168 168 168 169 169 170 170 170 171 171 171 172 172 173 173 173 174 174 174 175 175 176 176 176 177 177 177 178 178 179 179 179 180 
167 167 167 167 167 167 167 167 167 167 167 167 167 168 168 168 168 168 168 168 168 168 168 168 168 168 168 168 168 168 168 168 168 168 168 168 168 168 168 168 168 168 168 168 168 168 168 168 168 169 169 169 170 170 171 171 171 172 172 172 173 173 174 174 174 175 175 175 176 176 177 177 177 178 178 178 179 179 180 180 
167 167 167 167 167 167 167 167 167 167 167 167 167 168 168 168 168 168 168 168 168 168 168 168 168 168 168 168 168 168 168 168 168 168 168 168 168 168 168 168 168 168 168 168 168 168 168 168 169 169 169 170 170 170 171 171 172 172 172 173 173 173 174 174 175 175 175 176 176 176 177 177 178 178 178 179 179 179 180 180 
167 167 167 167 167 167 167 167 167 167 167 167 168 168 168 168 168 168 168 168 168 168 168 168 168 168 168 168 168 168 168 168 168 168 168 168 168 168 168 168 168 168 168 168 168 168 168 168 169 169 170 170 170 171 171 171 172 172 173 173 173 174 174 174 175 175 176 176 176 177 177 177 178 178 179 179 179 180 180 180 
167 167 167 167 167 167 167 167 167 167 167 167 168 168 168 168 168 168 168 168 168 168 168 168 168 168 168 168 168 168 168 168 168 168 168 168 168 168 168 168 168 168 168 168 168 168 168 169 169 169 170 170 171 171 171 172 172 172 173 173 174 174 174 175 175 175 176 176 177 177 177 178 178 178 179 179 180 180 180 181 
167 167 167 167 167 167 167 167 167 167 167 168 168 168 168 168 168 168 168 168 168 168 168 168 168 168 168 168 168 168 168 168 168 168 168 168 168 168 168 168 168 168 168 168 168 168 169 169 169 170 170 171 171 171 172 172 172 173 173 173 174 174 175 175 175 176 176 176 177 177 178 178 178 179 179 179 180 180 181 181 
167 167 167 167 167 167 167 167 167 167 168 168 168 168 168 168 168 168 168 168 168 168 168 168 168 168 168 168 168 168 168 168 168 168 168 168 168 168 168 168 168 168 168 168 168 169 169 169 170 170 170 171 171 172 172 172 173 173 173 174 174 174 175 175 176 176 176 177 177 177 178 178 179 179 179 180 180 180 181 181 
167 167 167 167 167 167 167 167 167 167 168 168 168 168 168 168 168 168 168 168 168 168 168 168 168 168 168 168 168 168 168 168 168 168 168 168 168 168 168 168 168 168 168 168 168 169 169 170 170 170 171 171 171 172 172 173 173 173 174 174 174 175 175 175 176 176 177 177 177 178 178 178 179 179 180 180 180 181 181 181 
167 167 167 167 167 167 167 167 167 168 168 168 168 168 168 168 168 168 168 168 168 168 168 168 168 168 168 168 168 168 168 168 168 168 168 168 168 168 168 168 168 168 168 168 169 169 169 170 170 171 171 171 172 172 172 173 173 174 174 174 175 175 175 176 176 176 177 177 178 178 178 179 179 179 180 180 181 181 181 182 
167 167 167 167 167 167 167 167 167 168 168 168 168 168 168 168 168 168 168 168 168 168 168 168 168 168 168 168 168 168 168 168 168 168 168 168 168 168 168 168 168 168 168 169 169 169 170 170 170 171 171 172 172 172 173 173 173 174 174 175 175 175 176 176 176 177 177 177 178 178 179 179 179 180 180 180 181 181 182 182 
167 167 167 167 167 167 167 167 168 168 168 168 168 168 168 168 168 168 168 168 168 168 168 168 168 168 168 168 168 168 168 168 168 168 168 168 168 168 168 168 168 168 169 169 169 170 170 170 171 171 171 172 172 173 173 173 174 174 174 175 175 176 176 176 177 177 177 178 178 178 179 179 180 180 180 181 181 181 182 182 
167 167 167 167 167 167 167 167 168 168 168 168 168 168 168 168 168 168 168 168 168 168 168 168 168 168 168 168 168 168 168 168 168 168 168 168 168 168 168 168 168 168 169 169 170 170 170 171 171 171 172 172 172 173 173 174 174 174 175 175 175 176 176 177 177 177 178 178 178 179 179 179 180 180 181 181 181 182 182 182 
167 167 167 167 167 167 167 168 168 168 168 168 168 168 168 168 168 168 168 168 168 168 168 168 168 168 168 168 168 168 168 168 168 168 168 168 168 168 168 168 168 169 169 169 170 170 171 171 171 172 172 172 173 173 173 174 174 175 175 175 176 176 176 177 177 177 178 178 179 179 179 180 180 180 181 181 182 182 182 183 
167 167 167 167 167 167 167 168 168 168 168 168 168 168 168 168 168 168 168 168 168 168 168 168 168 168 168 168 168 168 168 168 168 168 168 168 168 168 168 168 169 169 169 170 170 170 171 171 172 172 172 173 173 173 174 174 174 175 175 176 176 176 177 177 177 178 178 178 179 179 180 180 180 181 181 181 182 182 182 183 
167 167 167 167 167 167 168 168 168 168 168 168 168 168 168 168 168 168 168 168 168 168 168 168 168 168 168 168 168 168 168 168 168 168 168 168 168 168 168 168 169 169 170 170 170 171 171 171 172 172 173 173 173 174 174 174 175 175 175 176 176 177 177 177 178 178 178 179 179 179 180 180 181 181 181 182 182 182 183 183 
167 167 167 167 167 168 168 168 168 168 168 168 168 168 168 168 168 168 168 168 168 168 168 168 168 168 168 168 168 168 168 168 168 168 168 168 168 168 168 169 169 169 170 170 171 171 171 172 172 172 173 173 173 174 174 175 175 175 176 176 176 177 177 177 178 178 179 179 179 180 180 180 181 181 182 182 182 183 183 183 
167 167 167 167 167 168 168 168 168 168 168 168 168 168 168 168 168 168 168 168 168 168 168 168 168 168 168 168 168 168 168 168 168 168 168 168 168 168 169 169 169 170 170 170 171 171 172 172 172 173 173 173 174 174 174 175 175 176 176 176 177 177 177 178 178 178 179 179 180 180 180 181 181 181 182 182 182 183 183 184 
167 167 167 167 168 168 168 168 168 168 168 168 168 168 168 168 168 168 168 168 168 168 168 168 168 168 168 168 168 168 168 168 168 168 168 168 168 169 169 169 170 170 170 171 171 171 172 172 173 173 173 174 174 174 175 175 175 176 176 177 177 177 178 178 178 179 179 179 180 180 181 181 181 182 182 182 183 183 183 184 
167 167 167 167 168 168 168 168 168 168 168 168 168 168 168 168 168 168 168 168 168 168 168 168 168 168 168 168 168 168 168 168 168 168 168 168 168 169 169 170 170 170 171 171 171 172 172 172 173 173 174 174 174 175 175 175 176 176 176 177 177 178 178 178 179 179 179 180 180 180 181 181 181 182 182 183 183 183 184 184 
167 167 167 168 168 168 168 168 168 168 168 168 168 168 168 168 168 168 168 168 168 168 168 168 168 168 168 168 168 168 168 168 168 168 168 168 169 169 169 170 170 171 171 171 172 172 172 173 173 173 174 174 175 175 175 176 176 176 177 177 177 178 178 178 179 179 180 180 180 181 181 181 182 182 182 183 183 184 184 184 
167 167 167 168 168 168 168 168 168 168 168 168 168 168 168 168 168 168 168 168 168 168 168 168 168 168 168 168 168 168 168 168 168 168 168 169 169 169 170 170 170 171 171 172 172 172 173 173 173 174 174 174 175 175 175 176 176 177 177 177 178 178 178 179 179 179 180 180 181 181 181 182 182 182 183 183 183 184 184 184 
167 167 168 168 168 168 168 168 168 168 168 168 168 168 168 168 168 168 168 168 168 168 168 168 168 168 168 168 168 168 168 168 168 168 169 169 169 170 170 170 171 171 171 172 172 172 173 173 174 174 174 175 175 175 176 176 176 177 177 178 178 178 179 179 179 180 180 180 181 181 181 182 182 183 183 183 184 184 184 185 
167 167 168 168 168 168 168 168 168 168 168 168 168 168 168 168 168 168 168 168 168 168 168 168 168 168 168 168 168 168 168 168 168 168 169 169 170 170 170 171 171 171 172 172 172 173 173 173 174 174 175 175 175 176 176 176 177 177 177 178 178 178 179 179 180 180 180 181 181 181 182 182 182 183 183 184 184 184 185 185 
167 168 168 168 168 168 168 168 168 168 168 168 168 168 168 168 168 168 168 168 168 168 168 168 168 168 168 168 168 168 168 168 168 169 169 169 170 170 170 171 171 172 172 172 173 173 173 174 174 174 175 175 176 176 176 177 177 177 178 178 178 179 179 179 180 180 181 181 181 182 182 182 183 183 183 184 184 184 185 185 
168 168 168 168 168 168 168 168 168 168 168 168 168 168 168 168 168 168 168 168 168 168 168 168 168 168 168 168 168 168 168 168 169 169 169 170 170 170 171 171 171 172 172 173 173 173 174 174 174 175 175 175 176 176 176 177 177 178 178 178 179 179 179 180 180 180 181 181 181 182 182 183 183 183 184 184 184 185 185 185 
168 168 168 168 168 168 168 168 168 168 168 168 168 168 168 168 168 168 168 168 168 168 168 168 168 168 168 168 168 168 168 169 169 169 170 170 170 171 171 171 172 172 172 173 173 173 174 174 175 175 175 176 176 176 177 177 177 178 178 178 179 179 180 180 180 181 181 181 182 182 182 183 183 183 184 184 185 185 185 186 
168 168 168 168 168 168 168 168 168 168 168 168 168 168 168 168 168 168 168 168 168 168 168 168 168 168 168 168 168 168 168 169 169 169 170 170 171 171 171 172 172 172 173 173 173 174 174 174 175 175 176 176 176 177 177 177 178 178 178 179 179 179 180 180 181 181 181 182 182 182 183 183 183 184 184 184 185 185 185 186 
168 168 168 168 168 168 168 168 168 168 168 168 168 168 168 168 168 168 168 168 168 168 168 168 168 168 168 168 168 168 169 169 169 170 170 170 171 171 172 172 172 173 173 173 174 174 174 175 175 175 176 176 176 177 177 178 178 178 179 179 179 180 180 180 181 181 181 182 182 183 183 183 184 184 184 185 185 185 186 186 
168 168 168 168 168 168 168 168 168 168 168 168 168 168 168 168 168 168 168 168 168 168 168 168 168 168 168 168 168 169 169 169 170 170 170 171 171 171 172 172 172 173 173 174 174 174 175 175 175 176 176 176 177 177 177 178 178 178 179 179 180 180 180 181 181 181 182 182 182 183 183 183 184 184 185 185 185 186 186 186 
168 168 168 168 168 168 168 168 168 168 168 168 168 168 168 168 168 168 168 168 168 168 168 168 168 168 168 168 168 169 169 170 170 170 171 171 171 172 172 172 173 173 173 174 174 174 175 175 176 176 176 177 177 177 178 178 178 179 179 179 180 180 181 181 181 182 182 182 183 183 183 184 184 184 185 185 185 186 186 187 
168 168 168 168 168 168 168 168 168 168 168 168 168 168 168 168 168 168 168 168 168 168 168 168 168 168 168 168 169 169 169 170 170 171 171 171 172 172 172 173 173 173 174 174 174 175 175 175 176 176 177 177 177 178 178 178 179 179 179 180 180 180 181 181 181 182 182 183 183 183 184 184 184 185 185 185 186 186 186 187 
168 168 168 168 168 168 168 168 168 168 168 168 168 168 168 168 168 168 168 168 168 168 168 168 168 168 168 169 169 169 170 170 170 171 171 171 172 172 173 173 173 174 174 174 175 175 175 176 176 176 177 177 177 178 178 179 179 179 180 180 180 181 181 181 182 182 182 183 183 183 184 184 184 185 185 186 186 186 187 187 
168 168 168 168 168 168 168 168 168 168 168 168 168 168 168 168 168 168 168 168 168 168 168 168 168 168 169 169 169 170 170 170 171 171 171 172 172 172 173 173 173 174 174 175 175 175 176 176 176 177 177 177 178 178 178 179 179 179 180 180 180 181 181 182 182 182 183 183 183 184 184 184 185 185 185 186 186 186 187 187 
168 168 168 168 168 168 168 168 168 168 168 168 168 168 168 168 168 168 168 168 168 168 168 168 168 168 169 169 170 170 170 171 171 171 172 172 172 173 173 173 174 174 174 175 175 175 176 176 177 177 177 178 178 178 179 179 179 180 180 180 181 181 181 182 182 182 183 183 184 184 184 185 185 185 186 186 186 187 187 187 
168 168 168 168 168 168 168 168 168 168 168 168 168 168 168 168 168 168 168 168 168 168 168 168 168 169 169 169 170 170 170 171 171 172 172 172 173 173 173 174 174 174 175 175 175 176 176 176 177 177 177 178 178 179 179 179 180 180 180 181 181 181 182 182 182 183 183 183 184 184 184 185 185 186 186 186 187 187 187 188 
168 168 168 168 168 168 168 168 168 168 168 168 168 168 168 168 168 168 168 168 168 168 168 168 169 169 169 170 170 170 171 171 171 172 172 172 173 173 174 174 174 175 175 175 176 176 176 177 177 177 178 178 178 179 179 179 180 180 180 181 181 182 182 182 183 183 183 184 184 184 185 185 185 186 186 186 187 187 187 188 
168 168 168 168 168 168 168 168 168 168 168 168 168 168 168 168 168 168 168 168 168 168 168 169 169 169 170 170 170 171 171 171 172 172 172 173 173 173 174 174 174 175 175 175 176 176 177 177 177 178 178 178 179 179 179 180 180 180 181 181 181 182 182 182 183 183 184 184 184 185 185 185 186 186 186 187 187 187 188 188 
168 168 168 168 168 168 168 168 168 168 168 168 168 168 168 168 168 168 168 168 168 168 168 169 169 169 170 170 171 171 171 172 172 172 173 173 173 174 174 174 175 175 175 176 176 176 177 177 177 178 178 179 179 179 180 180 180 181 181 181 182 182 182 183 183 183 184 184 184 185 185 185 186 186 187 187 187 188 188 188 
168 168 168 168 168 168 168 168 168 168 168 168 168 168 168 168 168 168 168 168 168 168 169 169 169 170 170 170 171 171 171 172 172 173 173 173 174 174 174 175 175 175 176 176 176 177 177 177 178 178 178 179 179 179 180 180 180 181 181 182 182 182 183 183 183 184 184 184 185 185 185 186 186 186 187 187 187 188 188 188 
168 168 168 168 168 168 168 168 168 168 168 168 168 168 168 168 168 168 168 168 168 169 169 169 170 170 170 171 171 171 172 172 172 173 173 173 174 174 174 175 175 176 176 176 177 177 177 178 178 178 179 179 179 180 180 180 181 181 181 182 182 182 183 183 183 184 184 185 185 185 186 186 186 187 187 187 188 188 188 189 
168 168 168 168 168 168 168 168 168 168 168 168 168 168 168 168 168 168 168 168 169 169 169 170 170 170 171 171 171 172 172 172 173 173 173 174 174 174 175 175 175 176 176 176 177 177 177 178 178 179 179 179 180 180 180 181 181 181 182 182 182 183 183 183 184 184 184 185 185 185 186 186 186 187 187 188 188 188 189 189 
168 168 168 168 168 168 168 168 168 168 168 168 168 168 168 168 168 168 168 168 169 169 169 170 170 170 171 171 172 172 172 173 173 173 174 174 174 175 175 175 176 176 176 177 177 177 178 178 178 179 179 179 180 180 180 181 181 182 182 182 183 183 183 184 184 184 185 185 185 186 186 186 187 187 187 188 188 188 189 189 
168 168 168 168 168 168 168 168 168 168 168 168 168 168 168 168 168 168 168 169 169 169 170 170 170 171 171 171 172 172 172 173 173 173 174 174 175 175 175 176 176 176 177 177 177 178 178 178 179 179 179 180 180 180 181 181 181 182 182 182 183 183 183 184 184 184 185 185 186 186 186 187 187 187 188 188 188 189 189 189 
168 168 168 168 168 168 168 168 168 168 168 168 168 168 168 168 168 168 169 169 169 170 170 170 171 171 171 172 172 172 173 173 173 174 174 174 175 175 175 176 176 176 177 177 177 178 178 179 179 179 180 180 180 181 181 181 182 182 182 183 183 183 184 184 184 185 185 185 186 186 186 187 187 187 188 188 188 189 189 190 
168 168 168 168 168 168 168 168 168 168 168 168 168 168 168 168 168 168 169 169 169 170 170 171 171 171 172 172 172 173 173 173 174 174 174 175 175 175 176 176 176 177 177 177 178 178 178 179 179 179 180 180 180 181 181 182 182 182 183 183 183 184 184 184 185 185 185 186 186 186 187 187 187 188 188 188 189 189 189 190 
168 168 168 168 168 168 168 168 168 168 168 168 168 168 168 168 168 169 169 169 170 170 170 171 171 171 172 172 172 173 173 174 174 174 175 175 175 176 176 176 177 177 177 178 178 178 179 179 179 180 180 180 181 181 181 182 182 182 183 183 183 184 184 184 185 185 185 186 186 187 187 187 188 188 188 189 189 189 190 190 
168 168 168 168 168 168 168 168 168 168 168 168 168 168 168 168 169 169 169 170 170 170 171 171 171 172 172 172 173 173 173 174 174 174 175 175 175 176 176 176 177 177 178 178 178 179 179 179 180 180 180 181 181 181 182 182 182 183 183 183 184 184 184 185 185 185 186 186 186 187 187 187 188 188 188 189 189 189 190 190 
168 168 168 168 168 168 168 168 168 168 168 168 168 168 168 169 169 169 170 170 170 171 171 171 172 172 172 173 173 173 174 174 174 175 175 175 176 176 176 177 177 177 178 178 178 179 179 179 180 180 180 181 181 181 182 182 183 183 183 184 184 184 185 185 185 186 186 186 187 187 187 188 188 188 189 189 189 190 190 190 
168 168 168 168 168 168 168 168 168 168 168 168 168 168 168 169 169 169 170 170 170 171 171 172 172 172 173 173 173 174 174 174 175 175 175 176 176 176 177 177 177 178 178 178 179 179 179 180 180 180 181 181 181 182 182 182 183 183 183 184 184 184 185 185 185 186 186 186 187 187 187 188 188 189 189 189 190 190 190 191 
168 168 168 168 168 168 168 168 168 168 168 168 168 168 169 169 169 170 170 170 171 171 171 172 172 172 173 173 173 174 174 174 175 175 175 176 176 177 177 177 178 178 178 179 179 179 180 180 180 181 181 181 182 182 182 183 183 183 184 184 184 185 185 185 186 186 186 187 187 187 188 188 188 189 189 189 190 190 190 191 
168 168 168 168 168 168 168 168 168 168 168 168 168 169 169 169 170 170 170 171 171 171 172 172 172 173 173 173 174 174 174 175 175 175 176 176 176 177 177 177 178 178 178 179 179 179 180 180 180 181 181 181 182 182 182 183 183 184 184 184 185 185 185 186 186 186 187 187 187 188 188 188 189 189 189 190 190 190 191 191 
168 168 168 168 168 168 168 168 168 168 168 168 169 169 169 170 170 170 171 171 171 172 172 172 173 173 173 174 174 174 175 175 175 176 176 176 177 177 177 178 178 178 179 179 179 180 180 180 181 181 181 182 182 182 183 183 183 184 184 184 185 185 185 186 186 186 187 187 187 188 188 188 189 189 189 190 190 190 191 191 
168 168 168 168 168 168 168 168 168 168 168 168 169 169 169 170 170 170 171 171 171 172 172 172 173 173 173 174 174 174 175 175 176 176 176 177 177 177 178 178 178 179 179 179 180 180 180 181 181 181 182 182 182 183 183 183 184 184 184 185 185 185 186 186 186 187 187 187 188 188 188 189 189 189 190 190 190 191 191 191 
168 168 168 168 168 168 168 168 168 168 168 169 169 169 170 170 170 171 171 171 172 172 172 173 173 173 174 174 174 175 175 175 176 176 176 177 177 177 178 178 178 179 179 179 180 180 180 181 181 181 182 182 182 183 183 183 184 184 185 185 185 186 186 186 187 187 187 188 188 188 189 189 189 190 190 190 191 191 191 192 
168 168 168 168 168 168 168 168 168 168 169 169 169 170 170 170 171 171 171 172 172 172 173 173 173 174 174 174 175 175 175 176 176 176 177 177 177 178 178 178 179 179 179 180 180 180 181 181 181 182 182 182 183 183 183 184 184 184 185 185 185 186 186 186 187 187 187 188 188 188 189 189 189 190 190 190 191 191 191 192 
168 168 168 168 168 168 168 168 168 168 169 169 169 170 170 171 171 171 172 172 172 173 173 173 174 174 174 175 175 175 176 176 176 177 177 177 178 178 178 179 179 179 180 180 180 181 181 181 182 182 182 183 183 183 184 184 184 185 185 185 186 186 186 187 187 187 188 188 188 189 189 189 186 169 190 191 191 191 192 192 
168 168 168 168 168 168 168 168 168 169 169 169 170 170 170 171 171 171 172 172 172 173 173 173 174 174 174 175 175 175 176 176 176 177 177 177 178 178 178 179 179 179 180 180 180 181 181 181 182 182 182 183 183 183 184 184 184 185 185 185 186 186 186 187 187 187 188 188 188 189 189 189 135 185 190 191 191 191 192 192 
168 168 168 168 168 168 168 168 169 169 169 170 170 170 171 171 171 172 172 172 173 173 173 174 174 174 175 175 175 176 176 176 177 177 177 178 178 178 179 179 179 180 180 180 181 181 181 182 182 182 183 183 183 184 184 184 185 185 185 186 186 186 187 187 187 188 188 188 189 189 189 190 71 55 191 191 191 192 192 192 
168 168 168 168 168 168 168 169 169 169 170 170 170 171 171 171 172 172 172 173 173 173 174 174 174 175 175 175 176 176 176 177 177 177 178 178 178 179 179 179 180 180 180 181 181 181 182 182 182 183 183 183 184 184 184 185 185 185 186 186 186 187 187 187 188 188 188 189 189 189 190 190 190 191 191 191 192 192 192 193 
168 168 168 168 168 168 168 169 169 169 170 170 170 171 171 171 172 172 172 173 173 173 174 174 174 175 175 175 176 176 176 177 177 177 178 178 178 179 179 179 180 180 180 181 181 181 182 182 182 183 183 183 184 184 184 185 185 185 186 186 186 187 187 187 188 188 188 189 189 189 190 190 60 191 54 191 178 173 133 193 
168 168 168 168 168 168 169 169 169 170 170 170 171 171 171 172 172 172 173 173 173 174 174 174 175 175 175 176 176 176 177 177 177 178 178 178 179 179 179 180 180 180 181 181 181 182 182 182 183 183 183 184 184 184 185 185 185 186 186 186 187 187 187 188 188 188 189 189 189 190 190 190 191 191 191 51 51 172 67 59 
168 168 168 168 168 169 169 169 170 170 170 171 171 171 172 172 172 173 173 173 174 174 174 175 175 175 176 176 176 177 177 177 178 178 178 179 179 179 180 180 180 181 181 181 182 182 182 183 183 183 184 184 184 185 185 185 186 186 186 187 187 187 188 188 188 189 189 189 190 190 190 191 51 144 191 192 192 192 193 193 
168 168 168 168 169 169 169 170 170 170 171 171 171 172 172 172 173 173 140 173 174 174 174 175 175 175 176 176 176 177 177 177 178 178 178 179 179 179 180 180 180 181 181 181 182 182 182 183 183 183 184 184 184 185 185 185 186 186 186 187 187 187 188 188 188 189 189 189 190 190 190 191 191 191 192 192 192 193 193 193 
168 168 168 168 249 169 139 89 158 109 84 84 84 84 84 84 84 84 84 84 84 84 84 84 84 84 84 84 84 84 84 84 84 84 84 84 84 84 84 84 84 84 84 84 84 84 84 84 84 84 84 84 84 84 84 84 84 84 84 84 84 84 84 84 84 84 84 84 84 84 84 84 84 84 84 84 84 84 84 84 
157 172 172 172 173 105 90 159 174 174 175 175 175 175 110 161 176 177 132 167 126 166 178 128 167 127 166 124 162 116 149 103 117 96 165 183 183 183 184 184 184 185 185 185 186 186 186 187 187 187 188 188 188 189 189 189 190 190 190 191 191 97 51 145 192 193 193 98 146 176 168 169 169 169 169 170 170 170 171 171 
172 172 172 173 173 173 174 174 174 175 175 175 176 176 176 177 177 177 178 178 178 179 179 179 180 180 180 181 181 181 182 182 182 183 183 183 184 184 184 185 185 185 186 186 186 187 187 187 188 188 188 189 189 189 190 190 190 191 191 191 191 192 192 192 193 193 193 194 194 168 169 169 169 140 92 170 93 153 106 84 
84 96 86 84 90 170 86 86 118 141 96 176 176 176 177 89 138 88 174 178 179 102 111 102 180 180 109 181 181 182 182 182 183 183 107 183 184 184 184 185 185 185 186 186 186 187 187 187 188 188 188 189 189 189 190 190 190 191 191 191 192 51 51 61 105 193 194 194 126 169 169 169 170 116 170 171 171 138 160 84 
142 155 106 135 141 156 171 137 129 161 176 176 176 177 123 130 168 177 177 177 177 177 177 177 177 177 177 177 177 177 177 177 177 177 177 177 177 177 177 177 177 177 177 177 177 177 177 177 177 177 177 177 177 177 177 177 177 177 177 177 177 177 177 177 177 177 177 177 177 177 177 177 177 177 177 177 177 177 177 177 
177 177 177 177 177 177 177 177 177 177 177 177 177 177 177 177 177 177 177 177 177 177 177 177 177 177 177 177 177 177 177 177 177 177 177 177 177 177 177 177 177 177 177 177 177 177 177 177 177 177 177 177 177 177 177 177 177 177 177 177 177 177 177 177 177 177 177 177 177 177 177 177 177 177 177 177 177 177 177 177 
177 177 177 177 177 177 177 177 177 177 177 177 177 177 177 177 177 177 177 177 177 177 177 177 177 177 177 177 177 177 177 177 177 177 177 177 177 177 177 177 177 177 177 177 177 177 177 177 177 177 177 177 177 177 177 177 177 177 177 177 177 177 177 177 177 177 177 177 177 177 177 177 177 177 177 177 177 177 177 177 
