4 4 4 4 4 4 4 4 4 4 4 4 4 4 4 4 4 4 4 4 4 4 4 4 4 4 4 4 4 4 4 4 4 4 4 4 4 4 4 4 4 4 4 4 4 4 4 4 4 4 4 4 4 4 4 4 4 4 4 4 4 4 4 4 4 4 4 4 4 4 4 4 4 4 4 4 4 4 4 4 
4 4 4 4 4 4 4 4 4 4 4 4 4 4 4 4 4 4 4 4 4 4 4 4 4 4 4 4 4 4 4 4 4 4 4 4 4 4 4 4 4 4 4 4 4 4 4 4 4 4 4 4 4 4 4 4 4 4 4 4 4 4 4 4 4 4 4 4 4 4 4 4 4 4 4 4 4 4 4 4 
4 4 4 4 4 4 4 4 4 4 4 4 4 4 4 4 4 4 4 4 4 4 4 4 4 4 4 4 4 4 4 4 4 4 4 4 4 4 4 4 4 4 4 4 4 4 4 4 4 4 4 4 4 4 4 4 4 4 4 4 4 4 4 4 4 4 4 4 4 4 4 4 4 4 4 4 4 4 4 4 
4 4 4 4 4 4 4 4 4 4 4 4 4 4 4 4 4 4 4 4 4 4 4 4 4 4 4 4 4 4 4 4 4 4 4 4 4 4 4 4 4 4 4 4 4 4 4 4 4 4 4 4 4 4 4 4 4 4 4 4 4 4 4 4 4 4 4 4 4 4 4 4 4 4 4 4 4 4 4 4 
4 4 4 4 4 4 4 4 4 4 4 4 4 4 4 4 4 4 4 4 4 4 4 4 4 4 4 4 4 4 4 4 4 4 4 4 4 4 4 4 4 4 4 4 4 4 4 4 4 4 4 4 4 4 4 4 4 4 4 4 4 4 4 4 4 4 4 4 4 4 4 4 4 4 4 4 4 4 4 4 
4 4 4 4 4 4 4 4 4 4 4 4 4 4 4 4 4 4 4 4 4 4 4 4 4 4 4 4 4 4 4 4 4 4 4 4 4 4 4 4 4 4 4 4 4 4 4 4 4 4 4 4 4 4 4 4 4 4 4 4 4 4 4 4 4 4 4 4 4 4 4 4 4 4 4 4 4 4 4 4 
4 4 4 4 4 4 4 4 4 4 4 4 4 4 4 4 4 4 4 4 4 4 4 4 4 4 4 4 4 4 4 4 4 4 4 4 4 4 4 4 4 4 4 4 4 4 4 4 4 4 4 4 4 4 4 4 4 4 4 4 4 4 4 4 4 4 4 4 4 4 4 4 4 4 4 4 4 4 4 4 
4 4 4 4 4 4 4 4 4 4 4 4 4 4 4 4 4 4 4 4 4 4 4 4 4 4 4 4 4 4 4 4 4 4 4 4 4 4 4 4 4 4 4 4 4 4 4 4 4 4 4 4 4 4 4 4 4 4 4 4 4 4 4 4 4 4 4 4 4 4 4 4 4 4 4 4 4 4 4 4 
4 4 4 4 4 4 4 4 4 4 4 4 4 4 4 4 4 4 4 4 4 4 4 4 4 4 4 4 4 4 4 4 4 4 4 4 4 4 4 4 4 4 4 4 4 4 4 4 4 4 4 4 4 4 4 4 4 4 4 4 4 4 4 4 4 4 4 4 4 4 4 4 4 4 4 4 4 4 4 4 
4 4 4 4 4 4 4 4 4 4 4 4 4 4 4 4 4 4 4 4 4 4 4 4 4 4 4 4 4 4 4 4 4 4 4 4 4 4 4 4 4 4 4 4 4 4 4 4 4 4 4 4 4 4 4 4 4 4 4 4 4 4 4 4 4 4 4 4 4 4 4 4 4 4 4 4 4 4 4 4 
4 4 4 4 4 4 4 4 4 4 4 4 4 4 4 4 4 4 4 4 4 4 4 4 4 4 4 4 4 4 4 4 4 4 4 4 4 4 4 4 4 4 4 4 4 4 4 4 4 4 4 4 4 4 4 4 4 4 4 4 4 4 4 4 4 4 4 4 4 4 4 4 4 4 4 4 4 4 4 4 
4 4 4 4 4 4 4 4 4 4 4 4 4 4 4 4 4 4 4 4 4 4 4 4 4 4 4 4 4 4 4 4 4 4 4 4 4 4 4 4 4 4 4 4 4 4 4 4 4 4 4 4 4 4 4 4 4 4 4 4 4 4 4 4 4 4 4 4 4 4 4 4 4 4 4 4 4 4 4 4 
4 4 4 4 4 4 4 4 4 4 4 4 4 4 4 4 4 4 4 4 4 4 4 4 4 4 4 4 4 4 4 4 4 4 4 4 4 4 4 4 4 4 4 4 4 4 4 4 4 4 4 4 4 4 4 4 4 4 4 4 4 4 4 4 4 4 4 4 4 4 4 4 4 4 4 4 4 4 4 4 
4 4 4 4 4 4 4 4 4 4 4 4 4 4 4 4 4 4 4 4 4 4 4 4 4 4 4 4 4 4 4 4 4 4 4 4 4 4 4 4 4 4 4 4 4 4 4 4 4 4 4 4 4 4 4 4 4 4 4 4 4 4 4 4 4 4 4 4 4 4 4 4 4 4 4 4 4 4 4 4 
4 4 4 4 4 4 4 4 4 4 4 4 4 4 4 4 4 4 4 4 4 4 4 4 4 4 4 4 4 4 4 4 4 4 4 4 4 4 4 4 4 4 4 4 4 4 4 4 4 4 4 4 4 4 4 4 4 4 4 4 4 4 4 4 4 4 4 4 4 4 4 4 4 4 4 4 4 4 4 4 
4 4 4 4 4 4 4 4 4 4 4 4 4 4 4 4 4 4 4 4 4 4 4 4 4 4 4 4 4 4 4 4 4 4 4 4 4 4 4 4 4 4 4 4 4 4 4 4 4 4 4 4 4 4 4 4 4 4 4 4 4 4 4 4 4 4 4 4 4 4 4 4 4 4 4 4 4 4 4 4 
4 4 4 4 4 4 4 4 4 4 4 4 4 4 4 4 4 4 4 4 4 4 4 4 4 4 4 4 4 4 4 4 4 4 4 4 4 4 4 4 4 4 4 4 4 4 4 4 4 4 4 4 4 4 4 4 4 4 4 4 4 4 4 4 4 4 4 4 4 4 4 4 4 4 4 4 4 4 4 4 
4 4 4 4 4 4 4 4 4 4 4 4 4 4 4 4 4 4 4 4 4 4 4 4 4 4 4 4 4 4 4 4 4 4 4 4 4 4 4 4 4 4 4 4 4 4 4 4 4 4 4 4 4 4 4 4 4 4 4 4 4 4 4 4 4 4 4 4 4 4 4 4 4 4 4 4 4 4 4 4 
4 4 4 4 4 4 4 4 4 4 4 4 4 4 4 4 4 4 4 4 4 4 4 4 4 4 4 4 4 4 4 4 4 4 4 4 4 4 4 4 4 4 4 4 4 4 4 4 4 4 4 4 4 4 4 4 4 4 4 4 4 4 4 4 4 4 4 4 4 4 4 4 4 4 4 4 4 4 4 4 
4 4 4 4 4 4 4 4 4 4 4 4 4 4 4 4 4 4 4 4 4 4 4 4 4 4 4 4 4 4 4 4 4 4 4 4 4 4 4 4 4 4 4 4 4 4 4 4 4 4 4 4 4 4 4 4 4 4 4 4 4 4 4 4 4 4 4 4 4 4 4 4 4 4 4 4 4 4 4 4 
4 4 4 4 4 4 4 4 4 4 4 4 4 4 4 4 4 4 4 4 4 4 4 4 4 4 4 4 4 4 4 4 4 4 4 4 4 4 4 4 4 4 4 4 4 4 4 4 4 4 4 4 4 4 4 4 4 4 4 4 4 4 4 4 4 4 4 4 4 4 4 4 4 4 4 4 4 4 4 4 
4 4 4 4 4 4 4 4 4 4 4 4 4 4 4 4 4 4 4 4 4 4 4 4 4 4 4 4 4 4 4 4 4 4 4 4 4 4 4 4 4 4 4 4 4 4 4 4 4 4 4 4 4 4 4 4 4 4 4 4 4 4 4 4 4 4 4 4 4 4 4 4 4 4 4 4 4 4 4 4 
4 4 4 4 4 4 4 4 4 4 4 4 4 4 4 4 4 4 4 4 4 4 4 4 4 4 4 4 4 4 4 4 4 4 4 4 4 4 4 4 4 4 4 4 4 4 4 4 4 4 4 4 4 4 4 4 4 4 4 4 4 4 4 4 4 4 4 4 4 4 4 4 4 4 4 4 4 4 4 4 
4 4 4 4 4 4 4 4 4 4 4 4 4 4 4 4 4 4 4 4 4 4 4 4 4 4 4 4 4 4 4 4 4 4 4 4 4 4 4 4 4 4 4 4 4 4 4 4 4 4 4 4 4 4 4 4 4 4 4 4 4 4 4 4 4 4 4 4 4 4 4 4 4 4 4 4 4 4 4 4 
4 4 4 4 4 4 4 4 4 4 4 4 4 4 4 4 4 4 4 4 4 4 4 4 4 4 4 4 4 4 4 4 4 4 4 4 4 4 4 4 4 4 4 4 4 4 4 4 4 4 4 4 4 4 4 4 4 4 4 4 4 4 4 4 4 4 4 4 4 4 4 4 4 4 4 4 4 4 4 4 
5 5 5 5 5 5 4 4 4 4 4 4 4 4 4 4 4 4 4 4 4 4 4 4 4 4 4 4 4 4 4 4 4 4 4 4 4 4 4 4 4 4 4 4 4 4 4 4 4 4 4 4 4 4 4 4 4 4 4 4 4 4 4 4 4 4 4 4 4 4 4 4 4 4 4 4 4 4 4 4 
5 5 5 5 5 5 5 5 5 5 5 4 4 4 4 4 4 4 4 4 4 4 4 4 4 4 4 4 4 4 4 4 4 4 4 4 4 4 4 4 4 4 4 4 4 4 4 4 4 4 4 4 4 4 4 4 4 4 4 4 4 4 4 4 4 4 4 4 4 4 4 4 4 4 4 4 4 4 4 4 
5 5 5 5 5 5 5 5 5 5 5 5 5 5 5 5 5 5 5 5 5 5 4 4 4 4 4 4 4 4 4 4 4 4 4 4 4 4 4 4 4 4 4 4 4 4 4 4 4 4 4 4 4 4 4 4 4 4 4 4 4 4 4 4 4 4 4 4 4 4 4 4 4 4 4 4 4 4 4 4 
5 5 5 5 5 5 5 5 5 5 5 5 5 5 5 5 5 5 5 5 5 5 5 5 5 5 5 4 4 4 4 4 4 4 4 4 4 4 4 4 125 124 124 124 123 123 123 123 122 122 122 121 121 121 120 120 4 4 4 4 4 4 4 4 4 4 4 4 4 4 4 4 4 4 4 4 4 4 4 4 
6 6 6 6 5 5 5 5 5 5 5 5 5 5 5 5 5 5 5 5 5 5 5 5 5 5 5 5 5 5 5 5 128 128 127 127 127 126 126 125 125 125 124 124 123 123 123 122 122 122 122 121 121 121 120 120 4 4 4 4 4 4 4 4 4 4 4 4 4 4 4 4 4 4 4 4 4 4 4 4 
6 6 6 6 6 6 6 6 6 6 6 5 5 5 5 5 5 5 5 5 5 5 5 5 5 5 5 5 5 5 5 5 128 128 127 127 126 126 126 125 125 124 124 124 123 123 122 122 122 122 121 121 121 121 120 120 4 4 4 4 4 4 4 4 4 4 4 4 4 4 4 4 4 4 4 4 4 4 4 4 
6 6 6 6 6 6 6 6 6 6 6 6 6 6 6 6 6 6 6 6 5 5 5 5 5 5 5 5 5 5 5 5 128 128 127 127 126 126 126 125 125 124 124 124 123 123 122 122 122 122 121 121 121 120 120 120 4 4 4 4 4 4 4 4 4 4 4 4 4 4 4 4 4 4 4 4 4 4 4 4 
6 6 6 6 6 6 6 6 6 6 6 6 6 6 6 6 6 6 6 6 6 6 6 5 5 5 5 5 5 5 48 127 127 127 126 126 125 125 125 124 124 123 123 123 122 122 122 122 121 121 121 120 120 120 80 4 4 4 4 4 4 4 4 4 4 4 4 4 4 4 4 4 4 4 4 4 4 4 4 7 
6 6 6 6 6 6 6 6 6 6 6 6 6 6 6 6 6 6 6 6 6 6 5 5 5 5 88 127 127 126 126 126 125 125 124 124 124 123 123 122 122 122 122 122 121 121 121 120 120 120 42 4 4 4 4 4 4 4 4 4 4 4 4 4 4 4 4 4 4 4 4 4 4 4 5 7 7 7 7 7 
6 6 6 6 6 6 6 6 6 6 6 6 6 6 6 6 6 6 6 6 6 128 127 127 126 126 125 125 125 124 124 123 123 123 122 122 122 122 121 121 121 121 120 120 120 4 4 4 4 4 4 4 4 4 4 4 4 4 4 4 4 4 4 4 4 4 4 4 4 8 8 8 8 8 8 7 7 7 7 7 
6 6 6 6 6 6 6 6 6 6 6 6 6 6 6 48 127 127 126 126 125 125 125 124 124 123 123 123 122 122 122 122 121 121 121 121 120 120 120 80 4 4 4 4 4 4 4 4 4 4 4 4 4 4 4 4 4 4 4 4 4 4 4 4 8 8 8 8 8 8 8 8 8 8 7 7 7 7 7 7 
6 6 6 6 6 6 6 6 6 6 6 6 127 127 126 126 126 125 125 124 124 124 123 123 123 122 122 122 122 121 121 121 121 120 120 120 4 4 4 4 4 4 4 4 4 4 4 4 4 4 4 4 4 4 4 4 4 4 4 4 9 9 9 8 8 8 8 8 8 8 8 8 8 7 7 7 7 7 7 7 
6 6 6 6 6 6 6 6 127 127 126 126 125 125 125 124 124 123 123 123 123 122 122 122 121 121 121 121 121 120 120 120 4 4 4 4 4 4 4 4 4 4 4 4 4 4 4 4 4 4 4 4 4 4 4 4 10 10 9 9 9 9 8 8 8 8 8 8 8 8 8 8 8 7 7 7 7 7 7 6 
6 6 6 88 126 126 126 125 125 124 124 124 123 123 123 122 122 122 122 121 121 121 121 120 120 120 120 42 4 4 4 4 4 4 4 4 4 4 4 4 4 4 4 4 4 4 4 4 4 4 4 7 10 10 10 10 9 9 9 9 9 8 8 8 8 8 8 8 8 8 7 7 7 7 7 7 7 7 6 6 
126 126 126 125 125 124 124 124 123 123 123 122 122 122 122 121 121 121 121 120 120 120 120 80 4 4 4 4 4 4 4 4 4 4 4 4 4 4 4 4 4 4 4 4 4 4 4 4 11 10 10 10 10 10 10 9 9 9 9 8 8 8 8 8 8 8 8 8 8 8 7 7 7 7 7 7 6 6 6 49 
125 125 125 124 124 124 123 123 123 122 122 122 121 121 121 121 121 120 120 120 120 5 4 4 4 4 4 4 4 4 4 4 4 4 4 4 4 4 4 4 4 4 4 4 4 12 11 11 11 10 10 10 10 10 10 9 9 9 8 8 8 8 8 8 8 8 8 8 8 7 7 7 7 7 7 6 6 126 126 126 
124 124 124 123 123 123 123 122 122 122 121 121 121 121 121 120 120 120 120 80 5 5 4 4 4 4 4 4 4 4 4 4 4 4 4 4 4 4 4 4 4 4 4 4 12 12 12 11 11 10 10 10 10 10 10 10 9 9 9 9 8 8 8 8 8 8 8 8 8 7 7 7 7 7 7 48 126 125 125 125 
124 124 124 123 123 123 122 122 122 122 121 121 121 121 121 120 120 120 120 5 5 4 4 4 4 4 4 4 4 4 4 4 4 4 4 4 4 4 4 4 4 4 4 13 13 13 12 12 11 11 10 10 10 10 10 10 9 9 9 9 8 8 8 8 8 8 8 8 8 7 7 7 7 7 7 126 126 125 125 125 
124 124 124 123 123 123 122 122 122 122 121 121 121 121 121 120 120 120 120 5 5 5 4 4 4 4 4 4 4 4 4 4 4 4 4 4 4 4 4 4 4 4 4 16 16 15 13 13 12 12 11 11 10 10 10 10 10 10 9 9 9 8 8 8 8 8 8 8 8 8 8 7 7 7 7 126 126 125 125 124 
124 124 124 123 123 123 122 122 122 122 121 121 121 121 120 120 120 120 120 5 5 5 4 4 4 4 4 4 4 4 4 4 4 4 4 4 4 4 4 4 4 4 4 18 18 16 16 15 15 12 12 12 12 10 10 10 10 10 10 9 9 9 9 8 8 8 8 8 8 8 8 8 7 7 7 126 125 125 125 124 
124 124 123 123 123 123 122 122 122 122 121 121 121 121 120 120 120 120 120 5 5 5 5 4 4 4 4 4 4 4 4 4 4 4 4 4 4 4 4 4 4 4 4 21 21 18 18 18 15 15 15 14 12 12 12 12 12 10 10 10 10 9 9 9 8 8 8 8 8 8 8 8 8 7 7 126 125 125 125 124 
124 124 123 123 123 122 122 122 122 122 121 121 121 121 120 120 120 120 120 5 5 5 5 4 4 4 4 4 4 4 4 4 4 4 4 4 4 4 4 4 4 4 4 24 24 20 20 20 20 20 20 20 20 20 20 20 20 20 20 20 20 20 20 20 20 20 20 20 20 20 20 20 20 20 20 20 20 20 20 20 
121 121 121 120 120 120 120 119 42 5 5 5 5 4 4 4 4 4 4 4 4 4 4 4 4 4 4 4 4 4 4 4 16 29 27 25 24 22 22 20 19 19 18 16 16 16 15 14 13 13 13 12 11 11 11 11 11 10 9 9 9 8 8 8 87 125 125 124 124 124 124 123 123 123 122 122 122 122 121 121 
121 121 121 120 120 120 120 119 42 5 5 5 5 4 4 4 4 4 4 4 4 4 4 4 4 4 4 4 4 4 4 4 17 29 28 28 26 24 23 21 21 20 19 18 18 17 16 16 15 14 13 13 13 13 12 11 11 10 10 10 10 9 8 8 87 125 125 124 124 124 123 123 123 123 122 122 122 121 121 121 
43 6 6 5 5 5 5 5 5 5 5 5 4 4 4 4 4 4 4 4 4 4 4 4 4 4 4 4 4 4 4 4 19 32 30 28 27 26 25 23 22 21 20 20 19 18 18 17 15 15 15 15 14 13 12 12 12 11 10 10 10 10 10 10 9 8 8 8 8 8 32 18 25 34 32 17 7 5 6 6 
6 6 6 6 5 5 5 5 5 5 4 4 4 4 4 4 4 4 4 4 4 4 4 4 4 4 4 4 4 4 4 37 33 32 29 28 26 26 25 23 22 22 20 20 20 18 18 18 18 18 18 18 18 18 18 18 18 18 18 18 18 18 18 18 18 18 18 18 18 18 18 18 18 18 18 18 18 18 18 18 
5 5 4 4 4 4 4 4 4 4 4 4 4 4 4 4 4 4 4 4 5 41 38 34 32 30 29 26 26 24 24 23 21 21 20 18 18 18 18 16 16 16 16 16 14 14 14 13 13 12 11 11 11 11 11 10 9 9 9 17 36 35 27 15 6 19 7 7 7 7 7 7 7 7 6 6 6 6 6 6 
5 5 5 5 5 5 5 4 4 4 4 4 4 4 4 4 4 4 4 4 5 2 43 38 36 32 30 28 27 24 24 22 22 22 20 20 20 20 18 18 18 18 18 18 18 18 18 18 18 18 18 18 18 18 18 18 18 18 18 18 18 18 18 18 18 18 18 18 18 18 18 18 18 18 18 18 18 18 18 18 
5 4 4 4 4 4 4 4 4 4 2 0 0 20 39 35 32 30 28 26 25 24 23 22 21 20 20 20 19 18 18 17 16 16 16 16 15 14 14 14 14 13 12 12 12 12 12 11 19 29 32 24 12 6 6 8 8 8 8 8 8 8 8 7 6 6 6 6 6 6 6 6 6 6 6 5 5 5 5 5 
4 4 5 2 0 0 0 0 42 36 32 30 29 26 26 23 23 22 22 22 20 20 20 20 18 18 18 16 16 16 16 16 14 14 14 14 13 12 12 12 12 12 21 29 24 13 5 3 10 9 9 8 8 8 8 8 8 8 8 8 7 6 6 6 6 6 6 6 6 6 6 6 6 4 5 4 4 4 4 4 
1 0 0 0 0 20 38 34 31 28 26 25 24 23 22 21 20 20 20 19 19 19 19 19 19 19 19 19 19 19 19 19 19 19 19 19 19 19 19 19 19 19 19 19 19 19 19 19 19 19 19 19 19 19 19 19 19 19 19 19 19 19 19 19 19 19 19 19 19 19 19 19 19 19 19 19 19 19 19 19 
28 25 24 22 21 21 20 20 20 19 19 19 19 19 19 19 19 19 19 19 19 19 19 19 19 19 19 19 19 19 19 19 19 19 19 19 19 19 19 19 19 19 19 19 19 19 19 19 19 19 19 19 19 19 19 19 19 19 19 19 19 19 19 19 19 19 19 19 19 19 19 19 19 19 19 19 19 19 19 19 
18 18 18 18 18 18 18 18 18 18 18 18 18 18 18 18 18 18 18 18 18 18 18 18 18 18 18 18 18 18 18 18 18 18 18 18 18 18 18 18 18 18 18 18 18 18 18 18 18 18 18 18 18 18 18 18 18 18 18 18 18 18 18 18 18 18 18 18 18 18 18 18 18 18 18 18 18 18 18 18 
15 15 14 14 13 13 13 13 12 12 12 12 12 11 10 10 10 10 10 10 9 9 9 9 8 8 8 8 8 7 7 7 7 7 7 7 7 6 6 7 11 8 6 6 6 5 5 4 1 1 1 1 1 1 1 1 1 0 19 36 31 27 23 21 19 17 16 16 16 16 16 16 16 16 16 16 16 16 16 16 
12 12 11 11 11 11 10 10 10 10 10 9 9 9 9 9 8 8 8 8 8 8 8 8 6 6 6 6 21 46 33 6 6 6 6 5 5 0 1 2 1 0 2 1 1 0 0 1 0 38 34 28 24 20 18 16 15 13 13 14 14 14 15 15 15 15 14 14 15 15 14 14 14 14 13 13 13 13 13 12 
10 10 10 10 10 10 10 9 9 9 9 9 8 8 8 8 8 8 8 7 7 7 7 6 6 6 6 6 6 6 6 6 6 0 1 1 0 0 1 1 0 0 0 1 1 0 36 31 25 21 18 16 14 12 12 12 13 13 14 14 14 14 14 14 14 14 14 14 13 14 14 13 12 12 12 12 12 12 11 11 
10 10 10 10 10 9 9 8 8 8 8 8 8 8 7 7 7 7 7 7 7 35 19 36 19 9 11 21 12 3 0 0 1 0 0 1 1 0 0 0 1 1 19 35 30 25 20 17 15 13 11 10 11 12 13 13 13 13 14 14 14 14 14 14 14 14 13 13 13 13 13 12 12 12 12 11 11 11 11 11 
11 10 10 10 10 10 9 9 9 8 8 8 8 8 8 8 7 7 7 7 7 6 6 6 37 51 24 35 47 16 0 0 0 0 0 1 1 0 0 0 1 1 0 17 32 28 23 18 15 12 10 9 9 10 11 11 12 12 13 13 13 13 13 13 13 13 13 13 12 12 12 12 12 12 12 12 12 11 10 10 
10 9 9 9 9 9 9 9 8 8 8 8 8 8 8 8 7 6 23 39 16 6 6 6 6 6 6 1 0 0 1 2 1 1 0 0 0 0 1 1 0 37 32 28 23 43 14 10 8 8 7 8 10 10 11 12 12 12 12 12 12 12 13 12 12 12 12 12 12 12 12 12 11 11 11 11 11 10 10 10 
9 9 9 8 8 8 8 8 8 8 7 7 7 7 7 7 6 6 6 6 6 6 6 5 2 0 1 159 81 84 96 62 53 77 78 72 73 37 17 58 82 83 78 73 74 78 63 63 78 74 74 74 74 74 74 74 74 74 74 74 74 74 74 74 74 74 74 74 74 74 74 74 74 74 74 74 74 74 74 74 
8 8 7 7 24 51 51 119 255 187 109 175 50 1 0 0 85 198 57 56 68 0 0 85 1 1 1 1 0 80 80 23 20 15 11 7 4 1 74 5 6 7 54 9 60 10 10 58 10 60 12 63 16 71 27 80 56 80 11 10 10 10 10 10 10 10 10 10 10 10 9 9 9 8 8 8 8 8 8 8 
8 7 7 6 51 51 6 6 6 6 51 6 1 0 0 1 3 0 0 0 0 0 1 1 1 1 2 0 0 27 24 20 20 20 20 20 20 20 20 20 20 20 20 20 20 20 20 20 20 20 20 20 20 20 20 20 20 20 20 20 20 20 20 20 20 20 20 20 20 20 20 20 20 20 20 20 20 20 20 20 
20 9 0 0 0 27 27 0 0 16 21 47 84 42 14 55 48 26 25 17 44 54 31 14 10 6 3 6 47 42 37 39 5 53 54 7 8 55 56 9 9 9 10 10 10 56 56 10 10 10 10 10 9 9 9 9 9 9 9 8 8 8 8 8 8 8 8 8 8 7 7 7 7 37 51 47 37 15 6 6 
33 6 6 6 49 0 0 0 1 36 60 0 0 0 0 1 1 0 1 84 1 0 3 24 22 20 16 13 9 9 2 80 34 74 8 2 4 102 6 6 7 7 8 8 9 8 9 9 10 9 102 10 10 9 9 9 9 9 9 9 9 9 9 9 8 8 8 8 8 8 7 7 7 7 7 7 7 51 51 6 
51 20 6 6 6 6 6 6 6 6 6 6 6 6 6 6 6 6 6 6 6 6 6 6 6 6 6 6 6 6 6 6 6 6 6 6 6 6 6 6 6 6 6 6 6 6 6 6 6 6 6 6 6 6 6 6 6 6 6 6 6 6 6 6 6 6 6 6 6 6 6 6 6 6 6 6 6 6 6 6 
6 6 6 6 6 6 6 6 6 6 6 6 6 6 6 6 6 6 6 6 6 6 6 6 6 6 6 6 6 6 6 6 6 6 6 6 6 6 6 6 6 6 6 6 6 6 6 6 6 6 6 6 6 6 6 6 6 6 6 6 6 6 6 6 6 6 6 6 6 6 6 6 6 6 6 6 6 6 6 6 
6 6 6 6 6 6 6 6 6 6 6 6 6 6 6 6 6 6 6 6 6 6 6 6 6 6 6 6 6 6 6 6 6 6 6 6 6 6 6 6 6 6 6 6 6 6 6 6 6 6 6 6 6 6 6 6 6 6 6 6 6 6 6 6 6 6 6 6 6 6 6 6 6 6 6 6 6 6 6 6 
6 6 6 6 6 6 6 6 6 6 6 6 6 6 6 6 6 6 6 6 6 6 6 6 6 6 6 6 6 6 6 6 6 6 6 6 6 6 6 6 6 6 6 6 6 6 6 6 6 6 6 6 6 6 6 6 6 6 6 6 6 6 6 6 6 6 6 6 6 6 6 6 6 6 6 6 6 6 6 6 
6 6 6 6 6 6 6 6 6 6 6 6 6 6 6 6 6 6 6 6 6 6 6 6 6 6 6 6 6 6 6 6 6 6 6 6 6 6 6 6 6 6 6 6 6 6 6 6 6 6 6 6 6 6 6 6 6 6 6 6 6 6 6 6 6 6 6 6 6 6 6 6 6 6 6 6 6 6 6 6 
6 6 6 6 6 6 6 6 6 6 6 6 6 6 6 6 6 6 6 6 6 6 6 6 6 6 6 6 6 6 6 6 6 6 6 6 6 6 6 6 6 6 6 6 6 6 6 6 6 6 6 6 6 6 6 6 6 6 6 6 6 6 6 6 6 6 6 6 6 6 6 6 6 6 6 6 6 6 6 6 
6 6 6 6 6 6 6 6 6 6 6 6 6 6 6 6 6 6 6 6 6 6 6 6 6 6 6 6 6 6 6 6 6 6 6 6 6 6 6 6 6 6 6 6 6 6 6 6 6 6 6 6 6 6 6 6 6 6 6 6 6 6 6 6 6 6 6 6 6 6 6 6 6 6 6 6 6 6 6 6 
6 6 6 6 6 6 6 6 6 6 6 6 6 6 6 6 6 6 6 6 6 6 6 6 6 6 6 6 6 6 6 6 6 6 6 6 6 6 6 6 6 6 6 6 6 6 6 6 6 6 6 6 6 6 6 6 6 6 6 6 6 6 6 6 6 6 6 6 6 6 6 6 6 6 6 6 6 6 6 6 
6 6 6 6 6 6 6 6 6 6 6 6 6 6 6 6 6 6 6 6 6 6 6 6 6 6 6 6 6 6 6 6 6 6 6 6 6 6 6 6 6 6 6 6 6 6 6 6 6 6 6 6 6 6 6 6 6 6 6 6 6 6 6 6 6 6 6 6 6 6 6 6 6 6 6 6 6 6 6 6 
6 6 6 6 6 6 6 6 6 6 6 6 6 6 6 6 6 6 6 6 6 6 6 6 6 6 6 6 6 6 6 6 6 6 6 6 6 6 6 6 6 6 6 6 6 6 6 6 6 6 6 6 6 6 6 6 6 6 6 6 6 6 6 6 6 6 6 6 6 6 6 6 6 6 6 6 6 6 6 6 
6 6 6 6 6 6 6 6 6 6 6 6 6 6 6 6 6 6 6 6 6 6 6 6 6 6 6 6 6 6 6 6 6 6 6 6 6 6 6 6 6 6 6 6 6 6 6 6 6 6 6 6 6 6 6 6 6 6 6 6 6 6 6 6 6 6 6 6 6 6 6 6 6 6 6 6 6 6 6 6 
