51 52 52 53 53 54 54 54 54 54 54 54 54 54 54 54 54 54 54 54 54 54 54 54 54 54 54 54 54 54 54 54 54 54 54 54 54 54 54 54 54 54 54 54 54 54 54 54 54 54 54 54 54 54 54 54 54 54 54 54 54 54 54 54 54 54 54 54 54 54 54 54 54 54 54 54 54 54 54 54 
68 68 68 68 68 68 68 68 68 68 68 68 45 25 25 25 25 25 25 25 25 25 25 25 25 25 25 25 25 26 26 25 25 25 25 26 26 26 26 26 26 27 27 27 27 27 27 27 28 28 29 29 29 30 31 31 32 32 33 34 34 55 68 68 68 68 68 68 68 68 68 68 68 68 68 68 68 68 68 68 
68 68 68 68 68 68 68 68 68 68 68 68 45 25 25 25 25 25 25 25 25 25 26 26 26 26 26 26 26 26 26 26 26 26 26 26 26 26 26 26 26 27 27 27 27 27 27 27 28 28 29 29 30 30 31 31 32 32 33 34 34 56 68 68 68 68 68 68 68 68 68 68 68 68 68 68 68 68 68 68 
68 68 68 68 68 68 68 68 68 68 68 68 45 25 25 25 25 25 26 26 26 26 26 26 26 26 26 26 26 26 26 27 27 27 26 27 27 27 27 27 27 27 27 27 28 28 28 28 29 29 29 30 30 30 31 32 32 32 33 34 34 56 68 68 68 68 68 68 68 68 68 68 68 68 68 68 68 68 68 68 
68 68 68 68 68 68 68 68 68 68 68 68 46 29 29 29 29 29 29 28 28 28 28 28 28 28 27 27 27 27 27 27 27 27 27 28 28 28 28 28 28 28 28 28 29 29 29 29 29 30 30 30 30 31 31 31 31 32 33 33 34 55 68 68 68 68 68 68 68 68 68 68 68 68 68 68 68 68 68 68 
68 68 68 68 68 68 68 68 68 68 68 68 47 35 35 34 34 34 33 33 33 33 33 33 32 32 32 31 31 31 30 30 29 29 29 29 29 29 29 29 29 29 29 29 29 29 29 29 29 29 29 29 29 30 30 30 30 31 31 31 32 54 68 68 68 68 68 68 68 68 68 68 68 68 68 68 68 68 68 68 
68 68 68 68 68 68 68 68 68 68 68 68 37 45 44 43 42 41 40 39 39 38 37 37 37 36 36 35 34 33 32 31 31 30 30 29 29 28 28 28 28 28 28 29 29 29 29 29 29 29 29 29 29 29 29 29 29 29 28 28 28 73 68 68 68 68 68 68 68 68 68 68 68 68 68 68 68 68 68 68 
68 68 68 68 68 68 68 68 68 68 68 58 67 65 64 63 62 61 60 58 57 56 56 56 56 56 56 56 56 56 56 56 56 56 56 56 56 56 56 56 56 56 56 56 56 56 56 56 56 56 56 56 56 56 56 56 56 56 56 56 56 56 56 56 56 56 56 56 56 56 56 56 56 56 56 56 56 56 56 56 
68 123 120 118 116 114 112 110 109 107 105 103 100 96 93 90 86 83 79 75 70 64 60 58 56 53 51 50 48 47 47 47 46 47 47 48 48 48 48 48 48 49 49 48 47 46 45 43 42 41 40 68 68 68 68 68 68 68 68 68 68 68 68 68 68 68 68 68 68 68 68 68 68 68 68 68 68 68 68 68 
68 123 123 124 124 124 124 124 124 124 124 123 122 120 119 118 117 116 115 115 113 107 101 95 90 86 82 79 76 73 70 68 66 64 63 62 62 61 61 62 62 61 59 58 58 58 58 58 58 58 58 58 58 58 58 58 58 58 58 58 58 58 58 58 58 58 58 58 58 58 58 58 58 58 58 58 58 58 58 58 
92 90 88 86 84 83 81 80 78 76 75 73 71 69 67 66 65 63 61 59 56 52 49 48 49 50 52 54 54 54 54 54 54 54 54 54 54 54 54 54 54 54 54 54 54 54 54 54 54 54 54 54 54 54 54 54 54 54 54 54 54 54 54 54 54 54 54 54 54 54 54 54 54 54 54 54 54 54 54 54 
60 60 60 60 60 60 60 60 60 60 60 60 60 60 60 60 60 60 60 60 60 60 60 60 60 60 60 60 60 60 60 60 60 60 60 60 60 60 60 60 60 60 60 60 60 60 60 60 60 60 60 60 60 60 60 60 60 60 60 60 60 60 60 60 60 60 60 60 60 60 60 60 60 60 60 60 60 60 60 60 
93 120 120 120 120 120 120 120 120 120 120 120 120 120 120 120 120 120 120 68 68 68 68 68 68 68 68 68 68 68 68 68 68 68 68 68 68 68 68 68 68 68 68 68 68 68 68 68 68 83 81 82 81 72 69 65 62 58 58 58 58 58 58 58 58 58 58 58 58 58 58 58 58 58 58 58 58 58 58 58 
120 120 120 120 120 120 120 120 85 68 68 68 68 68 68 68 68 68 68 68 68 68 68 68 68 68 68 68 68 68 68 68 68 68 68 68 68 68 22 0 1 31 77 78 75 73 73 73 75 78 83 89 88 87 90 93 93 88 84 81 77 74 72 70 74 82 89 86 79 74 122 120 120 120 120 120 120 120 120 121 
121 121 121 121 121 120 120 120 85 68 68 68 68 68 68 68 68 68 68 68 68 68 68 68 68 68 68 68 68 68 68 68 68 68 68 68 68 68 22 0 0 0 0 0 0 0 31 79 77 79 80 81 77 78 76 77 80 82 85 87 106 114 110 96 91 92 86 82 80 78 125 121 121 121 121 121 121 121 121 121 
121 121 121 121 121 121 121 121 85 68 68 68 68 68 68 68 68 68 68 68 68 68 68 68 68 68 68 68 68 68 68 68 68 68 68 68 68 68 22 0 0 0 1 0 0 0 0 1 0 0 31 72 71 74 76 78 79 80 80 84 81 81 80 84 91 98 102 100 95 90 130 121 121 121 121 121 121 121 121 121 
121 121 121 121 121 121 121 121 85 68 68 68 68 68 68 68 68 68 68 68 68 68 68 68 68 68 68 68 68 68 68 68 68 68 68 68 68 68 23 0 0 0 1 0 0 0 0 1 0 0 0 1 0 2 33 80 77 76 80 80 80 81 81 86 88 90 97 94 91 91 133 121 121 121 121 121 121 121 121 122 
122 121 121 121 121 121 121 121 85 68 68 68 68 68 68 68 68 68 68 68 68 68 68 68 68 68 68 68 68 68 68 68 68 68 68 68 68 68 23 0 0 0 1 0 0 0 1 1 0 0 0 1 0 2 3 4 5 34 81 80 79 81 78 78 78 81 91 99 106 98 133 122 122 122 122 122 121 121 121 122 
122 122 122 122 122 122 121 121 85 68 68 68 68 68 68 68 68 68 68 68 68 68 68 68 68 68 68 68 68 68 68 68 68 68 68 68 68 68 24 0 0 0 1 0 0 1 2 1 0 0 0 1 0 0 1 6 9 4 1 1 32 80 84 83 87 88 80 78 75 77 129 122 122 122 122 122 122 122 122 122 
122 122 122 122 122 122 121 85 68 68 68 68 68 68 68 68 68 68 68 68 68 68 68 68 68 68 68 68 68 68 68 68 68 68 68 68 68 24 0 0 0 1 0 0 1 2 1 0 0 1 1 0 0 0 6 11 4 1 1 1 1 0 31 85 88 95 101 98 91 134 122 122 122 122 122 122 122 122 122 122 
122 122 122 122 122 122 122 86 68 68 68 68 68 68 68 68 68 68 68 68 68 68 68 68 68 68 68 68 68 68 68 68 68 68 68 68 68 25 2 0 0 0 1 0 0 1 0 0 0 0 0 0 0 0 4 6 3 1 0 0 1 0 0 1 0 31 80 81 91 135 122 122 122 122 122 122 122 122 123 123 
123 123 122 122 122 122 122 86 68 68 68 68 68 68 68 68 68 68 68 68 68 68 68 68 68 68 68 68 68 68 68 68 68 68 68 68 68 26 3 0 0 0 1 1 1 1 0 0 0 0 0 0 0 1 2 2 1 0 0 0 1 0 0 0 1 0 0 31 80 130 123 123 123 123 123 123 122 122 123 123 
123 123 123 122 122 122 122 86 68 68 68 68 68 68 68 68 68 68 68 68 68 68 68 68 68 68 68 68 68 68 68 68 68 68 68 68 68 25 2 0 0 0 1 1 1 1 0 0 0 0 0 0 0 0 1 1 1 0 0 0 0 0 0 1 1 0 0 0 0 82 123 123 123 123 123 123 123 123 123 123 
123 123 123 123 123 122 122 86 68 68 68 68 68 68 68 68 68 68 68 68 68 68 68 68 68 68 68 68 68 68 68 68 68 68 68 68 68 24 1 0 0 0 1 1 1 1 1 0 0 0 0 0 0 0 1 0 0 0 0 0 0 0 0 1 0 0 0 0 0 82 123 123 123 123 123 123 123 123 123 123 
123 123 123 123 123 123 122 86 68 68 68 68 68 68 68 68 68 68 68 68 68 68 68 68 68 68 68 68 68 68 68 68 68 68 68 68 68 23 0 0 0 0 1 1 1 1 1 0 0 0 0 0 0 0 0 0 0 0 0 0 0 0 1 1 0 0 0 0 0 82 124 123 123 123 123 123 123 123 124 124 
124 123 123 123 123 123 123 86 68 68 68 68 68 68 68 68 68 68 68 68 68 68 68 68 68 68 68 68 68 68 68 68 68 68 68 68 68 23 0 0 0 0 0 0 1 1 1 0 0 0 0 0 0 0 0 0 0 0 0 0 0 0 1 0 0 0 0 0 0 82 124 124 124 124 124 124 123 123 124 124 
124 124 123 123 123 123 123 86 68 68 68 68 68 68 68 68 68 68 68 68 68 68 68 68 68 68 68 68 68 68 68 68 68 68 68 68 68 24 1 0 0 0 0 0 1 1 1 0 0 0 0 0 0 0 0 0 0 0 0 0 0 0 0 0 0 1 0 0 0 82 124 124 124 124 124 124 124 124 124 124 
124 124 124 123 123 123 123 86 68 68 68 68 68 68 68 68 68 68 68 68 68 68 68 68 68 68 68 68 68 68 68 68 68 68 68 68 68 24 1 0 0 0 0 0 1 1 1 0 0 0 0 0 0 0 0 0 0 0 0 0 0 0 0 0 0 1 0 0 0 82 124 124 124 124 124 124 124 124 124 124 
124 124 124 124 124 123 123 86 68 68 68 68 68 68 68 68 68 68 68 68 68 68 68 68 68 68 68 68 68 68 68 68 68 68 68 68 68 23 0 0 0 1 1 1 1 0 0 1 0 0 0 0 0 0 0 0 0 0 0 1 0 0 0 0 0 0 0 0 0 83 125 124 124 124 124 124 124 124 124 124 
124 124 124 124 124 73 81 95 68 68 68 68 68 68 68 68 68 68 68 68 68 68 68 68 68 68 68 68 68 68 68 68 68 68 68 68 68 23 1 1 1 1 1 1 1 0 0 0 0 0 0 0 0 0 0 0 0 0 0 1 0 0 0 0 0 0 0 0 0 1 1 1 0 1 1 1 2 1 0 0 
0 0 0 30 77 79 80 93 68 68 68 68 68 68 68 68 68 68 68 68 68 68 68 68 68 68 68 68 68 68 68 68 68 68 68 68 68 24 2 1 1 1 1 1 1 0 0 0 0 0 0 0 0 0 0 0 0 0 0 1 1 0 0 0 0 0 0 0 0 1 1 1 1 1 1 0 0 1 0 0 
0 1 0 0 0 33 79 92 68 68 68 68 68 68 68 68 68 68 68 68 68 68 68 68 68 68 68 68 68 68 68 68 68 68 68 68 68 26 3 1 0 0 0 0 1 1 0 0 0 0 0 1 0 0 0 0 0 0 0 0 1 0 0 0 0 0 0 0 0 1 0 0 1 1 0 0 0 1 1 0 
0 1 0 0 0 0 31 93 68 68 68 68 68 68 68 68 68 68 68 68 68 68 68 68 68 68 68 68 68 68 68 68 68 68 68 68 68 26 3 1 0 0 0 1 1 1 0 0 0 0 0 1 0 0 0 0 0 0 0 0 1 0 0 0 0 0 0 0 0 1 0 0 0 0 0 0 0 1 1 0 
0 1 1 1 1 2 2 46 68 68 68 68 68 68 68 68 68 68 68 68 68 68 68 68 68 68 68 68 68 68 68 68 68 68 68 68 68 26 3 0 0 0 1 2 1 1 0 0 0 0 0 0 0 0 0 0 0 0 0 0 1 0 0 0 0 0 0 0 0 1 1 1 1 0 0 0 2 3 1 0 
1 3 2 2 2 3 3 46 68 68 68 68 68 68 68 68 68 68 68 68 68 68 68 68 68 68 68 68 68 68 68 68 68 68 68 68 68 25 2 0 0 0 1 1 1 1 0 0 0 0 0 0 0 0 0 0 0 0 0 0 1 0 0 0 0 0 0 0 0 1 1 1 0 0 0 0 3 3 1 0 
1 4 3 3 3 4 4 46 68 68 68 68 68 68 68 68 68 68 68 68 68 68 68 68 68 68 68 68 68 68 68 68 68 68 68 68 68 25 2 0 0 0 0 1 0 0 0 0 0 0 0 0 0 0 0 0 0 0 0 0 0 0 0 0 0 0 0 0 0 1 1 1 0 0 0 0 1 2 0 0 
0 2 2 2 2 3 2 46 68 68 68 68 68 68 68 68 68 68 68 68 68 68 68 68 68 68 68 68 68 68 68 68 68 68 68 68 68 24 1 0 0 0 0 0 0 0 0 1 1 0 0 0 0 0 0 0 0 0 0 0 0 0 0 1 0 0 1 0 0 0 0 1 0 0 0 0 0 0 0 0 
0 0 1 1 1 1 0 45 68 68 68 68 68 68 68 68 68 68 68 68 68 68 68 68 68 68 68 68 68 68 68 68 68 68 68 68 68 24 1 0 0 0 0 0 0 0 0 1 1 0 0 0 0 0 0 0 0 0 0 0 0 0 0 1 0 0 1 1 1 0 0 1 1 0 0 0 0 0 0 0 
0 0 0 1 1 0 0 45 68 68 68 68 68 68 68 68 68 68 68 68 68 68 68 68 68 68 68 68 68 68 68 68 68 68 68 68 68 23 0 0 0 1 0 0 0 0 0 1 1 0 0 0 1 1 1 0 0 0 0 0 0 0 1 1 0 0 0 1 1 1 0 0 1 0 0 0 1 0 0 0 
0 1 0 0 1 1 2 46 68 68 68 68 68 68 68 68 68 68 68 68 68 68 68 68 68 68 68 68 68 68 68 68 68 68 68 68 68 23 0 0 1 1 0 0 0 0 0 1 1 0 0 0 1 1 1 0 0 0 0 0 0 0 1 1 0 0 0 1 2 1 0 0 1 1 0 0 1 0 0 0 
0 1 0 0 0 0 3 1 45 68 68 68 68 68 68 68 68 68 68 68 68 68 68 68 68 68 68 68 68 68 68 68 68 68 68 68 68 22 0 1 1 1 1 0 0 0 0 1 1 0 0 0 1 1 0 0 0 0 0 0 0 0 0 1 1 1 1 1 1 1 1 1 1 1 0 0 0 0 0 0 
0 0 0 0 0 0 3 1 45 68 68 68 68 68 68 68 68 68 68 68 68 68 68 68 68 68 68 68 68 68 68 68 68 68 68 68 68 22 0 1 2 2 1 0 0 0 0 0 0 0 0 0 1 1 0 0 0 0 0 0 0 0 0 0 1 1 1 0 0 0 1 1 1 1 0 0 0 0 0 0 
0 0 0 0 0 0 3 1 45 68 68 68 68 68 68 68 68 68 68 68 68 68 68 68 68 68 68 68 68 68 68 68 68 68 68 68 68 23 1 1 2 2 1 1 0 0 0 0 0 2 3 2 1 1 0 0 0 0 0 0 0 1 0 0 0 1 1 0 0 0 0 1 1 1 1 1 0 0 0 0 
0 0 0 0 0 0 2 1 45 68 68 68 68 68 68 68 68 68 68 68 68 68 68 68 68 68 68 68 68 68 68 68 68 68 68 68 68 23 1 1 1 1 1 1 1 1 1 0 0 4 8 3 1 0 0 0 0 0 0 0 0 3 1 0 0 0 1 1 0 0 0 1 2 1 1 2 0 0 0 0 
0 0 0 0 0 0 0 0 45 68 68 68 68 68 68 68 68 68 68 68 68 68 68 68 68 68 68 68 68 67 65 67 68 68 68 68 68 24 1 1 1 1 1 1 1 1 1 0 0 5 10 5 2 0 0 0 0 0 0 0 1 4 2 0 0 0 0 1 0 0 0 1 2 2 2 2 1 1 1 0 
0 0 0 0 0 0 0 0 45 68 68 68 68 68 68 68 68 68 68 68 68 68 68 68 68 68 68 68 68 63 65 67 68 68 68 68 68 23 1 1 1 1 1 2 1 1 1 1 0 3 6 3 2 1 0 0 0 0 0 1 1 2 1 0 0 0 0 1 0 0 0 1 2 2 2 2 1 4 3 0 
0 0 0 0 0 0 0 0 45 68 68 68 68 68 68 68 68 68 68 68 68 68 68 68 68 68 68 68 68 58 52 62 68 68 68 68 68 22 0 1 2 0 1 2 1 1 0 0 1 1 1 1 3 3 0 0 0 0 0 1 1 1 0 0 0 0 0 0 0 0 0 1 1 2 2 1 1 7 6 1 
0 0 0 0 0 0 0 45 68 68 68 68 68 68 68 68 68 68 68 68 68 68 68 68 68 68 68 68 68 68 68 68 68 68 68 68 22 0 1 1 0 0 1 1 0 0 0 1 1 0 0 2 2 0 0 0 0 1 2 2 0 0 0 0 0 1 1 0 0 0 1 1 1 2 1 1 6 5 1 0 
0 0 0 0 0 0 0 45 68 68 68 68 68 68 68 68 68 68 68 68 68 68 68 68 68 68 68 68 57 62 56 62 66 66 62 65 22 0 0 1 0 0 1 1 0 0 0 1 1 0 0 1 1 0 0 0 0 2 3 3 1 0 0 0 0 1 0 0 0 0 0 0 1 1 2 1 5 4 1 0 
0 0 1 1 0 0 0 45 68 68 68 68 68 68 68 68 68 68 68 68 68 68 68 68 68 68 68 68 68 68 68 56 51 61 57 52 17 0 0 0 0 0 1 1 0 0 0 1 1 0 0 0 0 1 1 0 0 2 3 3 1 0 0 0 1 2 1 0 0 0 0 0 0 1 2 2 4 3 0 0 
0 0 1 1 1 0 0 45 68 68 68 68 68 68 68 68 68 68 68 68 68 68 68 68 68 68 68 68 56 58 66 68 68 68 68 68 24 1 0 0 2 2 1 1 0 0 0 0 1 1 0 0 0 1 17 16 0 1 2 2 0 0 0 0 1 2 2 0 0 0 0 0 0 1 2 1 2 1 0 0 
1 2 1 1 0 0 0 45 68 68 68 68 68 68 68 68 68 68 68 68 68 68 68 68 68 68 68 68 68 68 68 68 68 68 68 68 24 2 0 1 159 81 84 96 62 53 77 78 72 73 37 0 41 82 83 77 71 72 77 62 62 77 42 5 1 7 8 39 38 0 37 37 38 39 39 40 41 46 47 66 
64 41 1 0 0 0 0 45 68 68 68 68 68 68 68 68 68 68 68 68 68 68 68 68 68 68 68 68 179 123 59 63 58 51 115 83 19 1 0 1 4 3 7 176 207 96 58 112 82 72 42 0 5 42 79 74 63 72 56 51 45 46 37 0 1 7 8 1 0 0 1 1 1 6 6 26 26 42 42 42 
59 18 1 0 0 0 0 45 68 68 68 68 68 68 68 68 68 68 68 68 68 68 68 68 68 68 68 68 56 51 51 187 255 119 172 128 26 1 0 0 170 142 57 62 34 0 42 43 1 1 1 0 39 79 41 0 0 0 0 1 0 37 37 0 1 26 26 29 28 0 28 28 29 30 31 34 38 43 49 65 
65 40 1 1 1 1 0 45 68 68 68 68 68 68 68 68 68 68 68 68 68 68 68 68 68 68 68 68 56 51 62 68 68 68 56 62 23 0 0 0 2 1 0 0 0 0 0 1 1 1 1 0 0 0 1 0 0 0 1 1 0 0 0 0 1 1 1 1 0 0 1 2 2 1 0 0 1 0 0 0 
1 0 0 1 1 1 0 45 68 68 68 68 68 68 68 68 68 68 68 68 68 68 68 68 68 68 68 68 68 68 68 68 68 68 68 68 23 0 0 0 16 54 38 38 47 40 74 84 78 78 84 82 41 43 83 68 42 53 37 1 39 70 31 0 0 1 1 0 51 95 95 51 1 46 46 0 1 0 0 1 
1 48 47 0 1 0 0 45 68 68 68 68 68 68 68 68 68 68 68 68 68 68 68 68 68 68 68 68 56 51 51 56 64 68 68 62 20 0 0 0 27 27 0 0 16 21 47 84 42 14 55 48 26 25 8 29 44 18 0 0 26 69 42 0 0 0 1 0 51 51 0 0 51 51 0 0 1 0 0 1 
102 0 0 1 0 0 22 68 68 68 68 68 68 68 68 68 68 68 68 68 68 68 68 68 68 68 68 62 51 51 54 61 68 68 62 34 0 0 0 1 36 60 0 0 0 0 1 0 0 0 85 0 1 3 2 0 0 0 0 0 77 68 0 0 1 1 0 0 102 0 0 0 0 0 1 1 1 1 1 0 
0 102 0 1 1 0 0 68 68 68 68 68 68 68 68 68 68 68 68 68 68 68 68 68 68 68 68 68 51 51 68 68 68 68 68 68 68 68 68 68 68 68 68 68 68 68 68 68 68 68 68 68 68 68 68 68 68 68 68 68 68 68 68 68 68 68 68 68 68 68 68 68 68 68 68 68 68 68 68 68 
68 68 68 68 68 68 68 68 68 68 68 68 68 68 68 68 68 68 68 68 68 68 68 68 68 68 68 68 68 68 68 68 68 68 68 68 68 68 68 68 68 68 68 68 68 68 68 68 68 68 68 68 68 68 68 68 68 68 68 68 68 68 68 68 68 68 68 68 68 68 68 68 68 68 68 68 68 68 68 68 
68 68 68 68 68 68 68 68 68 68 68 68 68 68 68 68 68 68 68 68 68 68 68 68 68 68 68 68 68 68 68 68 68 68 68 68 68 68 68 68 68 68 68 68 68 68 68 68 68 68 68 68 68 68 68 68 68 68 68 68 68 68 68 68 68 68 68 68 68 68 68 68 68 68 68 68 68 68 68 68 
68 68 68 68 68 68 68 68 68 68 68 68 68 68 68 68 68 68 68 68 68 68 68 68 68 68 68 68 68 68 68 68 68 68 68 68 68 68 68 68 68 68 68 68 68 68 68 68 68 68 68 68 68 68 68 68 68 68 68 68 68 68 68 68 68 68 68 68 68 68 68 68 68 68 68 68 68 68 68 68 
68 68 68 68 68 68 68 68 68 68 68 68 68 68 68 68 68 68 68 68 68 68 68 68 68 68 68 68 68 68 68 68 68 68 68 68 68 68 68 68 68 68 68 68 68 68 68 68 68 68 68 68 68 68 68 68 68 68 68 68 68 68 68 68 68 68 68 68 68 68 68 68 68 68 68 68 68 68 68 68 
68 68 68 68 68 68 68 68 68 68 68 68 68 68 68 68 68 68 68 68 68 68 68 68 68 68 68 68 68 68 68 68 68 68 68 68 68 68 68 68 68 68 68 68 68 68 68 68 68 68 68 68 68 68 68 68 68 68 68 68 68 68 68 68 68 68 68 68 68 68 68 68 68 68 68 68 68 68 68 68 
68 68 68 68 68 68 68 68 68 68 68 68 68 68 68 68 68 68 68 68 68 68 68 68 68 68 68 68 68 68 68 68 68 68 68 68 68 68 68 68 68 68 68 68 68 68 68 68 68 68 68 68 68 68 68 68 68 68 68 68 68 68 68 68 68 68 68 68 68 68 68 68 68 68 68 68 68 68 68 68 
68 68 68 68 68 68 68 68 68 68 68 68 68 68 68 68 68 68 68 68 68 68 68 68 68 68 68 68 68 68 68 68 68 68 68 68 68 68 68 68 68 68 68 68 68 68 68 68 68 68 68 68 68 68 68 68 68 68 68 68 68 68 68 68 68 68 68 68 68 68 68 68 68 68 68 68 68 68 68 68 
68 68 68 68 68 68 68 68 68 68 68 68 68 68 68 68 68 68 68 68 68 68 68 68 68 68 68 68 68 68 68 68 68 68 68 68 68 68 68 68 68 68 68 68 68 68 68 68 68 68 68 68 68 68 68 68 68 68 68 68 68 68 68 68 68 68 68 68 68 68 68 68 68 68 68 68 68 68 68 68 
68 68 68 68 68 68 68 68 68 68 68 68 68 68 68 68 68 68 68 68 68 68 68 68 68 68 68 68 68 68 68 68 68 68 68 68 68 68 68 68 68 68 68 68 68 68 68 68 68 68 68 68 68 68 68 68 68 68 68 68 68 68 68 68 68 68 68 68 68 68 68 68 68 68 68 68 68 68 68 68 
68 68 68 68 68 68 68 68 68 68 68 68 68 68 68 68 68 68 68 68 68 68 68 68 68 68 68 68 68 68 68 68 68 68 68 68 68 68 68 68 68 68 68 68 68 68 68 68 68 68 68 68 68 68 68 68 68 68 68 68 68 68 68 68 68 68 68 68 68 68 68 68 68 68 68 68 68 68 68 68 
68 68 68 68 68 68 68 68 68 68 68 68 68 68 68 68 68 68 68 68 68 68 68 68 68 68 68 68 68 68 68 68 68 68 68 68 68 68 68 68 68 68 68 68 68 68 68 68 68 68 68 68 68 68 68 68 68 68 68 68 68 68 68 68 68 68 68 68 68 68 68 68 68 68 68 68 68 68 68 68 
68 68 68 68 68 68 68 68 68 68 68 68 68 68 68 68 68 68 68 68 68 68 68 68 68 68 68 68 68 68 68 68 68 68 68 68 68 68 68 68 68 68 68 68 68 68 68 68 68 68 68 68 68 68 68 68 68 68 68 68 68 68 68 68 68 68 68 68 68 68 68 68 68 68 68 68 68 68 68 68 
68 68 68 68 68 68 68 68 68 68 68 68 68 68 68 68 68 68 68 68 68 68 68 68 68 68 68 68 68 68 68 68 68 68 68 68 68 68 68 68 68 68 68 68 68 68 68 68 68 68 68 68 68 68 68 68 68 68 68 68 68 68 68 68 68 68 68 68 68 68 68 68 68 68 68 68 68 68 68 68 
68 68 68 68 68 68 68 68 68 68 68 68 68 68 68 68 68 68 68 68 68 68 68 68 68 68 68 68 68 68 68 68 68 68 68 68 68 68 68 68 68 68 68 68 68 68 68 68 68 68 68 68 68 68 68 68 68 68 68 68 68 68 68 68 68 68 68 68 68 68 68 68 68 68 68 68 68 68 68 68 
68 68 68 68 68 68 68 68 68 68 68 68 68 68 68 68 68 68 68 68 68 68 68 68 68 68 68 68 68 68 68 68 68 68 68 68 68 68 68 68 68 68 68 68 68 68 68 68 68 68 68 68 68 68 68 68 68 68 68 68 68 68 68 68 68 68 68 68 68 68 68 68 68 68 68 68 68 68 68 68 
68 68 68 68 68 68 68 68 68 68 68 68 68 68 68 68 68 68 68 68 68 68 68 68 68 68 68 68 68 68 68 68 68 68 68 68 68 68 68 68 68 68 68 68 68 68 68 68 68 68 68 68 68 68 68 68 68 68 68 68 68 68 68 68 68 68 68 68 68 68 68 68 68 68 68 68 68 68 68 68 
68 68 68 68 68 68 68 68 68 68 68 68 68 68 68 68 68 68 68 68 68 68 68 68 68 68 68 68 68 68 68 68 68 68 68 68 68 68 68 68 68 68 68 68 68 68 68 68 68 68 68 68 68 68 68 68 68 68 68 68 68 68 68 68 68 68 68 68 68 68 68 68 68 68 68 68 68 68 68 68 
68 68 68 68 68 68 68 68 68 68 68 68 68 68 68 68 68 68 68 68 68 68 68 68 68 68 68 68 68 68 68 68 68 68 68 68 68 68 68 68 68 68 68 68 68 68 68 68 68 68 68 68 68 68 68 68 68 68 68 68 68 68 68 68 68 68 68 68 68 68 68 68 68 68 68 68 68 68 68 68 
68 68 68 68 68 68 68 68 68 68 68 68 68 68 68 68 68 68 68 68 68 68 68 68 68 68 68 68 68 68 68 68 68 68 68 68 68 68 68 68 68 68 68 68 68 68 68 68 68 68 68 68 68 68 68 68 68 68 68 68 68 68 68 68 68 68 68 68 68 68 68 68 68 68 68 68 68 68 68 68 
68 68 68 68 68 68 68 68 68 68 68 68 68 68 68 68 68 68 68 68 68 68 68 68 68 68 68 68 68 68 68 68 68 68 68 68 68 68 68 68 68 68 68 68 68 68 68 68 68 68 68 68 68 68 68 68 68 68 68 68 68 68 68 68 68 68 68 68 68 68 68 68 68 68 68 68 68 68 68 68 
68 68 68 68 68 68 68 68 68 68 68 68 68 68 68 68 68 68 68 68 68 68 68 68 68 68 68 68 68 68 68 68 68 68 68 68 68 68 68 68 68 68 68 68 68 68 68 68 68 68 68 68 68 68 68 68 68 68 68 68 68 68 68 68 68 68 68 68 68 68 68 68 68 68 68 68 68 68 68 68 
