106 106 107 107 108 108 109 109 110 110 111 111 112 112 113 113 113 113 113 113 113 113 113 113 113 113 113 113 113 113 113 113 113 113 114 114 114 115 115 116 116 116 117 117 118 118 118 119 119 120 120 120 121 121 122 122 122 123 123 123 123 123 123 123 124 124 124 124 124 124 124 125 125 123 123 122 121 121 120 119 
106 106 106 107 107 108 108 109 109 110 110 111 111 112 112 113 113 113 113 113 113 113 113 113 113 113 113 113 113 113 113 113 113 113 113 114 114 115 115 115 116 116 117 117 118 118 118 119 119 120 120 120 121 121 122 122 122 122 122 123 123 123 123 123 123 123 123 124 124 124 124 123 123 122 121 121 120 119 119 109 
106 106 107 107 108 108 109 109 109 110 110 111 111 112 112 112 112 112 112 112 112 112 113 113 113 113 113 113 113 113 113 113 113 113 113 114 114 115 115 115 116 116 117 117 118 118 118 119 119 120 120 121 121 121 122 122 122 122 122 122 122 123 123 123 123 123 123 123 124 124 123 122 121 121 120 119 119 118 113 105 
106 106 107 107 108 108 109 109 110 110 111 111 112 112 112 112 112 112 112 112 112 112 112 112 112 112 112 112 112 112 113 112 113 113 114 114 114 115 115 116 116 117 117 117 118 118 119 119 120 120 120 121 121 121 121 121 122 122 122 122 122 122 122 123 123 123 123 123 122 121 121 120 119 119 118 117 117 116 104 105 
105 106 106 107 107 108 108 109 109 110 110 111 111 112 112 112 112 112 112 112 112 112 112 112 112 112 112 112 112 112 112 112 113 113 113 114 114 115 115 116 116 117 117 117 118 118 119 119 120 120 120 120 121 121 121 121 121 121 121 122 122 122 122 122 122 123 122 121 121 120 119 119 118 117 116 116 115 107 104 104 
105 106 106 107 107 108 108 109 109 110 111 111 111 111 111 111 111 111 111 111 112 112 112 112 112 112 112 112 112 112 112 112 112 113 113 114 114 115 115 116 116 117 117 117 118 118 119 119 120 120 120 120 120 120 121 121 121 121 121 121 122 122 122 122 122 121 120 120 119 118 118 117 116 115 115 114 109 103 104 104 
105 106 106 107 107 108 109 109 110 110 111 111 111 111 111 111 111 111 111 111 111 111 111 111 111 111 111 111 111 111 112 112 113 113 114 114 114 115 115 116 116 117 117 118 118 119 119 119 119 119 120 120 120 120 120 120 121 121 121 121 121 121 122 121 120 119 118 118 117 116 115 115 114 113 112 112 103 103 104 104 
105 105 106 106 107 108 108 109 109 110 110 110 111 111 111 111 111 111 111 111 111 111 111 111 111 111 111 111 111 111 112 112 112 113 113 114 114 115 115 116 116 117 117 118 118 118 118 119 119 119 119 119 119 120 120 120 120 120 120 121 121 121 120 119 118 118 117 116 115 114 114 113 112 111 110 104 102 102 103 104 
105 105 106 107 107 108 108 109 109 110 110 110 110 110 110 110 110 110 110 110 110 110 111 111 111 111 111 111 110 111 111 112 112 113 113 114 114 115 115 116 116 117 117 118 118 118 118 118 118 119 119 119 119 119 119 120 120 120 120 120 120 119 118 117 116 116 115 114 113 112 111 111 110 109 109 101 102 102 103 104 
107 107 108 108 109 110 110 110 110 110 110 110 110 110 110 110 110 110 110 110 110 110 110 110 110 110 111 111 112 112 113 113 114 114 115 116 116 117 117 117 117 117 117 118 118 118 118 118 119 119 119 119 119 119 120 119 118 117 117 116 115 114 113 112 111 111 110 109 109 110 110 101 101 102 102 103 104 104 105 105 
109 109 109 109 109 109 109 109 109 110 110 110 110 110 110 110 110 109 110 110 111 111 112 112 113 113 114 114 115 116 116 116 116 116 117 117 117 117 117 117 118 118 118 118 118 118 119 119 118 117 116 115 115 114 113 112 111 110 109 109 110 110 110 111 104 100 100 101 102 102 103 104 104 105 106 106 107 107 108 109 
109 109 109 109 109 109 109 109 109 109 109 109 109 109 109 110 111 111 112 112 113 113 114 114 115 115 115 115 116 116 116 116 116 117 117 117 117 117 117 118 118 118 118 117 116 115 114 113 112 111 111 110 109 109 109 110 110 111 111 108 100 100 100 101 102 102 103 104 104 105 106 106 107 108 108 108 108 108 108 108 
108 108 108 108 109 109 109 109 109 109 109 108 109 109 110 110 111 111 112 113 113 114 114 114 114 115 115 115 115 115 115 116 116 116 116 116 117 117 117 117 117 116 115 114 113 112 111 110 109 109 109 110 110 111 111 112 112 112 104 100 100 100 101 101 102 102 103 104 104 105 106 106 107 107 108 108 108 108 108 108 
108 108 108 108 108 108 108 108 108 108 108 108 109 110 110 111 111 112 112 113 113 113 114 114 114 114 114 115 115 115 115 115 115 116 116 116 116 116 115 114 113 112 111 110 109 109 109 109 110 110 111 111 111 112 112 113 113 100 100 100 100 100 101 101 102 103 104 104 105 106 106 107 107 107 107 107 107 107 107 107 
107 107 107 107 107 108 108 108 108 107 108 108 109 110 110 111 111 112 112 112 112 113 113 113 113 113 114 114 114 114 114 115 115 115 115 116 114 113 112 111 110 109 108 108 109 109 110 110 111 111 112 112 113 113 114 109 100 100 100 100 100 101 101 101 102 103 104 104 105 106 106 106 106 106 106 106 106 107 107 107 
107 107 107 107 107 107 107 106 107 108 108 109 110 110 111 111 111 111 112 112 112 112 112 113 113 113 113 113 114 114 114 114 114 113 112 111 110 109 108 108 109 109 110 110 111 111 112 112 113 113 114 114 115 115 100 100 100 100 100 100 100 101 101 102 103 104 104 105 105 106 106 106 106 106 106 106 106 106 106 106 
106 106 106 106 106 106 106 107 107 108 109 109 109 110 110 110 110 111 111 111 111 111 112 112 112 112 112 113 113 113 113 112 111 110 109 108 109 109 110 110 111 111 112 112 113 113 114 114 115 115 116 116 105 100 100 100 100 100 100 100 100 100 101 102 103 104 104 105 105 105 105 105 105 105 105 105 105 105 105 105 
105 105 105 106 106 106 107 107 108 108 108 109 109 109 109 109 110 110 110 110 111 111 111 111 111 112 112 112 111 110 108 108 108 109 109 110 111 111 112 112 113 113 114 114 115 115 116 117 117 117 106 100 100 100 100 100 100 100 100 100 101 101 102 103 104 104 104 104 104 104 104 104 104 104 104 104 104 104 104 105 
105 105 105 105 106 107 107 107 107 108 108 108 108 108 109 109 109 109 110 110 110 110 111 111 110 109 108 108 108 109 109 110 110 111 112 112 113 113 114 114 115 115 116 117 117 118 117 117 100 100 100 100 100 100 100 100 100 100 100 101 102 103 103 103 103 103 103 103 103 103 103 103 103 103 103 104 104 104 104 104 
104 105 105 105 105 106 106 106 106 107 107 107 107 108 108 108 108 109 109 109 109 109 108 107 108 109 109 110 110 111 111 112 113 113 114 114 115 116 116 117 117 118 118 119 119 112 100 100 100 100 100 100 100 100 100 100 100 101 101 102 102 102 102 102 102 102 102 102 102 102 102 102 102 103 103 103 103 103 103 103 
103 104 104 104 104 105 105 105 105 106 106 106 106 107 107 107 107 108 107 107 108 108 109 109 110 111 111 112 113 113 114 114 115 116 116 117 117 118 119 119 120 120 121 121 100 100 100 100 100 100 100 100 100 100 100 100 100 101 101 101 101 101 101 101 101 101 101 101 101 101 101 101 101 102 102 102 100 100 100 100 
101 101 101 101 102 102 102 102 103 103 103 103 104 104 104 104 105 105 106 106 107 107 108 109 109 110 111 111 112 112 113 114 114 115 116 116 116 117 118 118 119 119 120 106 100 100 100 100 100 100 100 100 100 100 100 100 100 100 99 99 99 99 99 99 100 100 100 100 100 100 100 100 100 100 100 100 100 100 100 100 
101 101 101 101 102 102 102 102 103 103 103 103 104 104 104 105 105 106 107 107 108 108 109 110 110 111 112 112 113 114 114 115 115 115 116 117 117 118 118 119 120 120 113 100 100 100 100 100 100 100 100 100 100 100 100 100 100 100 100 99 99 99 99 99 99 100 100 100 100 100 100 100 100 100 100 100 100 100 100 100 
101 101 101 102 102 102 102 103 103 103 103 104 104 104 104 105 106 106 107 108 108 109 110 110 111 112 112 113 113 114 114 114 115 115 116 117 117 118 119 119 120 121 106 100 100 100 100 100 100 100 100 100 100 100 100 100 100 100 100 100 99 99 99 99 99 100 100 100 100 100 100 100 100 100 100 100 100 100 100 100 
101 101 101 102 102 102 103 103 103 103 103 103 104 104 105 106 107 107 108 109 109 110 111 112 112 112 112 113 113 114 114 115 116 116 117 118 118 119 120 120 121 113 100 100 100 100 100 100 100 100 100 100 100 100 100 100 100 100 100 100 100 99 99 99 99 99 100 100 100 100 100 100 100 100 100 100 100 100 100 100 
101 101 102 102 102 102 103 103 103 103 103 103 104 105 105 106 107 108 108 109 110 111 111 111 111 111 112 112 113 114 114 115 116 116 117 118 118 119 119 120 120 106 100 100 100 100 100 100 100 100 100 100 100 100 100 100 100 100 100 100 100 100 99 99 99 99 100 100 100 100 100 100 100 100 100 100 100 100 100 101 
101 101 102 102 102 102 102 102 102 103 103 104 104 105 106 107 108 108 109 109 109 109 110 110 110 111 112 113 114 114 115 116 116 117 117 117 118 118 118 118 118 100 100 100 100 100 100 100 100 100 100 100 100 100 100 100 100 100 100 100 100 100 100 99 99 99 99 100 100 100 100 100 100 100 100 100 100 100 100 100 
101 101 101 102 102 102 102 102 102 103 103 104 105 106 107 107 107 108 108 108 108 108 109 109 110 111 112 113 113 114 114 114 115 115 116 116 116 116 116 116 105 100 100 100 100 100 100 100 100 100 100 100 100 100 100 100 100 100 100 100 100 100 100 100 99 99 99 100 100 100 100 100 100 100 100 100 100 100 100 101 
101 101 101 101 101 101 114 41 41 41 41 41 41 41 41 41 41 41 41 41 41 41 41 31 111 111 111 112 112 113 113 113 113 113 114 115 115 116 110 100 100 100 100 100 100 100 100 100 100 100 100 100 100 100 100 100 100 100 100 100 100 100 100 100 99 99 99 99 99 99 113 41 41 41 41 41 41 41 41 41 
41 41 41 41 41 41 41 41 41 41 41 41 41 41 41 41 41 41 41 41 41 41 41 31 109 109 110 110 110 111 111 112 112 113 114 114 115 116 110 100 100 100 100 100 100 100 100 100 99 99 99 99 99 99 99 99 99 99 99 99 99 99 99 99 99 99 98 98 98 98 112 41 41 41 41 41 41 41 41 41 
41 41 41 41 41 41 41 41 41 41 41 41 41 41 41 41 41 41 41 41 41 41 41 30 106 106 107 107 108 109 109 110 111 111 112 113 113 114 108 0 0 1 1 0 0 0 100 100 100 100 100 100 100 100 99 99 99 99 99 99 99 99 99 99 99 99 99 99 98 98 112 41 41 41 41 41 41 41 41 41 
41 41 41 41 41 41 41 41 41 41 41 41 41 41 41 41 41 41 41 41 41 41 67 105 106 107 107 108 109 109 110 110 111 111 112 113 114 114 54 0 1 1 0 0 0 0 0 0 0 4 5 2 0 0 1 1 0 0 0 0 0 0 50 99 99 99 98 98 98 98 76 41 41 41 41 41 41 41 41 41 
41 41 41 41 41 41 41 41 41 41 41 41 41 41 41 41 41 41 41 41 41 41 105 105 106 106 107 107 107 109 110 110 111 112 112 113 113 114 0 2 1 0 0 1 0 0 1 0 0 1 1 1 0 0 0 0 0 1 0 1 0 0 0 0 1 1 1 1 1 1 41 41 41 41 41 41 41 41 41 41 
41 41 41 41 41 41 41 41 41 41 41 41 41 41 41 41 41 41 41 41 41 102 102 103 103 103 104 107 107 108 109 109 110 111 112 112 113 0 1 1 0 0 1 0 0 1 1 0 0 0 0 0 0 0 0 0 1 0 1 0 0 0 0 4 3 1 1 1 1 41 41 41 41 41 41 41 41 41 41 41 
41 41 41 41 41 41 41 41 41 41 41 41 41 41 41 41 41 41 41 41 41 101 102 103 103 104 104 105 105 106 106 107 108 109 109 110 110 0 1 1 0 0 0 0 0 1 1 0 0 0 0 0 0 1 1 0 0 1 0 0 0 0 1 7 5 0 0 0 0 41 41 41 41 41 41 41 41 41 41 41 
41 41 41 41 41 41 41 41 41 41 41 41 41 41 41 41 41 41 41 41 29 99 100 100 100 101 101 102 104 105 105 107 108 108 109 110 105 0 0 0 0 0 0 0 0 1 1 0 0 0 0 0 0 1 0 0 0 0 0 0 0 0 3 8 4 0 0 0 13 41 41 41 41 41 41 41 41 41 41 41 
41 41 41 41 41 41 41 41 41 41 41 41 41 41 41 41 41 41 41 41 63 98 98 98 99 100 101 102 102 103 104 104 105 105 106 107 51 0 0 0 1 0 0 0 0 1 0 0 0 1 0 1 2 2 1 1 1 1 0 0 0 1 4 4 1 0 0 0 27 41 41 41 41 41 41 41 41 41 41 41 
41 41 41 41 41 41 41 41 41 41 41 41 41 41 41 41 41 41 41 32 9 0 0 96 97 97 98 99 100 100 101 102 102 103 104 102 0 0 0 1 1 0 0 0 1 1 0 0 1 1 1 3 3 2 1 1 1 0 0 0 1 2 1 1 1 1 0 14 41 41 41 41 41 41 41 41 41 41 41 41 
41 41 41 41 41 41 41 41 41 41 41 41 41 41 41 41 41 41 41 0 0 0 0 0 0 1 1 96 97 99 99 100 100 101 104 1 0 0 1 2 0 0 1 2 1 0 0 1 2 0 3 3 5 6 1 1 1 1 0 0 2 1 0 0 1 0 1 41 41 41 41 41 41 41 41 41 41 41 41 41 
41 41 41 41 41 41 41 41 41 41 41 41 41 41 41 41 41 41 41 0 0 0 0 0 0 1 1 2 3 0 3 96 98 99 99 2 0 0 1 2 0 0 2 2 1 0 0 1 1 0 1 2 8 10 1 2 1 1 1 0 2 1 0 0 1 0 1 41 41 41 41 41 41 41 41 41 41 41 41 41 
41 41 41 41 41 41 41 41 41 41 41 41 41 41 41 41 41 41 0 1 0 0 0 0 1 1 1 2 0 2 1 1 6 95 2 0 0 1 2 0 0 2 3 0 0 1 1 1 0 0 1 9 12 1 2 1 1 1 0 2 1 0 0 0 0 1 41 41 41 41 41 41 41 41 41 41 41 41 41 41 
41 41 41 41 41 41 41 41 41 41 41 41 41 41 41 41 41 41 0 1 0 0 0 0 1 0 0 1 0 1 0 1 7 15 4 1 0 0 1 1 0 1 2 0 0 0 0 0 0 0 1 6 7 1 1 0 1 1 0 1 1 0 0 0 0 0 41 41 41 41 41 41 41 41 41 41 41 41 41 41 
41 41 41 41 41 41 41 41 41 41 41 41 41 41 41 41 41 41 1 1 0 0 0 0 1 0 0 1 0 0 0 1 4 9 5 2 0 0 0 2 1 1 1 0 1 0 0 0 0 0 2 3 2 1 0 0 1 1 0 0 1 1 0 0 0 0 41 41 41 41 41 41 41 41 41 41 41 41 41 41 
41 41 41 41 41 41 41 41 41 41 41 41 41 41 41 41 41 41 2 0 1 0 0 0 1 0 0 1 0 0 0 0 1 2 4 1 0 0 1 2 1 1 1 0 1 0 0 0 0 0 1 1 1 1 0 0 0 0 0 1 1 1 0 0 0 0 41 41 41 41 41 41 41 41 41 41 41 41 41 41 
41 41 41 41 41 41 41 41 41 41 41 41 41 41 41 41 41 41 1 0 1 0 0 1 1 0 1 1 0 1 1 0 0 0 2 1 0 0 1 2 1 1 1 1 0 1 0 0 0 0 1 1 0 0 0 0 0 0 0 1 1 0 0 0 0 0 41 41 41 41 41 41 41 41 41 41 41 41 41 41 
41 41 41 41 41 41 41 41 41 41 41 41 41 41 41 41 41 41 1 0 1 0 0 1 0 0 1 1 1 3 1 1 0 0 1 0 0 0 1 1 1 1 2 1 0 1 0 0 0 0 0 0 0 0 0 0 0 0 0 2 1 0 0 0 0 0 41 41 41 41 41 41 41 41 41 41 41 41 41 41 
41 41 41 41 41 41 41 41 41 41 41 41 41 41 41 41 41 41 0 0 1 0 1 2 0 0 1 2 1 3 2 1 1 0 1 0 0 0 0 0 1 1 1 1 0 0 0 0 0 0 0 0 0 0 0 0 0 0 1 1 0 0 1 0 0 0 41 41 41 41 41 41 41 41 41 41 41 41 41 41 
41 41 41 41 41 41 41 41 41 41 41 41 41 41 41 41 41 41 0 0 0 0 1 1 1 0 0 1 1 2 1 0 0 0 2 1 0 0 0 0 1 1 1 2 0 0 0 0 0 0 0 0 0 0 0 0 0 0 1 0 0 1 1 0 0 0 41 41 41 41 41 41 41 41 41 41 41 41 41 41 
41 41 41 41 41 41 41 41 41 41 41 41 41 41 41 41 41 41 0 0 0 0 1 0 1 0 0 0 1 0 0 0 0 0 15 1 0 0 1 0 1 1 1 1 0 0 0 0 0 0 0 0 0 0 0 0 0 0 1 0 0 1 1 0 0 0 41 41 41 41 41 41 41 41 41 41 41 41 41 41 
41 41 41 41 41 41 41 41 41 41 41 41 41 41 41 41 41 41 0 1 1 1 1 0 1 0 0 0 1 0 0 0 0 0 15 15 0 1 1 1 1 1 0 1 1 0 0 0 0 0 0 0 0 0 0 1 1 0 0 1 0 0 0 0 0 0 41 41 41 41 41 41 41 41 41 41 41 41 41 41 
41 41 0 0 1 1 1 1 1 4 2 1 2 2 1 0 1 1 0 2 2 1 0 1 0 0 0 0 0 0 0 0 0 0 15 15 15 15 2 1 1 1 0 0 1 0 0 0 0 0 0 0 0 0 0 1 1 0 0 1 0 0 0 0 0 1 1 2 1 0 2 1 1 3 1 0 0 0 1 0 
1 0 0 0 1 1 0 0 2 6 3 1 1 2 0 0 0 1 0 2 3 1 0 1 0 0 0 0 0 0 0 0 0 0 15 15 15 15 15 1 1 1 0 0 1 0 0 0 0 0 0 0 0 0 0 1 1 1 0 0 0 0 0 0 0 1 1 1 1 1 1 1 0 1 1 0 0 1 1 0 
1 0 0 1 1 1 0 0 1 3 1 1 1 1 1 0 0 0 0 1 1 1 0 1 0 0 0 0 0 2 1 0 0 0 15 15 15 15 15 15 15 1 1 0 1 0 0 1 1 0 0 0 0 0 0 0 1 1 0 0 0 0 0 0 0 1 1 0 0 2 1 0 0 0 2 1 0 1 1 0 
1 0 1 2 1 0 0 0 1 1 0 1 1 1 2 1 0 0 0 0 0 0 0 1 0 0 0 1 0 3 1 0 1 1 15 15 15 15 15 15 15 15 1 0 1 0 0 1 1 0 0 0 0 0 0 0 1 1 0 0 0 0 0 0 0 1 1 0 0 1 0 0 0 1 2 1 0 1 2 1 
1 2 2 2 2 0 0 0 1 0 0 1 1 1 1 0 0 0 0 1 0 0 0 1 0 0 0 1 1 3 1 0 0 1 15 15 15 15 15 15 15 15 15 0 0 0 0 0 0 1 0 0 0 0 0 0 1 1 0 0 0 0 0 0 0 1 1 1 1 1 0 0 1 3 3 1 0 2 4 2 
2 3 4 3 2 1 0 0 1 0 1 1 1 1 1 0 0 0 1 3 1 0 0 0 0 0 0 1 2 1 0 0 0 1 15 15 15 15 15 15 15 15 15 15 0 0 0 0 0 1 0 0 1 0 0 0 1 1 0 0 0 0 0 0 0 1 1 1 1 0 0 0 1 4 3 1 0 2 5 3 
3 4 5 4 3 1 0 0 1 0 1 1 0 1 0 0 0 0 1 4 1 0 0 0 0 0 0 1 2 0 0 0 0 1 15 15 15 15 15 15 15 15 15 15 15 0 0 0 0 0 0 0 0 0 0 0 0 1 0 0 0 0 0 1 0 1 1 1 1 0 0 0 1 2 2 0 0 1 3 2 
2 3 3 2 2 3 2 0 0 0 1 0 0 0 0 0 0 0 1 2 1 0 0 0 1 0 0 0 1 0 0 0 0 1 15 15 15 15 15 15 15 15 15 15 15 15 0 0 1 0 0 0 0 1 0 0 0 0 0 1 1 0 1 2 0 0 0 1 2 0 0 0 1 0 0 0 0 0 1 1 
2 1 1 0 0 5 4 0 0 0 0 0 0 0 0 0 0 0 0 0 0 0 0 0 2 1 0 0 0 0 0 0 1 1 15 15 15 15 15 15 15 15 15 15 15 15 15 0 1 0 1 0 0 1 0 0 0 0 0 1 1 0 1 2 1 1 0 1 2 1 0 0 1 0 0 0 0 0 0 1 
1 1 0 1 0 4 3 0 0 0 0 0 0 0 0 0 0 0 0 1 0 0 0 0 1 0 0 0 0 0 0 1 1 1 15 15 15 15 15 15 15 15 15 15 15 15 15 15 1 1 1 1 0 0 0 0 0 0 0 2 1 0 0 1 1 1 1 0 1 1 0 0 1 1 0 0 0 1 1 0 
1 1 1 3 0 2 2 1 0 0 0 0 0 0 0 1 1 0 0 1 0 0 0 0 1 0 1 1 0 0 0 1 1 0 15 15 15 15 15 15 15 15 15 15 15 15 15 15 16 1 2 1 0 0 0 0 0 0 0 2 1 0 0 0 2 2 1 0 1 2 1 0 1 1 0 0 0 1 1 0 
1 0 1 4 0 0 1 1 0 0 1 0 0 0 0 1 1 0 0 2 2 1 0 0 0 0 1 1 0 0 1 1 1 0 15 15 15 15 15 15 15 15 15 15 15 15 15 15 15 1 1 0 0 0 0 0 0 0 0 1 1 1 1 1 1 1 1 1 1 1 1 0 0 0 0 0 0 0 0 0 
0 0 1 4 0 0 0 1 0 0 0 0 0 0 0 1 1 1 1 1 6 4 0 0 0 0 1 1 0 0 2 1 1 0 15 15 15 15 15 15 15 15 15 15 15 15 15 15 15 16 1 0 0 1 0 0 0 0 0 0 1 1 2 1 0 0 1 1 1 1 1 0 0 0 0 0 0 0 0 0 
0 0 1 4 0 0 0 0 0 0 0 0 0 0 0 0 1 1 3 1 11 8 0 0 0 1 1 0 0 1 2 1 0 0 15 15 15 15 15 15 15 15 15 15 15 15 15 15 15 15 16 0 0 1 0 0 0 1 2 0 0 1 1 1 0 0 0 1 1 2 1 1 1 0 0 0 0 0 0 0 
0 0 1 3 0 0 0 0 0 0 0 2 3 0 0 0 0 1 2 1 9 6 0 0 1 1 1 0 0 1 2 1 0 0 15 15 15 15 15 15 15 15 15 15 15 15 15 15 15 15 16 0 0 1 0 0 0 1 4 0 0 0 1 1 1 0 0 1 2 2 1 2 2 0 1 0 0 0 0 0 
0 0 0 1 0 0 0 0 0 0 0 4 6 0 0 0 0 0 1 0 4 3 0 1 2 2 2 8 0 0 1 0 0 0 15 15 15 15 15 15 15 15 15 15 15 15 15 15 15 15 16 17 0 1 0 0 0 2 5 1 0 0 0 1 1 0 0 1 2 3 2 2 3 0 2 1 0 0 0 0 
0 0 0 0 0 0 0 1 0 0 0 5 8 1 0 0 0 0 0 0 0 0 1 1 3 3 21 2 0 0 0 0 0 0 15 15 15 15 15 15 15 15 15 15 15 15 15 15 15 15 16 16 0 1 0 1 1 1 3 0 0 0 0 1 1 0 0 1 2 2 2 2 2 1 6 2 0 0 0 0 
0 0 0 0 0 0 0 1 1 2 1 3 6 6 1 1 1 0 0 0 0 1 2 1 5 3 44 49 0 0 1 2 1 0 15 15 15 15 15 15 15 15 15 15 15 15 15 15 15 15 16 16 17 1 0 1 1 1 1 0 0 0 1 0 1 0 0 1 1 2 2 2 1 1 10 4 0 0 0 0 
0 0 0 0 1 0 1 2 4 1 1 4 10 1 3 2 0 0 0 1 3 3 1 8 3 1 0 0 0 2 3 3 0 15 15 15 15 15 15 15 15 15 15 15 15 15 15 15 15 15 16 17 1 0 2 3 2 0 0 0 0 1 1 1 0 0 1 1 1 2 2 1 1 9 4 0 0 0 0 1 
0 0 0 1 0 0 2 3 1 0 3 9 1 2 2 0 0 0 1 2 2 1 6 3 48 0 50 0 7 10 23 0 15 15 15 15 15 15 15 15 15 15 15 15 15 15 15 15 15 16 17 17 0 3 4 3 0 0 0 0 1 2 0 0 0 0 0 1 1 2 2 1 8 3 0 0 0 1 1 1 
0 0 1 0 0 1 1 0 0 2 5 1 1 1 0 0 0 1 1 1 0 2 2 1 0 0 51 51 8 45 48 15 15 15 15 15 15 15 15 15 15 15 15 15 15 15 15 15 16 16 17 0 3 4 3 0 0 0 1 2 3 1 0 0 0 0 0 1 2 2 2 6 2 0 1 0 1 2 1 1 
0 0 1 1 0 0 0 0 0 1 2 0 1 0 0 0 0 1 0 1 2 0 1 51 17 0 0 1 0 0 0 15 15 15 15 15 15 15 15 15 15 15 15 15 15 15 15 15 16 42 17 18 2 2 2 0 0 0 1 2 3 2 0 0 0 0 0 1 2 2 1 3 1 0 1 2 2 1 1 0 
0 0 2 1 0 0 0 0 0 1 1 0 0 0 0 0 0 0 0 3 8 1 1 1 1 0 0 0 0 0 0 15 15 15 15 239 15 138 81 48 75 84 74 75 75 15 15 83 82 84 72 75 72 82 42 81 74 9 1 2 13 3 76 0 0 75 0 76 2 76 3 80 12 83 49 79 2 1 0 0 
0 0 3 2 0 1 1 0 1 1 0 0 0 0 0 0 0 0 0 5 14 2 0 231 2 55 0 50 51 107 50 15 15 15 15 15 15 25 255 191 53 84 122 65 83 15 15 24 76 84 68 66 83 30 72 18 74 0 1 2 12 3 1 0 1 1 1 1 11 1 52 0 84 0 84 34 2 1 0 0 
0 0 2 2 0 1 1 0 1 1 0 0 1 1 1 0 0 0 0 4 12 2 0 51 51 51 255 255 51 225 75 15 15 15 15 255 96 61 71 15 15 84 15 15 15 15 15 80 80 16 17 17 18 1 1 0 74 0 1 2 51 2 57 0 1 56 1 57 2 60 7 69 18 80 51 80 1 1 1 1 
1 0 1 1 1 0 2 1 0 0 0 1 2 2 2 1 0 0 0 2 7 1 1 51 51 0 3 1 0 51 0 15 15 15 15 15 15 15 15 15 15 15 15 15 15 15 15 15 16 16 17 17 18 1 1 0 0 0 1 2 1 2 1 0 1 2 2 2 1 0 1 1 0 0 1 2 0 1 1 1 
1 0 1 1 1 0 2 1 0 0 0 1 3 3 2 1 0 1 0 1 2 0 1 1 1 0 3 1 0 1 0 15 15 15 15 39 78 15 77 29 67 84 84 74 83 84 80 18 83 83 59 43 76 20 1 0 0 80 34 81 4 1 0 102 89 101 1 1 92 0 1 1 0 1 1 1 95 0 1 1 
0 0 1 1 0 1 1 0 0 0 0 3 2 2 2 1 1 0 0 0 1 0 1 51 51 47 32 1 0 1 25 15 15 15 15 59 15 15 15 41 24 84 84 15 36 84 24 49 19 18 59 46 18 19 0 1 0 77 22 0 72 1 0 102 0 1 0 102 1 0 1 1 0 1 2 102 1 0 1 1 
0 0 1 1 0 1 0 0 0 1 0 4 2 1 1 2 1 0 0 0 0 0 1 51 51 44 32 0 0 1 49 15 15 15 15 43 64 15 15 15 15 15 15 15 15 84 15 15 16 16 17 17 18 19 0 4 0 73 48 74 9 1 0 102 0 1 0 0 0 1 1 1 1 1 1 0 102 0 1 1 
0 0 1 1 1 1 0 0 1 1 1 3 1 0 1 2 1 0 0 0 0 0 0 51 51 1 1 0 0 1 2 2 2 2 2 2 2 2 2 2 2 2 2 2 2 2 2 2 2 2 2 2 2 2 2 2 2 2 2 2 2 2 2 2 2 2 2 2 2 2 2 2 2 2 2 2 2 2 2 2 
