104 105 105 106 106 107 107 108 108 109 109 110 110 110 111 111 111 111 111 111 111 111 111 111 112 112 112 112 112 112 112 112 111 111 111 111 111 111 111 111 111 111 111 111 111 111 111 111 111 111 111 111 111 111 111 112 112 113 113 113 114 114 114 115 115 115 116 116 116 117 116 116 115 115 114 114 114 113 113 112 
104 104 105 105 106 106 107 107 108 109 109 110 110 110 110 110 110 111 111 111 111 111 111 111 111 111 112 112 112 112 112 111 111 111 111 111 111 111 111 111 111 111 111 111 111 111 110 110 110 110 110 111 111 111 112 112 112 113 113 114 114 114 115 115 115 116 116 116 117 116 116 115 115 114 114 114 113 113 112 106 
104 104 105 105 106 107 107 108 108 109 109 110 110 110 110 110 110 110 111 111 111 111 111 111 111 111 111 112 112 112 112 111 111 111 111 111 111 111 111 111 111 110 110 110 110 110 110 110 110 110 111 111 111 112 112 113 113 113 114 114 114 115 115 115 116 116 117 117 116 115 115 114 114 114 113 113 112 112 108 103 
104 104 105 105 106 107 107 108 108 109 109 109 110 110 110 110 110 110 110 110 110 111 111 111 111 111 111 111 111 111 111 111 111 111 111 110 110 110 110 110 110 110 110 110 110 110 110 110 110 111 111 112 112 112 113 113 113 114 114 115 115 115 116 116 117 117 116 115 115 115 114 114 113 113 112 112 111 111 102 103 
103 104 105 105 106 106 107 107 108 109 109 109 109 109 110 110 110 110 110 110 110 110 110 111 111 111 111 111 111 110 110 110 110 110 110 110 110 110 110 110 110 110 110 110 110 110 110 110 111 111 111 112 112 113 113 113 114 114 115 115 115 116 116 117 116 116 115 115 115 114 114 113 113 112 112 111 111 104 102 102 
103 104 105 105 106 106 107 108 108 109 109 109 109 109 109 109 109 110 110 110 110 110 110 110 110 111 111 111 111 110 110 110 110 110 110 110 110 110 110 110 110 109 109 109 109 110 110 111 111 111 112 112 113 113 113 114 114 115 115 115 116 116 117 116 116 115 115 114 114 113 113 112 112 111 111 110 110 101 102 102 
103 104 104 105 105 106 107 107 108 108 108 109 109 109 109 109 109 109 109 110 110 110 110 110 110 110 110 110 110 110 110 110 110 110 110 109 109 109 109 109 109 109 109 109 110 110 111 111 111 112 112 113 113 113 114 114 115 115 115 116 116 117 116 116 115 115 114 114 113 113 112 112 111 111 111 111 104 101 101 102 
103 104 104 105 105 106 107 107 108 108 108 108 108 109 109 109 109 109 109 109 109 110 110 110 110 110 110 110 110 109 109 109 109 109 109 109 109 109 109 109 109 109 109 110 110 111 111 112 112 112 113 113 114 114 114 115 115 116 116 116 116 116 115 115 114 114 113 113 112 112 111 111 111 112 112 104 100 101 101 102 
104 104 105 106 106 107 108 108 108 108 108 108 108 108 109 109 109 109 109 109 109 109 110 110 110 110 109 109 109 109 109 109 109 109 109 109 109 109 109 109 110 110 110 111 111 112 112 113 113 113 114 114 115 115 116 116 116 116 116 115 115 114 114 113 113 112 112 111 112 112 113 113 114 104 99 100 101 101 102 102 
105 106 106 107 107 107 107 108 108 108 108 108 108 108 108 109 109 109 109 109 109 109 110 110 109 109 109 109 109 108 108 108 108 108 108 109 109 109 110 110 111 111 112 112 113 113 114 114 114 115 115 116 116 117 116 115 115 114 114 113 113 112 112 111 112 112 113 113 114 114 109 99 99 100 101 101 102 103 103 104 
107 107 107 107 107 107 107 107 108 108 108 108 108 108 108 108 109 109 109 109 109 108 108 108 108 108 108 108 108 108 108 108 109 109 110 110 111 111 111 112 112 113 113 114 114 115 115 116 116 117 116 115 115 114 114 113 113 112 112 112 113 113 114 114 115 115 116 116 99 99 99 100 100 101 102 103 103 104 105 105 
106 106 107 107 107 107 107 107 107 108 108 108 108 108 108 108 109 109 108 108 108 108 108 108 108 108 107 108 108 109 109 109 110 110 111 111 112 112 113 113 114 114 115 115 116 116 116 116 115 115 114 114 113 113 112 113 113 114 114 115 115 116 116 117 118 105 99 99 99 99 100 101 101 102 103 103 104 105 106 106 
106 106 107 107 107 107 107 107 107 108 108 108 108 108 108 108 107 107 107 107 107 107 107 108 108 109 109 110 110 111 111 112 112 113 113 113 114 114 115 115 116 116 116 115 115 114 114 113 113 113 114 114 115 115 116 116 117 117 118 119 119 106 99 99 99 99 100 100 100 101 102 103 103 104 105 105 105 105 105 106 
107 107 107 107 107 107 107 108 108 107 107 107 107 107 107 107 107 107 108 108 109 109 110 110 111 111 112 112 113 113 114 114 115 115 116 116 116 116 115 114 114 113 113 114 115 115 116 116 117 117 118 118 119 120 120 121 106 99 99 99 99 99 100 100 100 101 102 103 104 104 104 105 105 105 105 105 105 105 106 106 
106 107 107 107 107 107 107 107 106 106 106 106 106 107 107 108 108 109 109 110 110 111 111 112 112 113 114 114 115 115 116 116 116 116 115 114 114 114 114 115 115 116 117 117 118 118 119 120 120 121 121 122 122 122 122 122 122 122 122 122 122 122 122 122 122 122 122 122 122 122 122 122 122 122 122 122 122 122 122 122 
105 106 107 107 108 108 109 109 110 110 111 112 112 113 113 114 114 115 116 116 116 115 115 115 115 116 116 117 118 118 119 120 120 121 121 122 122 122 122 122 122 122 122 122 122 122 122 122 122 122 122 122 122 122 122 122 122 122 122 122 122 122 122 122 122 122 122 122 122 122 122 122 122 122 122 122 122 122 122 122 
112 113 113 114 115 115 116 116 115 116 117 117 118 119 119 120 121 121 122 122 122 122 122 122 122 122 122 122 122 122 122 122 122 122 122 122 122 122 122 122 122 122 122 122 122 122 122 122 122 122 122 122 122 122 122 122 122 122 122 122 122 122 122 122 122 122 122 122 122 122 122 122 122 122 122 122 122 122 122 122 
118 118 119 120 121 121 122 122 122 122 122 122 122 122 122 122 122 122 122 122 122 122 122 122 122 122 122 122 122 122 122 122 122 122 122 122 122 122 122 122 122 122 122 122 122 122 122 122 122 122 122 122 122 122 122 122 122 122 122 122 122 122 122 122 122 122 122 122 122 122 122 122 122 122 122 122 122 122 122 122 
125 125 125 125 125 125 125 125 125 125 116 99 99 99 99 99 99 99 99 99 99 99 99 99 99 99 99 99 99 99 100 100 100 100 100 101 101 101 101 101 101 102 102 102 102 103 103 103 104 105 105 106 107 107 108 109 109 110 111 111 111 111 112 112 113 114 115 116 117 118 118 119 120 121 122 123 123 123 123 123 
99 99 99 99 99 99 99 99 99 99 99 99 99 99 99 99 99 99 99 99 99 99 100 100 100 100 100 101 101 101 101 101 101 101 102 102 103 104 104 105 106 107 107 108 109 109 109 109 110 110 110 111 112 113 114 115 116 117 118 118 119 119 120 120 121 121 121 121 121 121 121 120 120 121 122 122 122 122 122 122 
99 99 99 99 99 99 99 99 99 99 99 99 99 100 100 100 100 100 101 101 101 101 101 101 101 102 102 103 104 105 105 106 106 106 107 107 107 108 108 110 111 112 113 113 114 114 115 115 116 117 117 117 117 117 117 117 118 119 119 120 121 121 121 121 121 121 121 121 121 121 121 121 121 121 121 121 121 121 121 121 
99 99 99 99 99 100 100 100 100 100 113 41 41 41 41 41 41 41 41 41 41 41 41 41 41 41 41 41 41 41 41 41 41 41 32 111 111 112 113 114 114 115 116 117 118 118 119 120 121 121 121 121 121 121 121 121 121 121 121 121 121 121 121 121 121 121 121 121 121 121 121 121 121 121 121 121 121 121 121 121 
41 41 41 41 41 41 41 41 41 41 41 41 41 41 41 41 41 41 41 41 41 41 41 41 108 109 110 111 112 112 113 114 114 115 115 116 117 117 118 119 119 120 121 121 121 121 121 121 121 121 121 121 121 121 121 121 121 121 121 121 121 121 121 121 121 121 121 121 121 121 121 121 121 121 121 121 121 121 121 121 
41 41 41 41 41 41 41 41 41 41 41 41 41 68 106 106 107 108 109 109 110 111 112 112 113 113 114 115 116 116 117 118 119 119 121 122 122 56 0 1 0 0 0 0 0 0 1 0 0 0 0 0 0 0 7 9 9 9 9 9 9 9 9 9 9 13 4 1 1 27 41 41 41 41 41 41 41 41 41 41 
41 41 41 41 41 41 41 41 41 41 41 41 41 104 104 105 106 106 107 107 109 110 111 111 112 113 114 115 116 116 117 118 118 119 120 120 120 120 120 120 120 120 120 120 120 120 120 120 120 120 120 120 120 120 120 120 120 120 120 120 120 120 120 120 120 120 120 120 120 120 120 120 120 120 120 120 120 120 120 120 
41 41 23 22 21 11 1 1 0 1 2 2 1 0 0 0 0 56 110 112 113 113 114 116 118 118 55 0 0 0 1 0 0 0 0 1 0 0 0 1 0 1 2 2 8 9 9 9 9 9 9 9 9 9 2 0 0 0 27 41 41 41 41 41 41 41 41 41 41 41 41 41 41 41 41 41 41 41 41 41 
41 41 47 89 56 1 2 0 0 0 1 1 0 0 0 0 0 1 1 1 0 1 2 60 113 114 54 0 0 0 1 0 0 0 0 1 0 0 0 1 0 2 3 3 8 9 9 9 9 9 9 9 9 9 2 1 0 0 27 41 41 41 41 41 41 41 41 41 41 41 41 41 41 41 41 41 41 41 41 41 
41 41 13 0 0 2 1 0 0 0 0 0 0 0 0 0 0 1 2 3 1 2 1 0 0 0 1 0 0 0 1 0 0 0 1 1 0 0 0 1 0 2 3 4 9 9 9 9 9 9 9 9 9 9 57 56 0 0 27 41 41 41 41 41 41 41 41 41 41 41 41 41 41 41 41 41 41 41 41 41 
41 41 13 0 0 2 1 0 0 0 0 0 0 0 0 0 0 1 1 2 1 2 1 0 2 5 3 0 0 0 1 0 0 1 2 1 0 0 0 1 0 0 1 6 10 9 9 9 9 9 9 9 9 9 13 22 11 0 27 41 41 41 41 41 41 41 41 41 41 41 41 41 41 41 41 41 41 41 41 41 
41 41 13 0 0 1 2 0 0 0 0 0 0 0 0 0 0 1 1 1 0 1 1 1 4 10 5 0 0 0 1 0 0 1 2 1 0 0 1 1 0 0 0 6 10 9 9 9 9 9 9 9 9 14 19 14 12 0 27 41 41 41 41 41 41 41 41 41 41 41 41 41 41 41 41 41 41 41 41 41 
41 41 13 0 0 1 2 1 1 1 0 0 0 0 0 0 0 0 0 0 0 0 0 0 5 12 7 2 0 0 0 1 0 0 1 0 0 0 0 0 0 0 0 8 9 9 9 9 9 9 9 9 9 9 14 30 11 0 27 41 41 41 41 41 41 41 41 41 41 41 41 41 41 41 41 41 41 41 41 41 
41 41 13 0 0 2 2 1 1 1 1 1 0 0 0 0 0 0 0 0 0 0 0 0 3 7 6 3 0 0 0 1 1 1 1 0 0 0 0 0 0 0 1 8 9 9 9 9 9 9 9 9 9 9 9 20 19 2 27 41 41 41 41 41 41 41 41 41 41 41 41 41 41 41 41 41 41 41 41 41 
41 41 14 1 1 3 2 1 1 2 2 0 0 0 0 0 0 0 0 0 0 0 0 0 0 1 3 2 0 0 0 1 1 1 1 0 0 0 0 0 0 0 0 7 9 9 9 9 9 9 9 9 9 9 9 9 10 4 27 41 41 41 41 41 41 41 41 41 41 41 41 41 41 41 41 41 41 41 41 41 
41 41 13 0 1 2 1 1 1 2 1 0 0 0 0 0 1 0 0 1 0 0 1 0 0 0 1 1 0 0 0 1 1 1 1 1 0 0 0 0 0 0 0 7 9 9 9 9 9 9 9 9 9 9 9 9 9 9 9 9 9 9 9 9 9 9 9 9 9 9 9 9 9 9 9 9 9 9 9 9 
0 0 0 0 1 1 0 0 1 1 1 2 1 1 0 0 0 0 0 0 0 0 1 1 1 0 0 0 0 0 0 0 0 0 0 6 46 27 29 27 32 30 30 30 30 30 30 30 30 30 30 30 30 30 30 30 30 30 30 30 30 30 30 30 30 30 30 30 30 30 30 30 30 30 30 30 30 30 30 30 
0 0 0 0 0 2 1 0 0 1 0 1 1 1 1 0 0 0 0 0 0 0 0 0 0 0 0 0 0 1 0 0 1 1 0 0 0 41 41 41 41 41 41 41 41 41 41 41 41 41 41 41 41 41 41 41 41 41 41 41 41 1 22 16 8 23 1 1 1 0 1 1 1 1 0 1 0 0 0 1 
0 0 0 0 0 1 0 0 1 1 1 1 1 0 1 1 0 0 0 0 0 0 0 0 0 0 1 1 0 0 1 0 0 0 0 0 0 41 41 41 41 41 41 41 41 41 41 41 41 41 41 41 41 10 10 9 9 8 7 7 4 4 4 4 4 4 4 4 4 4 4 4 4 4 4 4 4 4 4 4 
1 1 0 0 0 0 0 0 0 0 0 0 0 0 0 0 1 1 0 0 0 0 0 0 0 0 1 1 3 4 8 7 5 5 6 6 7 8 9 10 10 11 11 11 10 9 9 9 8 14 12 6 11 5 1 0 0 0 0 0 1 1 0 0 0 0 0 0 0 1 1 0 0 0 3 3 1 0 0 0 
0 0 0 0 1 0 0 0 0 0 0 0 0 1 0 0 0 0 0 0 0 0 1 0 1 5 5 6 5 5 6 7 7 8 9 10 11 12 11 11 10 10 9 9 9 10 9 7 8 1 1 1 0 0 0 0 0 0 0 0 0 0 0 0 0 1 2 0 0 1 2 4 2 0 0 0 1 1 1 0 
0 1 0 0 0 0 0 0 0 0 1 0 0 0 0 0 0 0 0 1 0 0 3 5 5 5 5 6 7 8 8 9 10 11 11 11 11 10 10 10 10 12 9 9 16 7 1 1 0 0 0 0 0 0 0 0 0 0 0 0 0 1 2 1 0 0 0 3 3 0 0 0 1 2 1 1 0 0 0 0 
0 0 0 0 0 1 0 0 0 0 0 0 0 0 1 1 1 3 5 7 6 6 7 7 8 9 9 9 10 11 11 10 10 11 11 10 8 8 14 6 1 1 1 0 0 0 0 2 1 0 0 0 0 0 0 0 1 1 0 0 0 0 3 2 0 0 0 1 1 1 1 0 0 0 0 0 0 0 0 0 
0 1 0 0 0 0 0 0 0 0 1 1 1 0 3 5 5 6 7 8 8 9 9 9 10 10 10 10 10 11 12 11 9 12 5 1 0 0 0 0 0 0 0 3 2 0 0 0 0 0 0 0 1 0 0 0 0 0 3 2 0 0 0 0 1 0 0 0 0 0 0 0 0 0 0 0 0 0 0 0 
0 0 0 0 0 1 1 1 0 0 3 5 6 7 8 8 9 9 9 10 10 10 9 9 11 11 8 10 4 0 0 0 0 0 0 0 0 0 1 1 0 0 0 0 0 0 0 0 0 0 0 0 0 2 1 0 0 0 0 0 0 0 0 1 1 0 0 0 0 0 0 0 0 0 0 0 0 0 0 1 
0 1 2 0 0 5 5 6 8 8 9 9 9 10 10 10 10 9 9 11 12 10 0 0 0 0 0 0 0 0 0 0 0 0 0 0 0 0 2 1 0 0 0 0 0 0 1 1 2 1 0 0 0 0 0 0 0 1 2 1 0 0 1 0 1 0 0 1 0 0 0 0 0 1 1 0 1 2 1 1 
1 5 6 8 8 9 9 9 10 10 9 9 8 9 11 14 11 0 0 0 0 0 0 0 0 0 0 0 0 0 0 0 0 0 0 0 0 0 0 0 1 1 1 0 0 0 1 0 0 0 0 0 1 1 0 0 0 1 1 1 0 0 0 0 0 0 0 0 1 0 0 0 1 1 1 0 0 1 0 0 
8 9 9 9 9 9 9 9 8 8 10 9 0 0 0 0 0 0 0 0 1 0 0 0 0 0 0 0 0 0 0 1 0 0 0 0 1 0 0 0 0 1 1 0 0 0 0 0 1 1 0 0 0 1 1 1 0 0 0 0 0 0 0 0 1 0 0 0 0 2 1 0 0 1 1 0 1 5 6 7 
9 9 9 9 9 9 8 8 8 12 11 0 0 0 0 0 0 0 0 1 0 0 0 2 1 0 0 0 0 0 1 0 0 0 1 1 0 0 0 1 1 1 1 0 0 0 0 1 1 0 0 0 1 1 0 0 0 0 0 0 0 0 0 1 1 1 1 1 1 1 1 1 1 1 0 1 5 6 7 8 
9 9 9 9 8 8 8 8 11 10 0 0 0 0 0 0 0 0 1 1 1 1 2 5 2 0 0 0 0 1 0 0 0 1 1 0 0 0 1 2 2 1 0 0 0 0 0 0 0 0 0 0 1 0 0 0 0 0 0 0 0 0 0 1 1 1 0 0 0 1 1 1 1 0 1 4 6 7 8 8 
9 9 9 8 8 8 9 12 10 0 0 0 0 0 0 0 0 0 1 1 2 4 10 5 0 0 0 1 0 0 0 1 1 0 0 0 1 1 2 2 1 1 0 0 0 0 0 1 3 3 1 1 0 0 0 0 0 0 0 1 1 0 0 1 1 0 0 0 0 1 1 1 1 2 4 5 6 7 8 8 
8 8 8 8 8 8 9 13 11 0 0 0 0 2 2 0 0 0 0 1 1 3 8 4 0 0 1 1 0 0 0 1 1 0 0 0 1 1 1 1 1 1 1 1 1 0 0 2 7 6 1 0 0 0 0 0 0 0 0 2 2 0 0 0 1 1 0 0 0 1 2 1 1 2 3 5 6 7 8 8 
8 8 8 8 8 8 10 8 0 0 0 0 1 4 4 0 0 0 0 0 0 1 3 2 0 1 2 2 4 5 0 0 0 0 0 0 1 1 1 1 1 1 1 1 1 1 0 2 9 8 2 1 0 0 0 0 0 0 0 3 3 0 0 0 0 1 0 0 0 1 2 2 2 2 3 5 6 7 7 8 
8 8 8 8 8 8 10 9 0 0 0 0 1 6 5 0 0 0 0 0 0 0 0 0 1 1 3 9 14 1 0 0 0 0 0 0 1 1 1 1 1 2 1 1 1 1 0 1 5 5 1 2 0 0 0 0 0 1 1 1 2 0 0 0 0 1 0 0 0 1 2 2 2 2 1 2 6 6 7 7 
7 8 8 8 8 9 11 10 0 1 1 1 1 4 6 4 1 1 0 0 0 0 0 1 1 2 4 16 45 32 0 0 1 1 0 0 0 1 2 1 0 2 1 1 0 0 1 1 1 1 2 4 1 0 0 0 0 1 1 1 0 0 0 0 0 0 0 0 0 1 1 2 2 1 1 2 5 6 6 7 
7 7 8 7 7 8 6 0 0 1 2 3 1 2 6 7 1 2 1 0 0 0 1 3 2 3 6 2 0 0 0 0 2 3 2 0 0 1 1 0 0 1 1 0 0 0 1 1 0 0 1 3 0 0 0 0 0 2 2 1 0 0 0 0 1 1 0 0 0 1 1 1 2 1 1 3 8 6 6 7 
7 7 7 7 8 7 0 0 0 2 2 0 1 5 6 1 2 1 0 0 0 1 2 1 2 5 18 32 16 33 2 8 14 15 0 0 0 1 0 0 1 1 0 0 0 0 1 0 0 0 1 0 0 0 0 1 3 3 2 0 0 0 0 1 1 0 0 0 0 0 1 1 2 1 3 8 8 6 6 6 
6 8 6 0 0 0 0 1 0 0 0 3 3 1 1 0 0 0 0 1 1 0 0 2 1 0 0 17 51 36 20 46 32 0 0 0 0 0 0 1 0 0 0 0 1 0 0 0 0 1 1 0 0 1 3 3 2 0 0 0 1 2 2 0 0 0 0 0 0 1 2 2 3 4 3 5 5 5 5 5 
7 7 0 0 1 0 0 0 0 0 0 1 1 0 0 0 0 0 0 0 0 1 1 0 17 39 11 0 0 0 0 0 0 1 0 0 1 2 1 1 0 0 0 0 1 1 0 0 0 0 2 32 0 0 2 2 1 0 0 0 1 2 2 1 0 0 0 0 0 1 2 1 1 2 0 0 3 7 7 5 
0 0 0 0 1 0 0 0 0 0 0 1 0 0 0 0 0 0 0 0 1 4 5 1 1 1 0 0 0 0 0 0 1 2 1 0 80 159 29 111 87 34 69 84 72 73 73 0 0 82 81 84 69 72 72 82 42 81 74 9 1 2 13 2 76 0 0 75 0 76 2 77 2 80 12 83 48 80 1 0 
0 0 0 1 2 1 0 1 0 0 1 0 0 0 0 0 0 0 0 0 1 8 10 1 77 154 19 36 16 50 69 88 34 2 0 0 3 4 1 98 223 148 32 103 102 61 83 0 0 10 74 84 64 61 82 30 72 18 74 0 1 2 13 2 0 0 1 1 1 1 11 0 52 0 84 0 84 34 1 0 
0 0 0 0 2 1 0 1 0 0 1 0 0 0 1 1 0 0 0 0 1 6 8 1 17 51 51 119 255 187 109 175 50 1 0 0 85 198 57 56 68 0 0 85 1 1 1 1 0 78 80 1 0 0 0 1 0 0 74 0 1 1 51 1 57 0 1 56 1 57 2 61 7 69 18 80 51 80 1 1 
1 1 0 0 1 1 0 0 1 0 0 0 0 1 2 2 1 0 0 0 0 3 5 1 17 51 34 1 2 0 17 34 0 0 0 0 1 2 0 0 0 0 0 1 1 1 1 1 0 0 1 0 0 0 1 1 0 0 0 0 1 1 1 1 0 0 1 2 2 1 0 0 1 0 0 0 1 1 0 1 
1 1 0 0 1 1 0 0 1 0 0 0 0 1 3 2 1 0 0 0 0 1 1 0 1 1 0 1 2 0 0 0 0 0 0 0 1 30 77 0 76 18 63 84 84 72 83 84 80 3 83 83 52 32 74 1 0 0 0 82 29 1 1 0 0 102 89 101 1 0 92 0 1 0 0 1 1 0 95 0 
1 0 0 0 1 0 0 1 0 0 0 0 1 2 2 2 1 1 0 0 0 0 0 0 17 51 49 42 21 0 0 9 16 0 0 0 1 54 0 0 0 32 10 84 84 1 26 84 11 42 8 6 52 36 0 0 0 74 0 11 84 0 1 0 0 102 0 0 0 102 1 0 1 0 0 1 1 102 0 0 
1 0 0 1 1 0 1 0 0 0 1 0 4 2 1 1 2 1 0 0 0 0 0 1 51 51 44 32 0 0 1 49 0 0 0 1 36 60 0 0 0 0 1 1 0 1 84 1 0 3 4 0 1 0 0 0 1 0 80 34 1 1 1 0 102 0 1 0 0 0 1 1 1 1 1 1 0 102 0 1 
1 0 0 0 1 1 1 0 0 0 1 1 2 1 0 0 1 1 0 0 0 0 0 0 34 51 17 1 0 0 0 1 2 2 2 2 2 2 2 2 2 2 2 2 2 2 2 2 2 2 2 2 2 2 2 2 2 2 2 2 2 2 2 2 2 2 2 2 2 2 2 2 2 2 2 2 2 2 2 2 
2 2 2 2 2 2 2 2 2 2 2 2 2 2 2 2 2 2 2 2 2 2 2 2 2 2 2 2 2 2 2 2 2 2 2 2 2 2 2 2 2 2 2 2 2 2 2 2 2 2 2 2 2 2 2 2 2 2 2 2 2 2 2 2 2 2 2 2 2 2 2 2 2 2 2 2 2 2 2 2 
2 2 2 2 2 2 2 2 2 2 2 2 2 2 2 2 2 2 2 2 2 2 2 2 2 2 2 2 2 2 2 2 2 2 2 2 2 2 2 2 2 2 2 2 2 2 2 2 2 2 2 2 2 2 2 2 2 2 2 2 2 2 2 2 2 2 2 2 2 2 2 2 2 2 2 2 2 2 2 2 
2 2 2 2 2 2 2 2 2 2 2 2 2 2 2 2 2 2 2 2 2 2 2 2 2 2 2 2 2 2 2 2 2 2 2 2 2 2 2 2 2 2 2 2 2 2 2 2 2 2 2 2 2 2 2 2 2 2 2 2 2 2 2 2 2 2 2 2 2 2 2 2 2 2 2 2 2 2 2 2 
2 2 2 2 2 2 2 2 2 2 2 2 2 2 2 2 2 2 2 2 2 2 2 2 2 2 2 2 2 2 2 2 2 2 2 2 2 2 2 2 2 2 2 2 2 2 2 2 2 2 2 2 2 2 2 2 2 2 2 2 2 2 2 2 2 2 2 2 2 2 2 2 2 2 2 2 2 2 2 2 
2 2 2 2 2 2 2 2 2 2 2 2 2 2 2 2 2 2 2 2 2 2 2 2 2 2 2 2 2 2 2 2 2 2 2 2 2 2 2 2 2 2 2 2 2 2 2 2 2 2 2 2 2 2 2 2 2 2 2 2 2 2 2 2 2 2 2 2 2 2 2 2 2 2 2 2 2 2 2 2 
2 2 2 2 2 2 2 2 2 2 2 2 2 2 2 2 2 2 2 2 2 2 2 2 2 2 2 2 2 2 2 2 2 2 2 2 2 2 2 2 2 2 2 2 2 2 2 2 2 2 2 2 2 2 2 2 2 2 2 2 2 2 2 2 2 2 2 2 2 2 2 2 2 2 2 2 2 2 2 2 
2 2 2 2 2 2 2 2 2 2 2 2 2 2 2 2 2 2 2 2 2 2 2 2 2 2 2 2 2 2 2 2 2 2 2 2 2 2 2 2 2 2 2 2 2 2 2 2 2 2 2 2 2 2 2 2 2 2 2 2 2 2 2 2 2 2 2 2 2 2 2 2 2 2 2 2 2 2 2 2 
2 2 2 2 2 2 2 2 2 2 2 2 2 2 2 2 2 2 2 2 2 2 2 2 2 2 2 2 2 2 2 2 2 2 2 2 2 2 2 2 2 2 2 2 2 2 2 2 2 2 2 2 2 2 2 2 2 2 2 2 2 2 2 2 2 2 2 2 2 2 2 2 2 2 2 2 2 2 2 2 
2 2 2 2 2 2 2 2 2 2 2 2 2 2 2 2 2 2 2 2 2 2 2 2 2 2 2 2 2 2 2 2 2 2 2 2 2 2 2 2 2 2 2 2 2 2 2 2 2 2 2 2 2 2 2 2 2 2 2 2 2 2 2 2 2 2 2 2 2 2 2 2 2 2 2 2 2 2 2 2 
2 2 2 2 2 2 2 2 2 2 2 2 2 2 2 2 2 2 2 2 2 2 2 2 2 2 2 2 2 2 2 2 2 2 2 2 2 2 2 2 2 2 2 2 2 2 2 2 2 2 2 2 2 2 2 2 2 2 2 2 2 2 2 2 2 2 2 2 2 2 2 2 2 2 2 2 2 2 2 2 
2 2 2 2 2 2 2 2 2 2 2 2 2 2 2 2 2 2 2 2 2 2 2 2 2 2 2 2 2 2 2 2 2 2 2 2 2 2 2 2 2 2 2 2 2 2 2 2 2 2 2 2 2 2 2 2 2 2 2 2 2 2 2 2 2 2 2 2 2 2 2 2 2 2 2 2 2 2 2 2 
2 2 2 2 2 2 2 2 2 2 2 2 2 2 2 2 2 2 2 2 2 2 2 2 2 2 2 2 2 2 2 2 2 2 2 2 2 2 2 2 2 2 2 2 2 2 2 2 2 2 2 2 2 2 2 2 2 2 2 2 2 2 2 2 2 2 2 2 2 2 2 2 2 2 2 2 2 2 2 2 
2 2 2 2 2 2 2 2 2 2 2 2 2 2 2 2 2 2 2 2 2 2 2 2 2 2 2 2 2 2 2 2 2 2 2 2 2 2 2 2 2 2 2 2 2 2 2 2 2 2 2 2 2 2 2 2 2 2 2 2 2 2 2 2 2 2 2 2 2 2 2 2 2 2 2 2 2 2 2 2 
2 2 2 2 2 2 2 2 2 2 2 2 2 2 2 2 2 2 2 2 2 2 2 2 2 2 2 2 2 2 2 2 2 2 2 2 2 2 2 2 2 2 2 2 2 2 2 2 2 2 2 2 2 2 2 2 2 2 2 2 2 2 2 2 2 2 2 2 2 2 2 2 2 2 2 2 2 2 2 2 
2 2 2 2 2 2 2 2 2 2 2 2 2 2 2 2 2 2 2 2 2 2 2 2 2 2 2 2 2 2 2 2 2 2 2 2 2 2 2 2 2 2 2 2 2 2 2 2 2 2 2 2 2 2 2 2 2 2 2 2 2 2 2 2 2 2 2 2 2 2 2 2 2 2 2 2 2 2 2 2 
