25 25 25 25 25 25 25 25 25 25 25 25 25 25 25 25 25 25 25 25 25 25 25 25 25 25 25 25 25 25 25 25 25 25 25 25 25 25 25 25 25 25 25 25 25 25 25 24 24 24 24 24 24 24 23 23 23 23 23 22 22 23 23 22 22 22 22 22 22 22 22 22 22 21 21 21 21 18 18 18 
25 25 25 25 25 25 25 25 25 25 25 25 25 25 25 25 25 25 25 25 25 25 25 25 25 25 25 25 25 25 25 25 25 25 25 25 25 25 25 25 24 24 24 24 24 24 24 24 23 23 23 23 23 23 22 22 19 19 19 19 19 19 19 19 19 19 19 19 19 19 18 18 18 18 18 18 19 25 25 25 
25 25 25 24 24 24 24 24 24 24 24 24 24 24 24 24 24 24 25 25 25 25 25 25 25 25 25 25 25 24 24 24 24 21 21 21 21 21 20 20 20 20 20 20 20 20 20 19 19 19 19 19 19 19 19 19 19 19 19 19 19 19 19 19 19 18 18 18 18 18 18 18 25 25 25 25 25 25 25 25 
24 24 24 24 24 24 23 20 20 20 21 21 21 21 21 21 21 21 21 21 21 21 21 21 21 20 20 20 20 20 20 20 20 20 20 20 19 19 19 19 19 19 19 19 19 19 19 19 19 19 19 19 19 19 19 19 19 18 18 18 18 18 18 19 25 25 25 25 24 21 21 21 21 21 21 21 21 20 20 20 
20 20 20 20 20 20 20 20 20 20 20 20 20 20 20 20 20 20 20 20 20 20 20 20 20 20 20 20 20 19 19 19 19 19 19 19 19 19 19 19 19 19 19 19 19 19 19 19 19 19 19 19 19 18 18 18 18 18 18 19 21 21 21 21 21 21 21 21 21 21 20 20 20 20 20 20 20 20 20 20 
20 20 20 20 20 20 20 20 20 20 20 20 20 20 20 20 20 20 20 20 20 20 20 20 20 20 19 19 19 19 19 19 19 19 19 19 19 19 19 19 19 19 19 19 19 19 19 19 19 19 19 19 18 18 18 18 18 18 21 21 21 21 21 21 21 20 20 20 20 20 20 20 20 20 20 20 20 20 20 20 
19 19 19 19 19 19 20 20 20 20 20 20 20 20 20 20 20 20 20 20 20 19 19 19 19 19 19 19 19 19 19 19 19 19 19 19 19 19 19 19 19 19 19 19 19 19 19 19 19 19 19 19 19 19 19 19 19 19 21 21 21 21 21 20 20 20 20 20 20 20 20 20 20 20 20 19 19 19 19 19 
19 19 19 19 19 19 19 19 19 19 19 19 19 19 19 19 19 19 19 19 19 19 19 19 19 19 19 19 19 19 19 19 19 19 19 19 20 20 20 19 19 19 19 19 19 19 19 19 19 19 19 19 19 19 19 19 19 20 21 21 21 21 20 20 20 20 20 20 20 20 20 20 19 19 19 19 19 19 19 19 
19 19 19 19 19 19 19 19 19 19 19 19 19 19 19 19 19 19 19 19 19 19 19 19 19 19 19 19 19 19 19 19 19 19 19 20 20 20 20 20 20 20 20 19 19 19 19 20 20 20 20 20 20 20 20 20 20 20 21 21 21 20 20 20 20 20 20 20 20 19 19 19 19 19 19 19 19 19 19 19 
19 18 18 18 18 18 18 19 19 19 19 19 19 19 19 19 19 19 19 19 19 19 19 19 19 19 19 19 19 19 19 20 20 20 20 20 20 20 20 20 20 20 20 20 20 20 20 20 20 21 21 21 21 21 21 21 21 21 21 21 21 21 20 20 20 20 20 19 19 19 19 19 19 19 19 19 19 18 18 18 
18 18 18 18 18 18 18 19 19 19 19 19 19 19 19 19 19 19 19 19 19 19 19 19 19 19 19 19 20 20 20 20 20 20 21 21 21 21 21 21 21 21 21 21 21 21 21 21 21 21 21 21 22 22 22 22 21 22 22 21 21 21 21 20 20 20 19 19 19 19 19 19 19 18 18 18 18 18 18 18 
18 18 18 19 19 19 19 19 19 19 19 19 19 19 19 19 18 18 19 19 19 19 20 20 20 20 20 20 20 21 21 21 21 21 21 21 21 21 21 22 22 22 22 22 22 22 22 22 22 22 22 22 22 22 22 22 22 22 21 21 21 20 20 20 20 19 19 19 19 18 18 18 18 18 18 18 17 18 18 18 
18 18 18 18 19 19 19 19 19 18 18 19 19 19 19 20 20 20 20 21 21 21 21 21 22 22 22 22 22 22 22 22 22 22 22 22 22 23 23 23 23 23 23 23 23 23 23 23 23 23 22 22 22 22 22 21 21 21 20 20 20 20 19 19 19 18 18 18 17 17 17 17 17 18 18 18 18 18 18 18 
18 18 18 19 19 19 20 20 20 21 21 21 21 22 22 22 22 22 23 23 23 23 23 23 23 23 23 23 23 23 23 23 24 24 24 24 24 24 24 24 24 25 24 23 23 23 22 22 22 22 22 21 21 21 20 20 20 19 19 19 19 18 18 18 18 18 18 18 18 18 18 18 18 18 18 18 18 18 19 19 
19 20 20 21 21 21 22 22 22 22 23 23 23 23 24 24 24 24 24 24 24 24 24 24 24 24 24 24 24 24 24 25 25 25 25 25 25 25 25 25 24 23 23 23 23 22 22 22 22 21 21 21 21 20 20 20 19 19 19 19 18 18 18 18 18 18 18 18 18 18 18 18 18 19 19 19 19 19 20 20 
21 22 22 22 23 23 23 24 24 24 24 24 25 25 25 25 25 25 25 25 25 25 25 25 25 25 25 25 25 25 25 25 26 26 26 26 26 26 24 24 23 23 23 23 23 22 22 22 22 21 21 21 21 20 20 20 19 19 19 19 19 19 19 19 19 19 19 19 19 19 19 19 19 19 20 20 21 21 22 22 
23 24 24 24 24 25 25 25 25 26 26 26 26 26 26 26 26 26 26 26 26 26 26 26 26 26 26 26 26 26 27 27 27 27 27 26 24 24 24 24 23 23 23 23 22 22 22 22 21 21 21 20 20 20 20 20 20 20 20 20 20 20 19 19 19 19 19 19 19 20 20 21 21 21 22 22 23 23 24 24 
25 26 26 26 26 26 26 26 26 26 26 26 26 26 26 27 27 27 27 27 27 27 27 27 27 27 27 27 27 28 28 28 28 27 24 24 24 24 24 23 23 23 23 23 23 23 22 22 22 21 21 21 21 21 21 21 21 21 21 20 20 20 20 20 20 20 21 21 21 22 22 23 23 24 25 25 26 26 27 27 
27 27 26 26 26 27 27 27 27 27 27 27 27 27 27 27 27 28 28 28 28 28 28 28 28 28 28 28 28 28 28 27 25 25 24 24 24 24 24 23 23 23 23 23 23 23 22 22 22 22 22 22 22 22 22 21 21 21 21 21 21 21 21 21 22 22 23 23 24 24 25 26 26 27 27 28 28 28 28 28 
27 28 28 28 28 28 28 28 28 28 28 28 28 28 28 28 28 28 28 29 29 29 29 29 29 29 29 29 25 25 25 25 25 24 24 24 24 24 23 23 23 23 23 23 23 23 23 23 23 22 22 22 22 22 22 22 22 22 22 22 23 24 24 24 25 26 26 27 27 28 28 28 28 28 28 28 28 28 28 28 
28 28 28 28 28 28 28 28 28 28 28 29 29 29 29 29 30 30 30 30 30 30 29 29 29 28 25 25 25 25 25 24 24 24 24 24 24 24 24 24 24 24 24 24 24 23 23 23 23 23 23 23 22 23 23 23 24 24 25 26 26 26 27 27 28 28 28 28 28 28 28 28 28 28 28 28 28 28 28 28 
28 28 28 28 28 28 29 29 29 29 29 29 29 29 29 30 30 30 30 30 30 30 30 30 30 28 24 24 25 25 25 25 25 25 25 24 24 24 24 24 24 25 25 25 24 24 24 24 24 24 23 24 24 24 25 25 25 26 26 27 27 27 28 28 28 28 29 29 29 29 28 28 28 28 28 28 28 29 29 29 
29 29 29 29 29 29 29 29 29 29 29 29 29 29 30 30 30 30 30 30 30 30 30 30 30 28 24 24 25 25 25 25 25 25 25 25 25 25 25 25 25 25 25 25 25 25 25 25 25 25 25 25 25 26 26 26 26 27 27 27 28 28 28 28 28 29 29 29 29 29 29 29 29 29 29 29 29 29 29 29 
29 29 29 29 29 29 29 29 29 29 30 30 30 30 31 31 31 31 30 30 30 30 30 30 30 27 22 23 23 24 24 24 25 25 25 26 26 26 26 26 25 25 25 26 26 25 26 26 26 26 26 26 27 27 27 27 27 27 28 28 28 28 28 28 28 28 28 29 29 29 29 29 29 29 29 29 29 29 29 29 
28 28 28 28 28 29 29 29 30 30 30 31 31 31 31 31 30 30 30 30 30 30 30 30 29 26 20 21 21 22 22 22 23 23 23 24 24 24 25 25 25 26 26 26 26 27 27 27 27 27 27 27 27 27 28 28 28 28 28 28 28 28 28 28 28 28 28 28 28 28 28 28 28 27 28 28 28 28 28 28 
28 28 28 28 28 28 29 29 29 30 30 30 30 30 30 30 30 30 29 29 29 29 29 30 26 19 19 19 20 20 21 21 21 22 22 22 23 23 24 24 24 24 25 25 26 26 26 27 27 27 27 27 28 28 28 27 27 27 27 27 27 27 27 27 27 27 27 27 26 26 26 26 26 26 26 26 26 26 26 26 
27 27 27 27 27 28 28 28 28 29 29 29 29 29 29 29 29 29 29 29 30 29 25 22 17 17 18 17 17 17 17 18 18 18 18 19 19 19 20 20 21 21 22 22 23 23 23 24 24 24 24 24 24 23 23 23 22 22 21 21 21 21 21 21 21 21 20 20 20 20 20 20 20 20 20 20 20 20 20 20 
21 22 22 23 23 23 23 23 23 23 23 23 23 23 23 24 24 23 23 23 23 16 16 16 16 16 15 15 15 16 16 16 16 16 17 18 19 19 20 21 22 22 23 24 24 24 24 24 24 24 24 24 24 23 23 22 22 21 21 20 20 19 18 18 17 16 16 16 16 16 16 16 16 16 16 17 17 17 18 18 
19 19 19 19 19 19 19 19 19 19 18 18 18 19 17 15 15 15 15 15 14 14 13 14 15 13 15 16 17 18 19 20 21 22 22 23 23 24 24 24 24 25 25 25 24 24 67 145 145 146 146 147 147 148 148 149 149 150 150 151 151 152 103 13 12 12 11 11 11 12 12 12 13 13 13 13 13 13 13 13 
14 14 14 14 14 14 14 15 15 15 16 16 16 16 16 15 15 15 16 16 17 17 17 18 18 19 20 20 20 20 19 19 19 19 19 18 18 18 18 18 18 107 145 145 146 146 147 147 148 148 149 149 150 150 151 151 152 54 12 11 11 11 11 11 11 11 11 11 11 11 11 11 12 12 12 12 13 13 13 13 
15 15 16 17 17 15 0 0 1 1 0 0 0 0 0 0 4 11 6 0 0 1 2 1 0 0 0 0 3 19 20 19 19 19 18 17 17 62 145 145 146 146 147 147 148 148 149 149 150 150 151 151 152 104 16 16 16 16 15 15 15 15 16 16 16 16 16 16 16 16 16 16 16 16 16 17 17 17 17 17 
19 12 0 1 1 0 0 0 0 0 0 0 4 5 2 0 0 1 1 0 0 0 0 0 0 1 0 0 1 1 2 2 1 97 145 145 146 146 147 147 148 148 149 149 150 150 151 151 152 57 18 18 18 18 18 18 18 18 18 18 18 18 18 18 18 19 19 19 19 19 19 19 19 19 19 19 19 19 19 19 
2 1 0 0 1 0 0 1 0 0 1 1 1 0 0 0 0 0 1 0 1 0 0 0 0 1 1 1 1 1 1 145 145 146 146 147 147 148 148 149 149 150 150 151 151 152 152 1 0 1 0 1 2 0 3 1 19 18 18 18 18 18 18 21 21 22 22 23 22 22 22 20 20 20 22 22 22 22 21 0 
1 0 0 0 0 0 0 1 0 0 0 0 0 0 0 0 0 0 0 0 0 0 0 0 2 3 1 1 1 1 97 145 145 146 146 147 147 148 148 149 149 150 150 151 151 152 51 0 0 1 1 1 1 1 1 0 0 0 1 2 2 1 1 1 1 1 1 7 18 18 17 17 17 18 18 18 18 18 11 0 
0 0 0 0 0 0 1 0 0 0 0 0 0 0 1 0 0 0 0 0 0 0 0 5 5 1 0 0 0 96 145 145 146 146 147 147 148 148 149 149 150 150 151 151 152 50 0 0 0 1 1 1 1 0 0 0 0 1 2 1 1 2 2 1 0 0 0 1 0 0 0 0 0 2 3 9 19 12 0 0 
1 0 0 0 0 1 2 0 0 0 0 0 0 2 1 0 0 1 0 0 0 0 1 9 6 0 0 0 0 145 145 146 146 147 147 148 148 149 149 150 150 151 151 152 152 0 1 0 1 1 1 2 1 0 0 1 1 2 1 0 2 3 2 1 0 0 0 1 0 0 0 0 0 3 2 0 0 0 0 0 
1 1 0 0 0 1 2 0 0 1 1 0 2 3 2 1 1 1 1 0 0 0 2 6 4 0 1 0 0 145 145 146 146 147 147 148 148 149 149 150 150 151 151 152 152 0 1 1 1 1 1 1 1 0 0 1 2 2 0 0 1 2 1 0 0 0 0 1 1 1 2 0 2 2 1 0 0 1 0 0 
1 2 0 0 0 1 2 0 0 1 2 0 3 4 3 2 1 1 1 0 0 0 3 2 1 1 2 0 1 145 145 146 146 147 147 148 148 149 149 150 150 151 151 152 152 0 1 3 1 1 1 0 1 0 0 1 3 1 0 0 0 0 0 0 0 0 0 1 1 3 3 0 3 1 0 0 1 1 0 0 
1 2 0 0 1 2 1 0 0 1 2 0 3 3 5 6 1 1 1 1 0 0 2 1 0 0 1 0 1 145 145 146 146 147 147 148 148 149 149 150 150 151 151 152 152 0 1 2 1 0 0 0 1 0 0 1 3 1 0 0 0 0 0 0 0 0 0 1 1 2 3 0 3 1 0 3 6 2 0 0 
1 2 0 0 2 2 1 0 0 1 1 0 1 2 8 10 1 2 1 1 1 0 2 1 0 0 1 0 1 145 145 146 146 147 147 148 148 149 149 150 150 151 151 152 152 0 1 2 1 0 0 0 0 0 0 1 2 2 0 0 0 0 1 0 0 0 0 1 1 1 2 0 2 1 1 6 12 2 0 0 
2 0 0 2 3 0 0 1 1 1 0 0 1 9 12 1 2 1 1 1 0 2 1 0 0 0 0 1 145 145 146 146 147 147 148 148 149 149 150 150 151 151 152 152 0 1 1 1 0 0 0 0 0 0 1 2 2 1 1 1 0 1 0 0 0 0 1 0 0 1 0 1 0 1 7 15 4 1 0 0 
1 1 0 1 2 0 0 0 0 0 0 0 1 6 7 1 1 0 1 1 0 1 1 0 0 0 0 0 145 145 146 146 147 147 148 148 149 149 150 150 151 151 152 152 0 1 2 1 0 0 0 0 0 0 1 3 2 1 1 2 1 1 0 0 0 0 1 0 0 1 0 0 0 1 4 9 5 2 0 0 
0 2 1 1 1 0 1 0 0 0 0 0 2 3 2 1 0 0 1 1 0 0 1 1 0 0 0 0 145 145 146 146 147 147 148 148 149 149 150 150 151 151 152 152 0 1 3 1 0 1 0 0 1 1 2 4 1 1 2 2 2 0 1 0 0 0 1 0 0 1 0 0 0 0 1 2 4 1 0 0 
1 2 1 1 1 0 1 0 0 0 0 0 1 1 1 1 0 0 0 0 0 1 1 1 0 0 0 0 145 145 146 146 147 147 148 148 149 149 150 150 151 151 152 152 1 1 2 1 0 0 0 0 0 1 2 3 1 1 2 2 1 0 1 0 0 1 1 0 1 1 0 1 1 0 0 0 2 1 0 0 
1 2 1 1 1 1 0 1 0 0 0 0 1 1 0 0 0 0 0 0 0 1 1 0 0 0 0 0 145 145 146 146 147 147 148 148 149 149 150 150 151 151 152 152 1 1 2 0 0 0 0 0 0 1 1 1 0 1 2 2 1 0 1 0 0 1 0 0 1 1 1 3 1 1 0 0 1 0 0 0 
1 1 1 1 2 1 0 1 0 0 0 0 0 0 0 0 0 0 0 0 0 2 1 0 0 0 0 0 145 145 146 146 147 147 148 148 149 149 150 150 151 151 152 152 2 1 1 0 0 0 0 0 0 1 1 0 0 1 1 1 0 0 1 0 1 2 0 0 1 2 1 3 2 1 1 0 1 0 0 0 
0 0 1 1 1 1 0 0 0 0 0 0 0 0 0 0 0 0 0 0 1 1 0 0 1 0 0 0 145 145 146 146 147 147 148 148 149 149 150 150 151 151 152 152 1 0 0 1 1 0 0 0 0 1 2 1 1 1 1 1 0 0 0 0 1 1 1 0 0 1 1 2 1 0 0 0 2 1 0 0 
0 0 1 1 1 2 0 0 0 0 0 0 0 0 0 0 0 0 0 0 1 0 0 1 1 0 0 0 145 145 146 146 147 147 148 148 149 149 150 150 151 151 152 152 0 0 0 1 1 1 1 0 0 1 2 1 3 2 1 1 0 0 0 0 1 0 1 0 0 0 1 0 0 0 0 0 2 1 0 0 
1 0 1 1 1 1 0 0 0 0 0 0 0 0 0 0 0 0 0 0 1 0 0 1 1 0 0 0 145 145 146 146 147 147 148 148 149 149 150 150 151 151 152 152 0 0 0 1 1 1 1 2 1 1 2 1 2 1 1 1 0 1 1 1 1 0 1 0 0 0 1 0 0 0 0 0 1 0 0 1 
1 1 1 1 0 1 1 0 0 0 0 0 0 0 0 0 0 1 1 0 0 1 0 0 0 0 0 0 145 145 146 146 147 147 148 148 149 149 150 150 151 151 152 152 0 0 1 1 1 1 1 4 2 1 2 2 1 0 1 1 0 2 2 1 0 1 0 0 0 0 0 0 0 0 0 0 1 1 1 1 
2 1 1 1 0 0 1 0 0 0 0 0 0 0 0 0 0 1 1 0 0 1 0 0 0 0 0 1 1 2 1 0 2 1 1 3 1 0 0 0 1 0 1 0 0 0 1 1 0 0 2 6 3 1 1 2 0 0 0 1 0 2 3 1 0 1 0 0 0 0 0 0 0 0 0 0 3 2 1 1 
1 1 1 1 0 0 1 0 0 0 0 0 0 0 0 0 0 1 1 1 0 0 0 0 0 0 0 1 1 1 1 1 1 1 0 1 1 0 0 1 1 0 1 0 0 1 1 1 0 0 1 3 1 1 1 1 1 0 0 0 0 1 1 1 0 1 0 0 0 0 0 2 1 0 0 0 5 3 1 0 
0 0 1 1 1 0 1 0 0 1 1 0 0 0 0 0 0 0 1 1 0 0 0 0 0 0 0 1 1 0 0 2 1 0 0 0 2 1 0 1 1 0 1 0 1 2 1 0 0 0 1 1 0 1 1 1 2 1 0 0 0 0 0 0 0 1 0 0 0 1 0 3 1 0 1 1 5 3 1 0 
0 1 1 1 1 0 1 0 0 1 1 0 0 0 0 0 0 0 1 1 0 0 0 0 0 0 0 1 1 0 0 1 0 0 0 1 2 1 0 1 2 1 1 2 2 2 2 0 0 0 1 0 0 1 1 1 1 0 0 0 0 1 0 0 0 1 0 0 0 1 1 3 1 0 0 1 5 2 0 0 
0 2 2 1 1 0 0 0 0 0 0 1 0 0 0 0 0 0 1 1 0 0 0 0 0 0 0 1 1 1 1 1 0 0 1 3 3 1 0 2 4 2 2 3 4 3 2 1 0 0 1 0 1 1 1 1 1 0 0 0 1 3 1 0 0 0 0 0 0 1 2 1 0 0 0 1 4 1 0 0 
0 2 1 1 1 0 0 0 0 0 0 1 0 0 1 0 0 0 1 1 0 0 0 0 0 0 0 1 1 1 1 0 0 0 1 4 3 1 0 2 5 3 3 4 5 4 3 1 0 0 1 0 1 1 0 1 0 0 0 0 1 4 1 0 0 0 0 0 0 1 2 0 0 0 0 1 4 1 0 0 
0 1 1 0 0 0 1 0 0 0 0 0 0 0 0 0 0 0 0 1 0 0 0 0 0 1 0 1 1 1 1 0 0 0 1 2 2 0 0 1 3 2 2 3 3 2 2 3 2 0 0 0 1 0 0 0 0 0 0 0 1 2 1 0 0 0 1 0 0 0 1 0 0 0 0 1 3 1 0 0 
0 0 0 0 0 0 2 1 0 0 1 0 0 0 0 1 0 0 0 0 0 1 1 0 1 2 0 0 0 1 2 0 0 0 1 0 0 0 0 0 1 1 2 1 1 0 0 5 4 0 0 0 0 0 0 0 0 0 0 0 0 0 0 0 0 0 2 1 0 0 0 0 0 0 1 1 2 1 0 0 
0 0 0 0 0 1 2 1 0 0 1 0 1 0 0 1 0 0 0 0 0 1 1 0 1 2 1 1 0 1 2 1 0 0 1 0 0 0 0 0 0 1 1 1 0 1 0 4 3 0 0 0 0 0 0 0 0 0 0 0 0 1 0 0 0 0 1 0 0 0 0 0 0 1 1 1 1 0 0 1 
1 0 0 0 0 1 2 1 0 0 1 1 1 1 0 0 0 0 0 0 0 2 1 0 0 1 1 1 1 0 1 1 0 0 1 1 0 0 0 1 1 0 1 1 1 3 0 2 2 1 0 0 0 0 0 0 0 1 1 0 0 1 0 0 0 0 1 0 1 1 0 0 0 1 1 0 1 0 1 1 
1 0 0 0 0 1 2 1 0 0 1 1 2 1 0 0 0 0 0 0 0 2 1 0 0 0 2 2 1 0 1 2 1 0 1 1 0 0 0 1 1 0 1 0 1 4 0 0 1 1 0 0 1 0 0 0 0 1 1 0 0 2 2 1 0 0 0 0 1 1 0 0 1 1 1 0 0 1 1 1 
1 1 0 0 0 1 1 1 0 0 1 1 1 0 0 0 0 0 0 0 0 1 1 1 1 1 1 1 1 1 1 1 1 0 0 0 0 0 0 0 0 0 0 0 1 4 0 0 0 1 0 0 0 0 0 0 0 1 1 1 1 1 6 4 0 0 0 0 1 1 0 0 2 1 1 0 0 1 2 2 
2 1 0 0 0 0 0 0 0 0 0 2 1 0 0 1 0 0 0 0 0 0 1 1 2 1 0 0 1 1 1 1 1 0 0 0 0 0 0 0 0 0 0 0 1 4 0 0 0 0 0 0 0 0 0 0 0 0 1 1 3 1 11 8 0 0 0 1 1 0 0 1 2 1 0 0 1 1 2 2 
2 1 1 0 0 1 0 0 3 4 1 2 1 0 0 1 0 0 0 1 2 0 0 1 1 1 0 0 0 1 1 2 1 1 1 0 0 0 0 0 0 0 0 0 1 3 0 0 0 0 0 0 0 2 3 0 0 0 0 1 2 1 9 6 0 0 1 1 1 0 0 1 2 1 0 0 1 1 1 1 
1 2 1 1 1 1 0 0 6 9 1 1 0 0 0 1 0 0 0 1 4 0 0 0 1 1 1 0 0 1 2 2 1 2 2 0 1 0 0 0 0 0 0 0 0 1 0 0 0 0 0 0 0 4 6 0 0 0 0 0 1 0 4 3 0 1 2 2 2 8 0 0 1 0 0 0 2 1 1 1 
1 2 1 1 1 2 0 0 8 12 2 2 0 0 0 1 0 0 0 2 5 1 0 0 0 1 1 0 0 1 2 3 2 2 3 0 2 1 0 0 0 0 0 0 0 0 0 0 0 1 0 0 0 5 8 1 0 0 0 0 0 0 0 0 1 1 3 3 21 2 0 0 0 0 0 0 1 1 1 2 
1 2 2 1 1 1 1 0 5 7 1 3 1 0 0 1 0 1 1 1 3 0 0 0 0 1 1 0 0 1 2 2 2 2 2 1 6 2 0 0 0 0 0 0 0 0 0 0 0 1 1 2 1 3 6 6 1 1 1 0 0 0 0 1 2 1 5 3 44 49 0 0 1 2 1 0 0 1 2 2 
0 2 2 1 1 0 1 1 1 1 1 5 2 0 0 1 0 1 1 1 1 0 0 0 1 0 1 0 0 1 1 2 2 2 1 1 10 4 0 0 0 0 0 0 0 0 0 1 0 1 2 4 1 1 4 10 1 3 2 0 0 0 1 3 3 1 8 3 1 0 0 0 2 3 3 0 0 1 2 1 
2 1 0 0 1 1 1 0 0 4 1 0 0 1 0 2 3 2 0 0 0 0 1 1 1 0 0 1 1 1 2 2 1 1 9 4 0 0 0 0 1 0 0 0 0 1 0 0 2 3 1 0 3 9 1 2 2 0 0 0 1 2 2 1 6 3 48 0 50 0 7 10 23 0 0 0 1 1 0 1 
1 0 0 0 2 1 0 0 2 1 0 0 0 0 3 4 3 0 0 0 0 1 2 0 0 0 0 0 1 1 2 2 1 8 3 0 0 0 1 1 1 0 0 0 1 0 0 1 1 0 0 2 5 1 1 1 0 0 0 1 1 1 0 2 2 1 0 0 51 51 8 45 48 0 0 0 0 1 0 2 
1 0 0 0 2 1 0 0 0 1 1 1 0 0 3 4 3 0 0 0 1 2 3 1 0 0 0 0 0 1 2 2 2 6 2 0 1 0 1 2 1 1 0 0 1 1 0 0 0 0 0 1 2 0 1 0 0 0 0 1 0 1 2 0 1 51 17 0 0 1 0 0 0 2 1 0 1 3 2 1 
1 0 0 0 1 1 1 0 0 0 2 33 0 0 2 2 2 0 0 0 1 2 3 2 0 0 0 0 0 1 2 2 1 3 1 0 1 2 2 1 1 0 0 0 2 1 0 0 0 0 0 1 1 0 0 0 0 0 0 0 0 3 8 1 1 1 1 0 0 0 0 0 0 3 2 0 2 238 3 138 
80 38 72 84 72 73 73 1 0 82 81 84 69 72 72 82 42 81 74 9 1 2 13 3 76 0 0 75 0 76 2 76 3 80 12 83 49 79 2 1 0 0 0 0 3 2 0 1 1 0 1 1 0 0 0 0 0 0 0 0 0 5 14 2 0 231 2 55 0 50 51 107 50 3 1 0 2 5 2 13 
255 191 43 84 121 61 82 1 0 10 74 84 64 61 82 30 72 18 74 0 1 2 12 3 1 0 1 1 1 1 11 1 52 0 84 0 84 34 2 1 0 0 0 0 2 2 0 1 1 0 1 1 0 0 1 1 1 0 0 0 0 4 12 2 0 51 51 51 255 255 51 225 75 2 1 0 1 255 86 56 
68 0 0 84 1 1 1 2 0 78 79 2 0 0 0 1 1 0 74 0 1 2 51 2 57 0 1 56 1 57 2 60 7 69 18 80 51 80 1 1 1 1 1 0 1 1 1 0 2 1 0 0 0 1 2 2 2 1 0 0 0 2 7 1 1 51 51 0 3 1 0 51 0 1 0 0 1 3 0 0 
0 0 0 1 1 1 1 2 0 0 1 1 0 0 1 1 1 0 0 0 1 2 1 2 1 0 1 2 2 2 1 0 1 1 0 0 1 2 0 1 1 1 1 0 1 1 1 0 2 1 0 0 0 1 3 3 2 1 0 1 0 1 2 0 1 1 1 0 3 1 0 1 0 1 0 0 1 31 77 0 
76 18 63 84 84 72 83 84 80 3 83 83 52 32 74 1 1 0 0 83 74 81 4 1 0 102 89 101 1 1 92 0 1 1 0 1 1 1 95 0 1 1 0 0 1 1 0 1 1 0 0 0 0 3 2 2 2 1 1 0 0 0 1 0 1 51 51 47 32 1 0 1 25 0 0 0 1 54 1 0 
0 32 10 84 84 1 27 84 11 41 8 7 52 36 0 0 0 1 0 0 20 0 72 1 0 102 0 1 0 102 1 0 1 1 0 1 2 102 1 0 1 1 0 0 1 1 0 1 0 0 0 1 0 4 2 1 1 2 1 0 0 0 0 0 1 51 51 44 32 0 0 1 49 0 0 0 1 36 60 0 
0 0 0 1 1 0 1 84 1 0 3 4 0 1 0 0 0 4 0 74 46 74 9 1 0 102 0 1 0 0 0 1 1 1 1 1 1 0 102 0 1 1 0 0 1 1 1 1 0 0 1 1 1 3 1 0 1 2 1 0 0 0 0 0 0 51 51 1 1 0 0 1 2 2 2 2 2 2 2 2 
2 2 2 2 2 2 2 2 2 2 2 2 2 2 2 2 2 2 2 2 2 2 2 2 2 2 2 2 2 2 2 2 2 2 2 2 2 2 2 2 2 2 2 2 2 2 2 2 2 2 2 2 2 2 2 2 2 2 2 2 2 2 2 2 2 2 2 2 2 2 2 2 2 2 2 2 2 2 2 2 
