7 7 7 7 7 7 7 6 6 6 6 6 6 6 6 6 6 6 6 6 6 6 6 7 7 7 7 7 7 7 7 7 7 7 7 7 7 7 7 7 7 7 7 7 7 7 7 7 8 8 8 8 8 8 8 8 8 8 8 8 8 8 8 8 8 9 9 9 9 9 9 9 9 10 10 10 10 10 10 10 
7 7 7 7 7 7 6 6 6 6 6 6 6 6 6 6 6 6 6 6 6 6 6 7 7 7 7 7 7 7 7 7 7 7 7 7 7 7 7 7 7 7 7 7 7 8 8 8 8 8 8 8 8 8 8 8 8 8 8 8 8 9 9 9 9 9 9 9 9 9 10 10 10 10 10 10 10 10 10 10 
6 6 6 6 6 6 6 6 6 6 6 6 7 7 7 7 7 7 7 7 7 7 7 7 7 7 7 7 7 7 7 7 8 8 8 8 8 8 8 8 8 8 8 9 9 9 9 9 9 9 9 9 9 10 10 10 10 10 10 10 10 10 10 10 10 10 10 10 10 10 10 10 10 10 10 10 10 10 10 10 
6 7 7 7 7 7 7 7 7 7 7 7 7 7 7 7 7 8 8 8 8 8 8 8 8 8 8 9 9 9 9 9 9 9 9 9 10 10 10 10 10 10 10 10 10 10 10 10 10 10 10 10 10 10 10 10 10 10 10 10 10 10 10 10 10 10 10 10 10 10 10 10 10 10 10 10 10 10 10 10 
7 8 8 8 8 8 8 8 8 8 8 8 9 9 9 9 9 9 9 10 10 10 10 10 10 10 10 10 10 10 10 10 10 10 10 10 10 10 10 10 10 10 10 10 10 10 10 10 10 10 10 10 10 10 10 10 10 10 10 10 10 10 10 10 10 10 10 10 10 10 10 10 10 10 10 10 10 10 10 10 
9 9 9 10 10 10 10 10 10 10 10 10 10 10 10 10 10 10 10 10 10 10 10 10 10 10 10 10 10 10 10 10 10 10 10 10 10 10 10 10 10 10 10 10 10 10 10 10 10 10 10 10 10 10 10 10 10 10 10 10 10 10 10 10 10 10 10 10 10 10 10 10 10 10 10 10 10 10 10 10 
12 12 12 12 13 13 13 13 13 14 14 14 14 14 14 15 15 15 15 15 16 16 16 16 16 17 14 7 7 7 7 7 7 7 7 7 6 6 6 6 6 6 6 7 7 7 7 7 7 7 7 8 8 8 8 8 8 8 8 8 9 9 9 9 9 9 9 10 10 10 10 10 11 11 11 11 11 11 11 11 
15 15 15 16 16 16 16 17 17 17 17 18 18 18 18 18 8 8 8 8 8 8 7 7 7 7 7 7 7 7 7 7 7 7 7 7 8 8 8 8 8 8 8 8 8 9 9 9 9 9 9 9 9 10 10 10 10 11 11 11 11 11 11 11 11 11 11 11 11 11 11 11 11 11 11 11 11 11 11 11 
19 19 19 20 20 13 9 9 9 9 9 9 8 8 8 8 8 8 8 8 8 8 8 8 8 8 8 8 9 9 9 9 9 9 9 9 9 9 9 10 10 10 10 10 11 11 11 11 11 11 11 11 11 11 11 11 11 11 11 11 11 11 11 11 11 11 11 11 11 11 11 11 11 11 11 11 11 11 11 11 
10 10 10 10 10 10 10 10 10 10 10 10 10 10 10 10 9 9 9 9 9 9 9 9 9 9 10 10 10 10 10 10 10 10 10 10 10 10 10 10 10 10 10 10 10 10 10 10 10 10 10 10 10 10 10 10 10 10 10 10 10 10 10 10 10 10 10 10 10 10 10 10 10 10 10 10 10 10 10 10 
4 4 4 4 4 4 4 4 4 4 4 4 4 4 4 4 4 4 4 4 4 4 4 4 4 4 4 4 4 4 4 4 4 4 4 4 4 4 4 4 4 4 4 4 4 4 4 4 4 4 4 4 4 4 4 4 4 4 4 4 4 4 4 4 4 4 4 4 4 4 4 4 4 4 4 4 4 4 4 4 
12 12 12 12 12 12 12 12 12 12 12 12 12 12 12 12 13 13 13 13 13 14 14 14 15 15 15 16 16 16 17 17 18 18 18 19 19 20 20 20 21 21 21 21 22 22 22 23 23 23 23 23 23 17 17 17 17 17 17 17 17 17 17 17 17 17 17 17 17 17 17 17 17 17 17 17 17 17 17 17 
14 14 14 14 14 14 14 14 14 14 14 14 14 14 14 14 14 15 15 15 15 15 16 16 16 17 17 17 18 18 18 19 19 20 20 20 20 21 21 21 21 21 19 16 16 16 16 16 16 16 16 16 16 16 16 16 16 16 16 16 16 16 16 16 16 16 16 16 16 16 16 16 16 16 16 16 16 16 16 16 
14 14 14 14 14 14 14 14 14 15 15 15 15 15 16 16 16 16 17 17 17 17 17 18 18 18 18 18 18 18 18 18 13 13 13 13 14 14 14 14 14 14 14 15 15 15 15 15 16 16 16 16 16 16 17 17 17 17 17 17 17 17 17 17 16 16 16 16 16 16 16 17 17 17 17 17 17 17 17 17 
15 15 15 15 15 15 15 15 15 16 16 16 16 16 16 16 16 16 16 16 16 16 15 15 15 15 15 15 15 15 15 15 15 15 15 15 15 15 15 16 16 16 16 17 17 17 17 18 18 19 19 19 19 20 20 20 20 20 21 21 21 21 21 21 21 21 21 21 20 20 20 20 20 19 19 18 18 18 17 17 
16 16 16 16 16 16 16 16 15 15 15 15 15 15 14 14 13 14 14 15 15 15 15 15 16 16 16 16 16 16 15 15 15 15 15 15 15 16 16 16 16 17 17 18 19 19 20 21 21 51 51 51 51 51 51 51 51 51 51 51 51 51 51 51 50 26 25 25 25 24 23 23 22 21 21 20 20 20 19 19 
18 18 18 17 17 16 16 16 16 16 15 15 15 15 15 14 12 13 13 13 13 13 13 14 13 13 13 13 13 14 14 15 16 16 17 17 18 19 19 20 20 20 21 21 21 22 22 22 51 51 51 51 51 51 51 51 51 51 51 51 51 51 50 50 24 23 23 22 22 22 22 22 21 21 21 21 21 21 21 21 
20 20 20 20 20 19 19 19 18 18 18 17 17 31 51 51 51 51 51 51 51 51 51 36 14 14 14 14 14 14 13 13 13 14 14 14 14 15 16 16 17 18 18 19 20 33 51 51 51 51 51 51 51 51 51 51 51 51 50 50 50 37 20 20 20 20 20 20 20 20 20 20 20 20 20 20 20 20 19 19 
19 19 19 19 19 19 19 19 20 20 46 51 51 51 51 51 51 51 51 51 51 51 51 51 51 21 16 18 17 17 17 19 18 17 17 17 15 14 13 14 14 14 44 51 51 51 51 51 51 51 51 51 51 50 50 50 50 50 22 17 17 18 19 19 19 20 20 20 20 21 21 21 22 21 21 21 21 21 21 20 
20 20 20 20 46 51 51 51 51 51 51 51 51 51 51 51 51 51 51 19 11 11 11 11 11 11 11 11 11 11 11 11 11 11 11 11 11 11 11 11 11 11 11 11 11 11 11 11 11 11 11 11 11 11 11 11 11 11 11 11 11 11 11 11 11 11 11 11 11 11 11 11 11 11 11 11 11 11 11 11 
51 51 51 51 51 51 51 37 19 23 20 15 11 12 15 16 17 15 16 18 19 20 19 18 17 32 51 51 51 51 51 51 51 50 50 50 50 50 50 50 50 36 17 17 17 17 17 17 17 17 17 17 17 18 18 20 21 18 19 19 19 19 19 21 25 25 25 25 25 24 23 23 22 34 51 51 51 51 51 51 
51 51 51 25 22 19 17 19 18 15 13 13 13 13 13 13 13 13 13 13 13 13 13 13 13 13 13 13 13 13 13 13 13 13 13 13 13 13 13 13 13 13 13 13 13 13 13 13 13 13 13 13 13 13 13 13 13 13 13 13 13 13 13 13 13 13 13 13 13 13 13 13 13 13 13 13 13 13 13 13 
15 14 14 15 16 16 16 15 15 16 18 32 51 51 51 50 50 50 50 50 50 50 50 50 50 50 50 36 16 16 16 17 17 17 17 16 16 16 16 16 16 16 16 18 21 19 17 17 17 17 17 17 16 16 15 15 15 15 16 31 51 51 51 51 51 51 51 51 51 51 37 17 19 20 19 16 15 15 16 15 
14 14 16 51 51 51 50 50 50 50 50 50 50 50 50 50 50 50 50 16 16 16 16 16 16 16 16 16 16 16 17 16 16 12 12 12 12 12 12 12 12 12 12 12 12 12 12 12 12 12 12 12 12 12 12 12 12 12 12 12 12 12 12 12 12 12 12 12 12 12 12 12 12 12 12 12 12 12 12 12 
50 50 50 50 50 50 50 50 23 17 17 17 17 16 16 17 17 18 19 20 21 21 22 21 18 17 15 14 15 15 15 17 17 18 18 19 19 19 19 19 19 17 17 17 17 44 51 51 51 51 53 24 17 17 17 17 19 21 22 22 20 19 19 18 17 16 17 17 18 18 17 17 43 50 50 50 50 50 50 50 
50 19 18 17 17 17 16 16 16 17 17 18 18 18 19 19 19 19 19 18 18 18 18 17 17 17 17 17 17 17 18 17 16 23 17 19 17 17 16 51 51 51 51 51 18 18 17 17 16 16 17 20 23 22 21 20 20 19 18 18 17 18 18 18 16 50 50 50 50 50 50 50 50 50 50 50 50 50 50 50 
18 18 19 19 19 20 20 20 20 19 18 13 14 15 10 7 11 16 15 15 15 15 15 15 15 15 15 15 15 15 15 15 15 15 15 15 15 15 15 15 15 15 15 15 15 15 15 15 15 15 15 15 15 15 15 15 15 15 15 15 15 15 15 15 15 15 15 15 15 15 15 15 15 15 15 15 15 15 15 15 
20 20 20 20 20 20 21 20 21 22 24 25 26 23 17 17 17 17 17 17 17 17 17 17 17 17 17 17 17 17 17 17 17 17 17 17 17 17 17 17 17 17 17 17 17 17 17 17 17 17 17 17 17 17 17 17 17 17 17 17 17 17 17 17 17 17 17 17 17 17 17 17 17 17 17 17 17 17 17 17 
16 17 17 2 1 0 0 0 0 1 1 1 2 0 0 0 19 19 16 14 16 19 22 19 15 15 16 17 17 17 17 17 17 18 19 50 50 50 50 50 50 50 50 50 50 50 50 50 50 50 50 13 15 17 18 19 18 17 16 14 14 15 15 16 17 17 18 19 21 15 16 16 18 19 20 22 21 19 18 17 
0 0 1 0 1 1 1 1 0 0 0 0 0 0 0 0 0 0 0 0 0 0 15 16 16 17 17 17 16 18 50 50 50 50 50 50 50 50 50 50 50 50 50 50 50 50 14 14 14 15 17 19 19 19 18 17 16 16 16 17 17 17 17 17 17 18 17 17 17 17 17 17 18 18 18 18 18 18 1 0 
0 1 1 0 0 0 0 0 0 0 0 0 0 1 1 0 0 1 0 0 0 0 0 0 50 50 50 50 50 50 50 50 50 50 50 50 50 50 50 50 15 16 17 17 16 16 17 17 18 18 18 18 18 18 18 18 17 16 17 17 17 17 17 19 18 18 17 17 17 17 18 18 1 1 1 1 2 1 1 1 
0 0 0 0 0 0 1 1 0 0 1 0 0 0 0 0 1 1 2 1 0 2 1 1 3 1 0 0 0 18 17 16 16 17 16 17 18 20 19 17 16 15 15 15 16 16 16 16 16 16 16 16 14 14 14 15 16 16 17 17 17 18 18 18 19 3 2 1 1 1 1 1 1 0 0 1 0 0 0 0 
0 1 1 1 0 0 0 0 0 0 0 1 1 1 1 1 1 1 0 1 1 0 0 1 1 0 1 0 0 1 1 1 0 0 19 19 18 17 16 14 14 14 15 16 16 16 16 16 16 16 16 16 16 16 16 16 16 16 17 17 5 3 1 0 0 0 1 1 1 0 1 0 0 1 1 0 0 0 0 0 
0 0 0 0 0 0 1 0 0 0 1 0 0 0 0 1 0 0 1 0 0 0 0 1 1 0 0 0 0 1 0 0 1 1 1 1 0 0 0 0 3 19 20 21 21 21 20 20 20 20 20 20 18 15 14 4 2 0 0 0 1 1 1 0 0 0 0 0 1 0 0 0 0 0 0 0 0 1 0 0 
0 0 0 0 0 0 1 0 0 0 0 0 0 0 1 1 0 0 1 1 1 1 2 2 2 1 0 0 0 0 0 0 1 1 1 0 0 0 0 0 0 0 0 0 0 0 0 0 1 1 2 0 0 0 2 4 1 0 0 0 2 1 1 0 0 0 0 0 0 0 0 0 0 0 0 0 0 1 0 0 
0 0 0 0 0 0 1 1 1 1 0 0 0 1 3 2 0 0 2 3 2 2 3 3 2 1 0 0 0 0 0 1 1 1 1 0 0 0 0 1 2 0 0 0 0 0 0 0 1 1 0 0 0 0 2 3 0 0 0 0 1 1 1 0 0 0 0 0 0 0 0 0 0 0 0 0 0 1 0 0 
0 0 0 0 0 0 1 1 1 0 0 0 0 2 3 2 0 0 3 4 3 3 4 4 3 2 0 0 0 0 0 1 0 0 0 0 0 0 0 2 3 0 0 0 0 0 0 0 1 1 0 0 0 0 2 3 0 0 0 0 1 0 0 0 0 0 0 0 0 0 0 0 0 0 0 0 0 0 0 0 
0 0 0 0 0 0 1 1 1 0 0 0 0 1 2 1 0 0 1 2 2 2 3 2 2 2 2 1 0 0 0 0 0 0 0 0 0 0 0 1 1 0 0 0 0 0 0 0 0 0 0 0 0 0 1 2 0 0 0 0 0 0 0 0 0 1 0 0 0 0 0 0 0 0 0 0 0 0 0 0 
1 0 0 1 1 0 0 0 1 1 0 0 0 0 0 0 0 0 0 1 1 1 1 0 0 1 4 2 0 0 0 0 0 0 0 0 0 0 0 0 0 0 0 0 0 1 0 0 0 0 0 0 0 1 1 1 0 0 0 0 0 0 0 0 1 1 0 0 0 0 0 0 0 0 0 0 0 0 0 0 
1 0 0 1 1 1 0 0 1 1 0 0 0 0 0 0 0 0 0 0 1 1 0 0 0 1 3 2 0 0 0 0 0 0 0 0 0 0 0 0 0 0 0 0 0 0 0 0 0 0 0 0 1 1 1 0 0 0 1 0 0 0 0 0 1 1 0 0 0 1 1 1 0 0 0 0 0 0 0 0 
1 0 0 0 1 1 1 0 0 1 0 0 0 1 0 0 0 0 1 0 0 1 1 1 2 0 2 1 0 0 0 0 0 0 0 0 1 0 0 0 0 0 0 0 0 0 0 1 0 0 0 0 1 0 0 0 0 1 1 0 0 0 0 0 1 1 0 0 0 1 1 1 0 0 0 0 0 0 0 0 
1 0 0 0 0 2 1 0 0 1 1 0 0 1 0 0 0 0 1 0 0 0 0 2 2 0 0 1 0 0 0 0 0 0 0 0 1 0 0 0 2 1 0 0 0 0 0 1 0 0 0 1 1 0 0 0 1 1 1 1 0 0 0 0 1 1 0 0 0 1 1 0 0 0 0 0 0 0 0 0 
1 1 1 1 1 1 1 1 1 1 1 0 0 0 0 0 0 0 0 0 0 0 0 2 2 0 0 0 0 0 0 0 0 0 0 0 1 1 1 1 2 5 2 0 0 0 0 1 0 0 0 1 1 0 0 0 1 2 2 1 0 0 0 0 0 0 0 0 0 0 1 0 0 0 0 0 0 0 0 0 
0 1 1 1 0 0 0 1 1 1 1 0 0 0 0 0 0 0 0 0 0 0 0 2 2 0 0 0 0 0 0 0 0 0 0 0 0 1 1 2 4 10 5 0 0 0 1 0 0 0 1 1 0 0 0 1 1 2 2 1 1 0 0 0 0 0 1 3 3 1 1 0 0 0 0 0 0 0 1 1 
0 0 1 1 0 0 0 0 1 1 1 1 1 0 0 0 0 0 0 0 0 0 0 1 2 0 0 0 0 0 0 0 2 2 0 0 0 0 1 1 3 8 4 0 0 1 1 0 0 0 1 1 0 0 0 1 1 1 1 1 1 1 1 1 0 0 2 7 6 1 0 0 0 0 0 0 0 0 2 2 
0 0 0 1 1 0 0 0 1 2 1 1 2 1 0 0 0 0 0 0 0 0 0 0 0 0 0 0 0 0 0 1 4 4 0 0 0 0 0 0 1 3 2 0 1 2 2 4 5 0 0 0 0 0 0 1 1 1 1 1 1 1 1 1 1 0 2 9 8 2 1 0 0 0 0 0 0 0 3 3 
0 0 0 0 1 0 0 0 1 2 2 2 2 2 0 1 0 0 0 0 0 0 0 0 0 0 0 0 0 0 0 1 6 5 0 0 0 0 0 0 0 0 0 1 1 3 9 14 1 0 0 0 0 0 0 1 1 1 1 1 2 1 1 1 1 0 1 5 5 1 2 0 0 0 0 0 1 1 1 2 
0 0 0 0 1 0 0 0 1 2 2 2 2 1 2 4 1 0 0 0 0 0 0 0 0 0 0 0 1 1 1 1 4 6 4 1 1 0 0 0 0 0 1 1 2 4 16 45 32 0 0 1 1 0 0 0 1 2 1 0 2 1 1 0 0 1 1 1 1 2 4 1 0 0 0 0 1 1 1 0 
0 0 0 0 0 0 0 0 1 1 2 2 1 1 4 8 2 0 0 0 0 0 0 0 0 0 0 0 1 2 3 1 2 6 7 1 2 1 0 0 0 1 3 2 3 6 2 0 0 0 0 2 3 2 0 0 1 1 0 0 1 1 0 0 0 1 1 0 0 1 3 0 0 0 0 0 2 2 1 0 
0 1 1 0 0 0 1 1 1 2 1 1 3 7 2 0 0 0 0 0 0 0 0 0 0 0 0 2 2 0 1 5 6 1 2 1 0 0 0 1 2 1 2 5 18 32 16 33 2 8 14 15 0 0 0 1 0 0 1 1 0 0 0 0 1 0 0 0 1 0 0 0 0 1 3 3 2 0 0 0 
1 1 0 0 0 0 0 1 1 2 1 3 6 2 0 0 0 1 1 0 0 0 0 0 0 0 1 0 0 0 3 3 1 1 0 0 0 0 1 1 0 0 2 1 0 0 17 51 36 20 46 32 0 0 0 0 0 0 1 0 0 0 0 1 0 0 0 0 1 1 0 0 1 3 3 2 0 0 0 1 
2 2 0 0 0 0 0 0 1 2 2 3 4 1 0 0 0 1 1 1 0 0 0 1 0 0 0 0 0 0 1 1 0 0 0 0 0 0 0 0 1 1 0 17 39 11 0 0 0 0 0 0 1 0 0 1 2 1 1 0 0 0 0 1 1 0 0 0 0 2 32 0 0 2 2 1 0 0 0 1 
2 2 1 0 0 0 0 0 1 2 1 1 2 0 0 1 2 1 1 0 0 0 0 1 0 0 0 0 0 0 1 0 0 0 0 0 0 0 0 1 4 5 1 1 1 0 0 0 0 0 0 1 2 1 0 80 159 29 111 87 34 69 84 72 73 73 0 0 82 81 84 69 72 72 82 42 81 74 9 1 
2 13 2 76 0 0 75 0 76 2 77 2 80 12 83 48 80 1 0 0 0 0 1 2 1 0 1 0 0 1 0 0 0 0 0 0 0 0 0 1 8 10 1 77 154 19 36 16 50 69 88 34 2 0 0 3 4 1 98 223 148 32 103 102 61 83 0 0 10 74 84 64 61 82 30 72 18 74 0 1 
2 13 2 0 0 1 1 1 1 11 0 52 0 84 0 84 34 1 0 0 0 0 0 2 1 0 1 0 0 1 0 0 0 1 1 0 0 0 0 1 6 8 1 17 51 51 119 255 187 109 175 50 1 0 0 85 198 57 56 68 0 0 85 1 1 1 1 0 78 80 1 0 0 0 1 0 0 74 0 1 
1 51 1 57 0 1 56 1 57 2 61 7 69 18 80 51 80 1 1 1 1 0 0 1 1 0 0 1 0 0 0 0 1 2 2 1 0 0 0 0 3 5 1 17 51 34 1 2 0 17 34 0 0 0 0 1 2 0 0 0 0 0 1 1 1 1 1 0 0 1 0 0 0 1 1 0 0 0 0 1 
1 1 1 0 0 1 2 2 1 0 0 1 0 0 0 1 1 0 1 1 1 0 0 1 1 0 0 1 0 0 0 0 1 3 2 1 0 0 0 0 1 1 0 1 1 0 1 2 0 0 0 0 0 0 0 1 30 77 0 76 18 63 84 84 72 83 84 80 3 83 83 52 32 74 1 0 80 56 82 29 
1 1 0 0 102 89 101 1 0 92 0 1 0 0 1 1 0 95 0 1 0 0 0 1 0 0 1 0 0 0 0 1 2 2 2 1 1 0 0 0 0 0 0 17 51 49 42 21 0 0 9 16 0 0 0 1 54 0 0 0 32 10 84 84 1 26 84 11 42 8 6 52 36 0 0 0 76 84 11 84 
1 1 0 102 0 1 0 102 1 0 1 1 0 1 2 102 1 0 1 1 0 0 1 1 0 1 0 0 0 1 0 4 2 1 1 2 1 0 0 0 0 0 1 51 51 44 32 0 0 1 49 0 0 0 1 36 60 0 0 0 0 1 1 0 1 84 1 0 3 4 0 1 0 0 0 75 50 80 34 1 
1 1 0 51 51 0 0 0 0 0 1 1 1 1 1 0 51 51 0 1 0 0 0 1 1 1 0 0 0 1 1 2 1 0 0 1 1 0 0 0 0 0 0 34 51 17 1 0 0 0 1 2 2 2 2 2 2 2 2 2 2 2 2 2 2 2 2 2 2 2 2 2 2 2 2 2 2 2 2 2 
2 2 2 2 2 2 2 2 2 2 2 2 2 2 2 2 2 2 2 2 2 2 2 2 2 2 2 2 2 2 2 2 2 2 2 2 2 2 2 2 2 2 2 2 2 2 2 2 2 2 2 2 2 2 2 2 2 2 2 2 2 2 2 2 2 2 2 2 2 2 2 2 2 2 2 2 2 2 2 2 
2 2 2 2 2 2 2 2 2 2 2 2 2 2 2 2 2 2 2 2 2 2 2 2 2 2 2 2 2 2 2 2 2 2 2 2 2 2 2 2 2 2 2 2 2 2 2 2 2 2 2 2 2 2 2 2 2 2 2 2 2 2 2 2 2 2 2 2 2 2 2 2 2 2 2 2 2 2 2 2 
2 2 2 2 2 2 2 2 2 2 2 2 2 2 2 2 2 2 2 2 2 2 2 2 2 2 2 2 2 2 2 2 2 2 2 2 2 2 2 2 2 2 2 2 2 2 2 2 2 2 2 2 2 2 2 2 2 2 2 2 2 2 2 2 2 2 2 2 2 2 2 2 2 2 2 2 2 2 2 2 
2 2 2 2 2 2 2 2 2 2 2 2 2 2 2 2 2 2 2 2 2 2 2 2 2 2 2 2 2 2 2 2 2 2 2 2 2 2 2 2 2 2 2 2 2 2 2 2 2 2 2 2 2 2 2 2 2 2 2 2 2 2 2 2 2 2 2 2 2 2 2 2 2 2 2 2 2 2 2 2 
2 2 2 2 2 2 2 2 2 2 2 2 2 2 2 2 2 2 2 2 2 2 2 2 2 2 2 2 2 2 2 2 2 2 2 2 2 2 2 2 2 2 2 2 2 2 2 2 2 2 2 2 2 2 2 2 2 2 2 2 2 2 2 2 2 2 2 2 2 2 2 2 2 2 2 2 2 2 2 2 
2 2 2 2 2 2 2 2 2 2 2 2 2 2 2 2 2 2 2 2 2 2 2 2 2 2 2 2 2 2 2 2 2 2 2 2 2 2 2 2 2 2 2 2 2 2 2 2 2 2 2 2 2 2 2 2 2 2 2 2 2 2 2 2 2 2 2 2 2 2 2 2 2 2 2 2 2 2 2 2 
2 2 2 2 2 2 2 2 2 2 2 2 2 2 2 2 2 2 2 2 2 2 2 2 2 2 2 2 2 2 2 2 2 2 2 2 2 2 2 2 2 2 2 2 2 2 2 2 2 2 2 2 2 2 2 2 2 2 2 2 2 2 2 2 2 2 2 2 2 2 2 2 2 2 2 2 2 2 2 2 
2 2 2 2 2 2 2 2 2 2 2 2 2 2 2 2 2 2 2 2 2 2 2 2 2 2 2 2 2 2 2 2 2 2 2 2 2 2 2 2 2 2 2 2 2 2 2 2 2 2 2 2 2 2 2 2 2 2 2 2 2 2 2 2 2 2 2 2 2 2 2 2 2 2 2 2 2 2 2 2 
2 2 2 2 2 2 2 2 2 2 2 2 2 2 2 2 2 2 2 2 2 2 2 2 2 2 2 2 2 2 2 2 2 2 2 2 2 2 2 2 2 2 2 2 2 2 2 2 2 2 2 2 2 2 2 2 2 2 2 2 2 2 2 2 2 2 2 2 2 2 2 2 2 2 2 2 2 2 2 2 
2 2 2 2 2 2 2 2 2 2 2 2 2 2 2 2 2 2 2 2 2 2 2 2 2 2 2 2 2 2 2 2 2 2 2 2 2 2 2 2 2 2 2 2 2 2 2 2 2 2 2 2 2 2 2 2 2 2 2 2 2 2 2 2 2 2 2 2 2 2 2 2 2 2 2 2 2 2 2 2 
2 2 2 2 2 2 2 2 2 2 2 2 2 2 2 2 2 2 2 2 2 2 2 2 2 2 2 2 2 2 2 2 2 2 2 2 2 2 2 2 2 2 2 2 2 2 2 2 2 2 2 2 2 2 2 2 2 2 2 2 2 2 2 2 2 2 2 2 2 2 2 2 2 2 2 2 2 2 2 2 
2 2 2 2 2 2 2 2 2 2 2 2 2 2 2 2 2 2 2 2 2 2 2 2 2 2 2 2 2 2 2 2 2 2 2 2 2 2 2 2 2 2 2 2 2 2 2 2 2 2 2 2 2 2 2 2 2 2 2 2 2 2 2 2 2 2 2 2 2 2 2 2 2 2 2 2 2 2 2 2 
2 2 2 2 2 2 2 2 2 2 2 2 2 2 2 2 2 2 2 2 2 2 2 2 2 2 2 2 2 2 2 2 2 2 2 2 2 2 2 2 2 2 2 2 2 2 2 2 2 2 2 2 2 2 2 2 2 2 2 2 2 2 2 2 2 2 2 2 2 2 2 2 2 2 2 2 2 2 2 2 
2 2 2 2 2 2 2 2 2 2 2 2 2 2 2 2 2 2 2 2 2 2 2 2 2 2 2 2 2 2 2 2 2 2 2 2 2 2 2 2 2 2 2 2 2 2 2 2 2 2 2 2 2 2 2 2 2 2 2 2 2 2 2 2 2 2 2 2 2 2 2 2 2 2 2 2 2 2 2 2 
2 2 2 2 2 2 2 2 2 2 2 2 2 2 2 2 2 2 2 2 2 2 2 2 2 2 2 2 2 2 2 2 2 2 2 2 2 2 2 2 2 2 2 2 2 2 2 2 2 2 2 2 2 2 2 2 2 2 2 2 2 2 2 2 2 2 2 2 2 2 2 2 2 2 2 2 2 2 2 2 
2 2 2 2 2 2 2 2 2 2 2 2 2 2 2 2 2 2 2 2 2 2 2 2 2 2 2 2 2 2 2 2 2 2 2 2 2 2 2 2 2 2 2 2 2 2 2 2 2 2 2 2 2 2 2 2 2 2 2 2 2 2 2 2 2 2 2 2 2 2 2 2 2 2 2 2 2 2 2 2 
2 2 2 2 2 2 2 2 2 2 2 2 2 2 2 2 2 2 2 2 2 2 2 2 2 2 2 2 2 2 2 2 2 2 2 2 2 2 2 2 2 2 2 2 2 2 2 2 2 2 2 2 2 2 2 2 2 2 2 2 2 2 2 2 2 2 2 2 2 2 2 2 2 2 2 2 2 2 2 2 
2 2 2 2 2 2 2 2 2 2 2 2 2 2 2 2 2 2 2 2 2 2 2 2 2 2 2 2 2 2 2 2 2 2 2 2 2 2 2 2 2 2 2 2 2 2 2 2 2 2 2 2 2 2 2 2 2 2 2 2 2 2 2 2 2 2 2 2 2 2 2 2 2 2 2 2 2 2 2 2 
2 2 2 2 2 2 2 2 2 2 2 2 2 2 2 2 2 2 2 2 2 2 2 2 2 2 2 2 2 2 2 2 2 2 2 2 2 2 2 2 2 2 2 2 2 2 2 2 2 2 2 2 2 2 2 2 2 2 2 2 2 2 2 2 2 2 2 2 2 2 2 2 2 2 2 2 2 2 2 2 
2 2 2 2 2 2 2 2 2 2 2 2 2 2 2 2 2 2 2 2 2 2 2 2 2 2 2 2 2 2 2 2 2 2 2 2 2 2 2 2 2 2 2 2 2 2 2 2 2 2 2 2 2 2 2 2 2 2 2 2 2 2 2 2 2 2 2 2 2 2 2 2 2 2 2 2 2 2 2 2 
