90 89 89 88 87 87 86 85 84 83 83 82 81 80 80 80 80 80 80 79 79 79 78 78 78 77 77 77 76 76 75 75 75 74 74 73 73 73 73 74 74 75 75 76 76 77 77 78 78 79 79 79 80 80 81 81 81 82 83 84 85 41 41 41 41 41 41 41 41 41 41 41 41 41 108 109 110 112 113 114 
88 88 87 86 86 85 85 84 83 82 81 81 80 79 79 79 79 79 79 78 78 78 77 77 77 76 76 76 75 75 75 74 74 74 73 73 72 73 73 74 75 75 76 76 77 77 78 78 79 79 80 80 81 81 81 81 82 82 82 83 84 41 41 41 41 41 41 41 41 41 41 41 41 41 109 111 112 113 114 116 
87 86 86 85 84 83 83 82 81 81 80 79 79 78 78 78 78 78 78 77 77 77 76 76 76 76 75 75 75 74 74 73 73 73 73 72 72 73 74 74 75 76 76 77 77 78 78 79 79 80 80 81 81 82 82 82 82 83 83 84 86 87 41 41 41 41 41 41 41 41 41 41 41 41 111 112 114 115 116 118 
85 85 84 83 83 82 81 80 80 79 78 77 77 77 77 77 77 77 77 76 76 76 75 75 75 75 74 74 74 73 73 73 72 72 72 72 72 73 74 75 75 76 77 77 78 78 79 79 80 81 81 82 82 82 83 83 83 84 85 87 88 90 41 41 41 41 41 41 41 41 41 41 41 41 113 115 116 117 119 119 
83 83 82 81 81 80 79 79 78 77 76 76 75 76 76 76 76 76 76 76 75 75 75 74 74 74 73 73 73 73 72 72 72 71 71 72 73 74 74 75 76 76 77 78 78 79 80 80 81 82 82 83 83 83 84 84 85 86 88 89 91 93 41 41 41 41 41 41 41 41 41 41 41 41 115 117 119 119 119 120 
82 81 80 79 79 78 77 77 76 75 74 74 74 74 74 74 74 75 75 75 74 74 74 73 73 73 73 72 72 72 72 71 71 71 71 72 73 74 75 76 76 77 78 78 79 80 81 81 82 83 83 84 84 84 85 86 87 89 90 92 94 96 41 41 41 41 41 41 41 41 41 41 41 41 118 120 120 120 120 120 
80 79 78 77 77 76 75 75 74 73 72 72 72 72 73 73 73 73 74 74 73 73 73 73 73 72 72 72 71 71 71 71 70 71 72 73 74 75 76 76 77 78 78 79 80 81 82 82 83 84 84 85 85 86 87 88 90 92 93 95 97 99 41 41 41 41 41 41 41 41 41 41 41 41 120 120 120 120 120 121 
77 77 76 75 75 74 73 72 72 71 70 70 70 71 71 72 72 72 73 73 73 73 72 72 72 72 72 72 71 71 71 70 70 71 72 73 74 75 76 77 78 79 79 80 81 82 83 84 84 85 85 86 87 88 89 91 93 94 96 98 100 101 41 41 41 41 41 41 41 41 41 41 41 41 120 121 121 121 121 121 
75 75 74 73 73 72 71 70 70 70 70 70 70 70 70 70 70 70 70 70 70 70 70 70 70 70 70 70 70 70 70 70 70 70 70 70 70 70 70 70 70 70 70 70 70 70 70 70 70 70 70 70 70 70 70 70 70 70 70 70 70 70 70 70 70 70 70 70 70 70 70 70 70 70 70 70 70 70 70 70 
63 64 65 66 66 67 68 68 68 68 68 68 68 68 68 68 68 68 68 68 68 68 68 68 68 68 68 68 68 68 68 68 68 68 68 68 68 68 68 68 68 68 68 68 68 68 68 68 68 68 68 68 68 68 68 68 68 68 68 68 68 68 68 68 68 68 68 68 68 68 68 68 68 68 68 68 68 68 68 68 
69 70 71 71 71 72 73 74 75 76 77 79 80 81 82 83 84 85 86 88 89 90 90 91 92 93 94 95 96 98 99 100 102 103 105 106 108 110 111 113 103 41 41 41 41 41 41 41 41 41 41 41 52 112 112 112 113 113 94 61 61 61 61 61 60 60 60 59 60 61 62 63 64 65 65 66 67 68 68 68 
84 86 88 89 91 92 94 95 96 97 98 99 99 100 100 101 102 103 104 105 106 107 108 110 111 113 114 114 113 112 41 41 41 41 41 41 41 41 41 41 41 41 106 105 105 105 106 106 53 54 55 56 57 57 57 57 57 57 57 57 57 57 57 57 57 57 57 57 57 57 57 57 57 57 57 57 57 57 57 57 
106 106 106 106 107 107 108 109 109 110 111 112 111 109 108 106 105 104 103 84 41 41 41 41 41 41 41 41 41 41 41 55 95 95 95 95 95 67 57 57 57 57 57 57 57 57 57 57 57 57 57 57 57 57 57 57 57 57 57 57 57 57 57 57 57 57 57 57 57 57 57 57 57 57 57 57 57 57 57 57 
101 99 97 95 93 91 89 88 86 83 41 41 41 41 41 41 41 41 41 41 41 80 80 79 79 78 72 64 66 67 67 68 68 68 68 68 68 68 68 68 68 68 68 68 68 68 68 68 68 68 68 68 68 68 68 68 68 68 68 68 68 68 68 68 68 68 68 68 68 68 68 68 68 68 68 68 68 68 68 68 
41 41 41 41 41 41 41 41 41 41 41 59 59 59 58 58 58 58 58 58 58 58 58 58 58 58 58 58 58 58 58 58 58 58 58 58 58 58 58 58 58 58 58 58 58 58 58 58 58 58 58 58 58 58 58 58 58 58 58 58 58 58 58 58 58 58 58 58 58 58 58 58 58 58 58 58 58 58 58 58 
21 44 45 47 48 78 97 98 98 99 99 100 101 101 101 101 101 102 102 102 104 104 105 106 106 106 106 107 107 108 109 109 109 110 110 107 105 103 100 98 96 94 92 90 88 86 83 80 77 74 71 68 66 62 59 56 53 51 50 49 48 47 45 44 43 42 41 39 60 41 41 41 41 41 41 41 41 41 41 41 
45 47 48 50 62 97 98 99 100 101 102 102 103 104 105 105 105 106 107 107 107 107 107 106 106 106 106 106 106 107 107 107 106 104 101 98 96 93 91 88 86 83 80 77 74 71 69 67 67 67 67 67 67 67 67 67 67 67 67 67 67 67 67 67 67 67 67 67 67 67 67 67 67 67 67 67 67 67 67 67 
104 106 108 109 110 111 113 114 115 115 115 114 113 113 112 112 111 111 109 106 103 99 96 92 88 84 80 76 71 67 65 63 60 58 55 52 48 45 44 42 41 39 38 37 36 34 33 32 32 32 32 33 33 33 34 34 34 41 41 41 41 41 41 41 41 41 41 41 41 76 81 86 90 95 95 96 97 98 100 102 
105 106 108 110 111 113 114 115 115 115 115 115 115 115 115 115 114 112 110 108 106 102 99 96 92 89 86 83 80 77 73 69 65 61 56 56 56 56 56 56 56 56 56 56 56 56 56 56 56 56 56 56 56 56 56 56 56 56 56 56 56 56 56 56 56 56 56 56 56 56 56 56 56 56 56 56 56 56 56 56 
105 106 106 105 105 105 105 105 104 103 101 101 100 99 99 41 41 41 41 41 41 41 41 41 41 41 41 41 41 41 41 57 53 49 45 42 40 37 36 35 35 37 40 43 46 50 41 41 41 41 41 41 41 41 41 41 41 41 93 94 96 97 98 75 76 76 77 77 78 79 80 80 81 81 82 83 83 84 85 85 
91 94 94 93 93 93 93 93 92 92 91 90 90 89 80 41 41 41 41 41 41 41 41 41 41 41 41 41 41 41 37 66 63 61 60 58 56 55 54 54 54 54 54 54 54 54 54 54 54 54 54 54 54 54 54 54 54 54 54 54 54 54 54 54 54 54 54 54 54 54 54 54 54 54 54 54 54 54 54 54 
1 2 1 14 41 41 41 41 41 41 41 41 41 41 41 41 41 41 41 37 69 68 68 67 67 66 66 65 63 57 56 56 55 55 55 55 55 55 55 55 55 55 55 55 55 55 55 55 55 55 55 55 55 55 55 55 55 55 55 55 55 55 55 55 55 55 55 55 55 55 55 55 55 55 55 55 55 55 55 55 
41 41 41 41 41 41 41 41 41 1 0 1 1 1 2 1 2 1 0 0 1 1 3 2 1 41 41 41 41 41 41 41 41 41 41 41 67 67 66 77 77 0 1 1 0 0 0 0 0 1 1 0 0 0 0 0 0 1 1 0 0 1 0 0 0 0 1 7 5 0 0 0 0 41 41 41 41 41 41 41 
41 41 41 41 41 41 41 41 41 0 1 0 1 1 2 1 2 0 0 1 0 2 2 1 1 41 41 41 41 41 41 41 41 41 41 41 0 3 3 1 0 0 0 0 1 0 0 0 0 1 2 0 0 0 0 0 0 2 1 0 0 1 0 0 0 0 1 9 6 0 0 0 0 41 41 41 41 41 41 41 
41 41 41 41 41 41 41 41 41 0 1 0 1 1 1 2 1 0 0 1 1 2 1 0 2 41 41 41 41 41 41 41 41 41 41 41 0 3 2 0 0 0 0 0 1 1 0 0 0 1 2 0 0 1 1 0 2 3 2 1 1 1 1 0 0 0 2 6 4 0 1 0 0 41 41 41 41 41 41 41 
41 41 41 41 41 41 41 41 41 0 1 1 1 1 1 1 1 0 0 1 2 2 0 0 1 41 41 41 41 41 41 41 41 41 41 41 2 2 1 0 0 1 0 0 1 2 0 0 0 1 2 0 0 1 2 0 3 4 3 2 1 1 1 0 0 0 3 2 1 1 2 0 1 41 41 41 41 41 41 41 
41 41 41 41 41 41 41 41 41 0 1 3 1 1 1 0 1 0 0 1 3 1 0 0 0 41 41 41 41 41 41 41 41 41 41 41 3 1 0 0 1 1 0 0 1 2 0 0 1 2 1 0 0 1 2 0 3 3 5 6 1 1 1 1 0 0 2 1 0 0 1 0 1 41 41 41 41 41 41 41 
41 41 41 41 41 41 41 41 41 0 1 2 1 0 0 0 1 0 0 1 3 1 0 0 0 41 41 41 41 41 41 41 41 41 41 41 3 1 0 3 6 2 0 0 1 2 0 0 2 2 1 0 0 1 1 0 1 2 8 10 1 2 1 1 1 0 2 1 0 0 1 0 1 41 41 41 41 41 41 41 
41 41 41 41 41 41 41 41 0 1 2 1 0 0 0 0 0 0 1 2 2 0 0 0 41 41 41 41 41 41 41 41 41 41 41 2 1 1 6 12 2 0 0 1 2 0 0 2 3 0 0 1 1 1 0 0 1 9 12 1 2 1 1 1 0 2 1 0 0 0 0 1 41 41 41 41 41 41 41 41 
41 41 41 41 41 41 41 41 0 1 1 1 0 0 0 0 0 0 1 2 2 1 1 1 41 41 41 41 41 41 41 41 41 41 41 1 0 1 7 15 4 1 0 0 1 1 0 1 2 0 0 0 0 0 0 0 1 6 7 1 1 0 1 1 0 1 1 0 0 0 0 0 41 41 41 41 41 41 41 41 
41 41 41 41 41 41 41 41 0 1 2 1 0 0 0 0 0 0 1 3 2 1 1 2 41 41 41 41 41 41 41 41 41 41 41 0 0 1 4 9 5 2 0 0 0 2 1 1 1 0 1 0 0 0 0 0 2 3 2 1 0 0 1 1 0 0 1 1 0 0 0 0 41 41 41 41 41 41 41 41 
41 41 41 41 41 41 41 41 0 1 3 1 0 1 0 0 1 1 2 4 1 1 2 2 41 41 41 41 41 41 41 41 41 41 41 0 0 0 1 2 4 1 0 0 1 2 1 1 1 0 1 0 0 0 0 0 1 1 1 1 0 0 0 0 0 1 1 1 0 0 0 0 41 41 41 41 41 41 41 41 
41 41 41 41 41 41 41 41 1 1 2 1 0 0 0 0 0 1 2 3 1 1 2 2 41 41 41 41 41 41 41 41 41 41 41 1 1 0 0 0 2 1 0 0 1 2 1 1 1 1 0 1 0 0 0 0 1 1 0 0 0 0 0 0 0 1 1 0 0 0 0 0 41 41 41 41 41 41 41 41 
41 41 41 41 41 41 41 41 1 1 2 0 0 0 0 0 0 1 1 1 0 1 2 2 41 41 41 41 41 41 41 41 41 41 41 3 1 1 0 0 1 0 0 0 1 1 1 1 2 1 0 1 0 0 0 0 0 0 0 0 0 0 0 0 0 2 1 0 0 0 0 0 41 41 41 41 41 41 41 41 
41 41 41 41 41 41 41 41 2 1 1 0 0 0 0 0 0 1 1 0 0 1 1 1 41 41 41 41 41 41 41 41 41 41 41 3 2 1 1 0 1 0 0 0 0 0 1 1 1 1 0 0 0 0 0 0 0 0 0 0 0 0 0 0 1 1 0 0 1 0 0 0 41 41 41 41 41 41 41 41 
41 41 41 41 41 41 41 41 1 0 0 1 1 0 0 0 0 1 2 1 1 1 1 1 41 41 41 41 41 41 41 41 41 41 41 41 1 0 0 0 2 1 0 0 0 0 1 1 1 2 0 0 0 0 0 0 0 0 0 0 0 0 0 0 1 0 0 1 1 0 0 0 41 41 41 41 41 41 41 41 
41 41 41 41 41 41 41 41 0 0 0 1 1 1 1 0 0 1 2 1 3 2 1 1 41 41 41 41 41 41 41 41 41 41 41 41 0 0 0 0 2 1 0 0 1 0 1 1 1 1 0 0 0 0 0 0 0 0 0 0 0 0 0 0 1 0 0 1 1 0 0 0 41 41 41 41 41 41 41 41 
41 41 41 41 41 41 41 41 0 0 0 1 1 1 1 2 1 1 2 1 2 1 1 1 41 41 41 41 41 41 41 41 41 41 41 41 0 0 0 0 1 0 0 1 1 1 1 1 0 1 1 0 0 0 0 0 0 0 0 0 0 1 1 0 0 1 0 0 0 0 0 0 41 41 41 41 41 41 41 41 
41 41 41 41 41 41 41 41 0 0 1 1 1 1 1 4 2 1 2 2 1 0 1 1 41 41 41 41 41 41 41 41 41 41 41 41 0 0 0 0 1 1 1 1 2 1 1 1 0 0 1 0 0 0 0 0 0 0 0 0 0 1 1 0 0 1 0 0 0 0 0 1 1 2 1 0 2 1 1 3 
1 0 0 0 1 0 1 0 0 0 1 1 0 0 2 6 3 1 1 2 0 0 0 1 0 41 41 41 41 41 41 41 41 41 41 41 0 0 0 0 3 2 1 1 1 1 1 1 0 0 1 0 0 0 0 0 0 0 0 0 0 1 1 1 0 0 0 0 0 0 0 1 1 1 1 1 1 1 0 1 
1 0 0 1 1 0 1 0 0 1 1 1 0 0 1 3 1 1 1 1 1 0 0 0 0 41 41 41 41 41 41 41 41 41 41 41 1 0 0 0 5 3 1 0 0 0 1 1 1 0 1 0 0 1 1 0 0 0 0 0 0 0 1 1 0 0 0 0 0 0 0 1 1 0 0 2 1 0 0 0 
2 1 0 1 1 0 1 0 1 2 1 0 0 0 1 1 0 1 1 1 2 1 0 0 0 41 41 41 41 41 41 41 41 41 41 41 1 0 1 1 5 3 1 0 0 1 1 1 1 0 1 0 0 1 1 0 0 0 0 0 0 0 1 1 0 0 0 0 0 0 0 1 1 0 0 1 0 0 0 1 
2 1 0 1 2 1 1 2 2 2 2 0 0 0 1 0 0 1 1 1 1 0 0 0 0 41 41 41 41 41 41 41 41 41 41 41 1 0 0 1 5 2 0 0 0 2 2 1 1 0 0 0 0 0 0 1 0 0 0 0 0 0 1 1 0 0 0 0 0 0 0 1 1 1 1 1 0 0 1 3 
3 1 0 2 4 2 2 3 4 3 2 1 0 0 1 0 1 1 1 1 1 0 0 0 1 41 41 41 41 41 41 41 41 41 41 41 0 0 0 1 4 1 0 0 0 2 1 1 1 0 0 0 0 0 0 1 0 0 1 0 0 0 1 1 0 0 0 0 0 0 0 1 1 1 1 0 0 0 1 4 
3 1 0 2 5 3 3 4 5 4 3 1 0 0 1 0 1 1 0 1 0 0 0 0 1 41 41 41 41 41 41 41 41 41 41 41 0 0 0 1 4 1 0 0 0 1 1 0 0 0 1 0 0 0 0 0 0 0 0 0 0 0 0 1 0 0 0 0 0 1 0 1 1 1 1 0 0 0 1 2 
2 0 0 1 3 2 2 3 3 2 2 3 2 0 0 0 1 0 0 0 0 0 0 0 1 41 41 41 41 41 41 41 41 41 41 41 0 0 0 1 3 1 0 0 0 0 0 0 0 0 2 1 0 0 1 0 0 0 0 1 0 0 0 0 0 1 1 0 1 2 0 0 0 1 2 0 0 0 1 0 
0 0 0 0 1 1 2 1 1 0 0 5 4 0 0 0 0 0 0 0 0 0 0 0 0 41 41 41 41 41 41 41 41 41 41 41 0 0 1 1 2 1 0 0 0 0 0 0 0 1 2 1 0 0 1 0 1 0 0 1 0 0 0 0 0 1 1 0 1 2 1 1 0 1 2 1 0 0 1 0 
0 0 0 0 0 1 1 1 0 1 0 4 3 0 0 0 0 0 0 0 0 0 0 0 0 41 41 41 41 41 41 41 41 41 41 41 0 1 1 1 1 0 0 1 1 0 0 0 0 1 2 1 0 0 1 1 1 1 0 0 0 0 0 0 0 2 1 0 0 1 1 1 1 0 1 1 0 0 1 1 
0 0 0 1 1 0 1 1 1 3 0 2 2 1 0 0 0 0 0 0 0 1 1 0 0 41 41 41 41 41 41 41 41 41 41 41 0 1 1 0 1 0 1 1 1 0 0 0 0 1 2 1 0 0 1 1 2 1 0 0 0 0 0 0 0 2 1 0 0 0 2 2 1 0 1 2 1 0 1 1 
0 0 0 1 1 0 1 0 1 4 0 0 1 1 0 0 1 0 0 0 0 1 1 0 0 41 41 41 41 41 41 41 41 41 41 41 1 1 1 0 0 1 1 1 1 1 0 0 0 1 1 1 0 0 1 1 1 0 0 0 0 0 0 0 0 1 1 1 1 1 1 1 1 1 1 1 1 0 0 0 
0 0 0 0 0 0 0 0 1 4 0 0 0 1 0 0 0 0 0 0 0 1 1 1 1 41 41 41 41 41 41 41 41 41 41 41 2 1 1 0 0 1 2 2 2 1 0 0 0 0 0 0 0 0 0 2 1 0 0 1 0 0 0 0 0 0 1 1 2 1 0 0 1 1 1 1 1 0 0 0 
0 0 0 0 0 0 0 0 1 4 0 0 0 0 0 0 0 0 0 0 0 0 1 1 3 41 41 41 41 41 41 41 41 41 41 41 2 1 0 0 1 1 2 2 2 1 1 0 0 1 0 0 3 4 1 2 1 0 0 1 0 0 0 1 2 0 0 1 1 1 0 0 0 1 1 2 1 1 1 0 
0 0 0 0 0 0 0 0 1 3 0 0 0 0 0 0 0 2 3 0 0 0 0 1 2 41 41 41 41 41 41 41 41 41 41 41 2 1 0 0 1 1 1 1 1 2 1 1 1 1 0 0 6 9 1 1 0 0 0 1 0 0 0 1 4 0 0 0 1 1 1 0 0 1 2 2 1 2 2 0 
1 0 0 0 0 0 0 0 0 1 0 0 0 0 0 0 0 4 6 0 0 0 0 0 1 41 41 41 41 41 41 41 41 43 41 41 1 0 0 0 2 1 1 1 1 2 1 1 1 2 0 0 8 12 2 2 0 0 0 1 0 0 0 2 5 1 0 0 0 1 1 0 0 1 2 3 2 2 3 0 
2 1 0 0 0 0 0 0 0 0 0 0 0 1 0 0 0 5 8 1 0 0 0 0 0 41 41 41 41 41 41 41 45 41 41 41 0 0 0 0 1 1 1 2 1 2 2 1 1 1 1 0 5 7 1 3 1 0 0 1 0 1 1 1 3 0 0 0 0 1 1 0 0 1 2 2 2 2 2 1 
6 2 0 0 0 0 0 0 0 0 0 0 0 1 1 2 1 3 6 6 1 1 1 0 0 0 41 41 41 41 41 41 50 51 41 41 1 2 1 0 0 1 2 2 0 2 2 1 1 0 1 1 1 1 1 5 2 0 0 1 0 1 1 1 1 0 0 0 1 0 1 0 0 1 1 2 2 2 1 1 
10 4 0 0 0 0 0 0 0 0 0 1 0 1 2 4 1 1 4 10 1 3 2 0 0 0 41 41 41 41 41 41 41 41 41 41 2 3 3 0 0 1 2 1 0 1 2 1 0 0 1 1 1 0 0 4 1 0 0 1 0 2 3 2 0 0 0 0 1 1 1 0 0 1 1 1 2 2 1 1 
1 0 0 0 0 0 0 0 0 0 0 0 1 2 1 0 2 7 3 1 2 0 0 0 27 41 41 41 41 41 47 44 47 44 18 9 18 7 0 0 0 1 0 0 1 1 0 0 0 1 1 0 0 1 1 0 0 0 0 2 3 3 1 0 0 0 0 1 0 0 0 0 0 0 1 1 2 1 5 4 
0 0 0 1 1 0 0 0 0 0 0 0 1 0 0 1 4 2 1 1 0 0 0 27 41 41 41 41 41 41 41 41 47 51 22 32 47 16 0 0 0 0 0 1 1 0 0 0 1 1 0 0 0 0 1 1 0 0 2 3 3 1 0 0 0 1 2 1 0 0 0 0 0 0 1 2 2 4 3 0 
0 0 0 1 1 1 0 0 0 1 0 0 0 0 0 0 1 0 0 0 0 0 0 27 41 41 41 41 41 47 46 42 41 14 0 0 0 1 1 0 0 2 2 1 1 0 0 0 0 1 1 0 0 0 1 17 16 0 1 2 2 0 0 0 0 1 2 2 0 0 0 0 0 0 1 2 1 2 1 0 
0 1 2 1 1 0 0 0 1 1 0 0 0 0 0 0 1 0 0 0 0 0 0 27 41 41 41 41 41 41 41 41 41 13 0 0 0 2 2 0 1 159 81 84 96 62 53 77 78 72 73 37 0 41 82 83 77 71 72 77 62 62 77 42 5 1 7 8 39 38 0 37 37 38 39 39 40 41 46 47 
66 64 41 1 0 0 0 0 2 2 0 0 1 0 0 1 0 0 0 0 0 0 0 27 41 41 41 41 41 169 105 50 45 47 50 88 69 18 1 0 1 4 3 7 176 207 96 58 112 82 72 42 0 5 42 79 74 63 72 56 51 45 46 37 0 1 7 8 1 0 0 1 1 1 6 6 26 26 42 42 
42 59 18 1 0 0 0 0 1 2 0 0 1 0 0 1 0 0 0 1 1 0 0 27 41 41 41 41 41 47 51 51 187 255 119 167 125 26 1 0 0 170 142 57 62 34 0 42 43 1 1 1 0 39 79 41 0 0 0 0 1 0 37 37 0 1 26 26 29 28 0 28 28 29 30 31 34 38 43 49 
65 65 40 1 1 1 1 0 0 1 1 0 1 1 0 0 0 0 1 2 2 1 0 27 41 41 41 41 41 47 51 44 41 41 13 34 17 0 0 0 0 2 1 0 0 0 0 0 1 1 1 1 0 0 0 1 0 0 0 1 1 0 0 0 0 1 1 1 1 0 0 1 2 2 1 0 0 1 0 0 
0 1 0 0 1 1 1 0 0 1 1 0 1 1 0 0 0 0 2 3 2 1 0 27 41 41 41 41 41 41 41 41 41 41 13 0 0 0 0 0 0 16 54 38 38 47 40 74 84 78 78 84 82 41 43 83 68 42 53 37 1 38 71 74 55 15 1 1 0 51 95 95 51 1 46 46 0 1 0 0 
1 1 48 47 0 1 0 0 0 1 0 0 1 0 0 0 0 2 2 2 2 1 1 27 41 41 41 41 41 47 51 50 48 43 13 0 17 8 0 0 0 27 27 0 0 16 21 47 84 42 14 55 48 26 25 8 29 44 18 0 0 32 55 29 47 42 0 1 0 51 51 0 0 51 51 0 0 1 0 0 
1 102 0 0 1 0 0 0 1 0 0 0 0 0 0 0 1 3 1 1 1 1 14 41 41 41 41 41 44 51 50 49 45 27 0 17 32 0 0 0 1 36 60 0 0 0 0 1 0 0 0 85 0 1 3 2 0 0 0 0 0 78 74 80 34 1 1 0 0 102 0 0 0 0 0 1 1 1 1 1 
1 0 102 0 1 1 0 0 1 1 1 1 0 0 1 1 1 3 1 0 1 2 1 41 41 41 41 41 41 51 51 41 41 41 0 1 2 2 2 2 2 2 2 2 2 2 2 2 2 2 2 2 2 2 2 2 2 2 2 2 2 2 2 2 2 2 2 2 2 2 2 2 2 2 2 2 2 2 2 2 
2 2 2 2 2 2 2 2 2 2 2 2 2 2 2 2 2 2 2 2 2 2 2 2 2 2 2 2 2 2 2 2 2 2 2 2 2 2 2 2 2 2 2 2 2 2 2 2 2 2 2 2 2 2 2 2 2 2 2 2 2 2 2 2 2 2 2 2 2 2 2 2 2 2 2 2 2 2 2 2 
2 2 2 2 2 2 2 2 2 2 2 2 2 2 2 2 2 2 2 2 2 2 2 2 2 2 2 2 2 2 2 2 2 2 2 2 2 2 2 2 2 2 2 2 2 2 2 2 2 2 2 2 2 2 2 2 2 2 2 2 2 2 2 2 2 2 2 2 2 2 2 2 2 2 2 2 2 2 2 2 
2 2 2 2 2 2 2 2 2 2 2 2 2 2 2 2 2 2 2 2 2 2 2 2 2 2 2 2 2 2 2 2 2 2 2 2 2 2 2 2 2 2 2 2 2 2 2 2 2 2 2 2 2 2 2 2 2 2 2 2 2 2 2 2 2 2 2 2 2 2 2 2 2 2 2 2 2 2 2 2 
2 2 2 2 2 2 2 2 2 2 2 2 2 2 2 2 2 2 2 2 2 2 2 2 2 2 2 2 2 2 2 2 2 2 2 2 2 2 2 2 2 2 2 2 2 2 2 2 2 2 2 2 2 2 2 2 2 2 2 2 2 2 2 2 2 2 2 2 2 2 2 2 2 2 2 2 2 2 2 2 
2 2 2 2 2 2 2 2 2 2 2 2 2 2 2 2 2 2 2 2 2 2 2 2 2 2 2 2 2 2 2 2 2 2 2 2 2 2 2 2 2 2 2 2 2 2 2 2 2 2 2 2 2 2 2 2 2 2 2 2 2 2 2 2 2 2 2 2 2 2 2 2 2 2 2 2 2 2 2 2 
2 2 2 2 2 2 2 2 2 2 2 2 2 2 2 2 2 2 2 2 2 2 2 2 2 2 2 2 2 2 2 2 2 2 2 2 2 2 2 2 2 2 2 2 2 2 2 2 2 2 2 2 2 2 2 2 2 2 2 2 2 2 2 2 2 2 2 2 2 2 2 2 2 2 2 2 2 2 2 2 
2 2 2 2 2 2 2 2 2 2 2 2 2 2 2 2 2 2 2 2 2 2 2 2 2 2 2 2 2 2 2 2 2 2 2 2 2 2 2 2 2 2 2 2 2 2 2 2 2 2 2 2 2 2 2 2 2 2 2 2 2 2 2 2 2 2 2 2 2 2 2 2 2 2 2 2 2 2 2 2 
2 2 2 2 2 2 2 2 2 2 2 2 2 2 2 2 2 2 2 2 2 2 2 2 2 2 2 2 2 2 2 2 2 2 2 2 2 2 2 2 2 2 2 2 2 2 2 2 2 2 2 2 2 2 2 2 2 2 2 2 2 2 2 2 2 2 2 2 2 2 2 2 2 2 2 2 2 2 2 2 
2 2 2 2 2 2 2 2 2 2 2 2 2 2 2 2 2 2 2 2 2 2 2 2 2 2 2 2 2 2 2 2 2 2 2 2 2 2 2 2 2 2 2 2 2 2 2 2 2 2 2 2 2 2 2 2 2 2 2 2 2 2 2 2 2 2 2 2 2 2 2 2 2 2 2 2 2 2 2 2 
2 2 2 2 2 2 2 2 2 2 2 2 2 2 2 2 2 2 2 2 2 2 2 2 2 2 2 2 2 2 2 2 2 2 2 2 2 2 2 2 2 2 2 2 2 2 2 2 2 2 2 2 2 2 2 2 2 2 2 2 2 2 2 2 2 2 2 2 2 2 2 2 2 2 2 2 2 2 2 2 
2 2 2 2 2 2 2 2 2 2 2 2 2 2 2 2 2 2 2 2 2 2 2 2 2 2 2 2 2 2 2 2 2 2 2 2 2 2 2 2 2 2 2 2 2 2 2 2 2 2 2 2 2 2 2 2 2 2 2 2 2 2 2 2 2 2 2 2 2 2 2 2 2 2 2 2 2 2 2 2 
2 2 2 2 2 2 2 2 2 2 2 2 2 2 2 2 2 2 2 2 2 2 2 2 2 2 2 2 2 2 2 2 2 2 2 2 2 2 2 2 2 2 2 2 2 2 2 2 2 2 2 2 2 2 2 2 2 2 2 2 2 2 2 2 2 2 2 2 2 2 2 2 2 2 2 2 2 2 2 2 
