25 25 25 25 25 25 25 25 25 25 25 25 25 25 25 25 25 25 26 26 26 26 26 26 26 26 26 26 25 25 24 24 24 23 23 22 22 22 21 21 20 20 19 19 18 18 18 17 17 16 16 16 15 15 16 16 16 16 16 17 17 17 17 18 18 18 18 18 19 19 19 19 20 20 20 20 21 21 21 21 
25 25 25 25 25 25 25 25 25 25 25 25 25 25 25 25 25 25 25 25 25 25 25 25 25 25 24 24 24 23 23 22 22 22 21 21 20 20 19 19 18 18 17 17 16 16 16 15 16 16 16 16 16 17 17 17 17 18 18 18 18 19 19 19 19 20 20 20 20 21 21 21 21 21 21 22 24 24 24 24 
25 25 25 25 25 25 25 25 25 25 25 25 25 25 25 25 25 25 25 25 25 25 24 24 24 23 23 23 22 22 21 21 20 20 19 19 19 18 18 17 17 16 16 16 16 16 16 17 17 17 17 17 18 18 18 18 19 19 19 19 20 20 20 20 21 21 21 21 22 22 22 22 22 24 24 24 24 24 24 24 
24 24 24 24 24 24 24 24 24 24 25 25 25 25 25 25 25 24 24 24 23 23 23 23 22 22 22 21 21 20 20 19 19 18 18 17 17 17 16 16 16 16 17 17 17 17 18 18 18 18 19 19 19 19 20 20 20 20 21 21 21 21 22 22 22 22 22 22 23 23 24 24 24 24 24 24 24 24 24 24 
24 24 24 24 24 24 24 24 24 24 24 24 24 24 24 24 24 23 23 23 23 22 22 22 21 21 20 20 20 19 19 18 18 17 17 16 16 16 17 17 17 17 18 18 18 18 19 19 19 19 20 20 20 20 21 21 21 22 22 22 22 22 22 23 23 23 23 23 24 24 24 24 24 24 24 24 24 24 24 24 
24 24 24 24 24 24 24 24 24 24 24 24 24 24 23 23 23 23 22 22 22 21 21 20 20 20 19 19 19 18 18 17 17 17 17 17 17 17 18 18 18 18 19 19 19 19 20 20 20 21 21 21 21 22 22 22 22 22 23 23 23 23 23 24 24 24 24 24 24 23 23 23 23 24 24 24 24 24 24 24 
24 24 24 24 24 24 24 24 24 24 23 23 23 23 22 22 22 22 21 21 20 20 20 19 19 19 18 18 18 17 17 17 17 17 18 18 18 18 19 19 19 20 20 20 20 21 21 21 22 22 22 22 23 23 23 23 23 23 24 24 24 24 24 24 24 24 24 23 23 23 23 23 23 23 23 23 23 23 23 23 
23 23 23 23 23 23 23 23 23 23 22 22 22 22 21 21 21 21 20 20 20 19 19 18 18 18 17 17 17 18 18 18 18 19 19 19 19 20 20 20 21 21 21 21 22 22 22 23 23 23 23 23 23 24 24 24 24 24 24 25 25 25 24 24 24 23 23 23 23 23 23 23 23 23 23 23 23 23 23 23 
23 23 23 23 23 23 22 22 22 22 22 21 21 21 20 20 20 19 19 19 19 18 18 18 17 18 18 18 18 19 19 19 20 20 20 20 21 21 21 22 22 22 23 23 23 23 23 23 24 24 24 24 24 24 24 25 25 25 25 25 24 24 24 23 23 23 23 23 23 23 23 23 23 23 23 22 22 22 22 22 
22 22 22 22 22 22 22 21 21 21 21 20 20 20 20 19 19 19 18 18 18 18 18 18 18 19 19 19 20 20 20 20 21 21 21 22 22 22 23 23 23 23 24 24 24 24 24 24 24 24 25 25 25 25 25 25 25 26 24 24 24 24 23 23 23 23 23 23 23 23 23 22 22 22 22 22 22 22 22 22 
22 22 22 21 21 21 21 21 20 20 20 20 20 19 19 19 18 18 18 18 19 19 19 19 20 20 20 20 21 21 21 22 22 22 23 23 23 24 24 24 24 24 24 24 25 25 25 25 25 25 25 25 25 26 26 26 25 24 24 24 23 23 23 23 23 23 23 23 22 22 22 22 22 22 22 22 22 22 22 21 
21 21 21 21 21 20 20 20 20 20 19 19 19 19 18 18 19 19 19 19 20 20 20 20 21 21 21 22 22 22 23 23 23 24 24 24 24 25 25 25 25 25 25 25 25 25 25 26 26 26 26 26 25 25 24 24 24 24 23 23 23 23 23 23 23 22 22 22 22 22 22 22 22 22 22 21 21 21 21 21 
21 20 20 20 20 20 20 19 19 19 19 19 19 19 19 20 20 20 20 21 21 21 22 22 22 23 23 23 23 24 24 24 24 25 25 25 25 25 25 25 25 26 26 26 26 26 26 25 25 25 25 24 24 24 24 23 23 23 23 23 23 22 22 22 22 22 22 22 22 21 21 21 21 21 21 21 21 21 21 21 
20 20 20 20 19 19 19 19 19 20 20 20 20 21 21 21 21 22 22 22 22 23 23 23 24 24 24 24 24 25 25 25 25 25 25 25 26 26 26 26 26 26 25 25 25 25 24 24 24 24 24 24 23 23 23 23 23 22 22 22 22 22 22 22 21 21 21 21 21 21 21 21 21 21 21 21 20 20 20 20 
20 20 19 19 20 20 20 20 20 21 21 21 21 22 22 22 22 23 23 23 23 24 24 24 24 24 25 25 25 25 25 25 25 26 26 26 26 26 25 25 25 25 24 24 24 24 23 24 24 23 23 23 23 23 22 22 22 22 22 22 21 21 21 21 21 21 21 21 21 21 21 21 20 20 20 20 20 20 20 20 
20 20 20 20 20 21 21 21 21 21 22 22 22 22 22 23 23 23 23 24 24 24 24 24 25 25 25 25 25 25 26 26 26 26 25 25 25 25 25 24 24 24 24 23 23 23 24 24 23 23 23 23 23 22 22 22 22 21 21 21 21 21 21 21 21 21 21 21 21 21 20 20 20 20 20 20 20 20 20 20 
20 20 20 21 21 21 21 21 22 22 22 22 22 23 23 23 23 23 24 24 24 24 24 25 25 25 25 25 26 26 26 26 25 25 25 25 25 24 24 24 24 23 23 23 22 23 24 24 23 23 23 23 22 22 22 22 21 21 21 21 21 20 20 20 20 20 20 20 20 20 20 20 20 20 20 20 20 20 20 20 
21 21 21 21 21 22 22 22 22 23 23 23 23 23 23 23 23 24 24 24 24 24 25 25 25 25 25 25 26 26 25 25 25 25 24 24 24 24 23 23 23 22 22 21 21 21 24 24 23 23 23 22 22 22 22 21 21 21 21 20 20 20 20 20 20 20 20 20 20 20 20 20 20 20 20 20 20 20 21 21 
21 21 22 22 22 22 23 23 23 23 23 24 24 24 24 24 24 24 24 24 24 24 25 25 25 25 25 25 25 25 24 24 24 24 23 23 23 23 22 22 22 21 20 19 19 20 24 23 23 23 23 22 22 22 21 21 21 21 20 20 20 20 20 20 20 20 20 20 20 20 20 20 20 20 20 20 21 21 21 22 
22 22 22 23 23 23 23 24 24 24 24 24 24 24 24 24 24 24 24 24 24 24 24 24 24 24 24 24 24 24 23 23 23 23 23 22 22 21 21 20 20 19 18 17 17 23 23 23 23 22 22 22 22 21 21 21 20 20 20 19 19 19 19 20 20 20 20 20 20 20 20 20 20 20 20 21 21 21 22 22 
24 24 24 25 25 24 24 24 24 24 24 24 24 24 24 24 24 24 23 23 23 23 23 23 23 23 23 23 23 23 23 22 22 21 21 20 19 19 18 17 16 16 17 22 22 22 22 21 21 21 21 20 20 20 19 19 19 19 19 19 19 19 19 19 19 19 19 19 19 19 20 20 21 21 22 22 23 23 23 24 
24 24 23 23 23 23 23 23 23 22 22 22 22 22 21 21 21 21 21 21 21 21 21 21 21 21 20 20 20 19 19 18 17 17 17 17 20 22 21 21 21 21 20 20 20 20 19 19 19 19 18 18 18 18 18 18 18 18 18 18 18 18 19 20 20 21 21 22 22 23 23 24 24 25 25 25 24 24 24 23 
22 22 22 21 21 21 20 20 20 20 19 19 19 19 19 19 19 19 19 19 19 19 19 18 18 18 18 19 19 19 20 20 19 18 19 19 19 19 19 19 19 19 18 18 18 18 18 17 17 17 17 17 17 17 17 17 17 17 18 19 20 20 21 22 23 23 24 24 25 25 24 24 23 23 23 22 22 21 21 21 
17 17 17 17 17 17 17 17 18 18 18 18 17 17 18 18 19 19 20 20 21 21 21 17 15 15 15 15 15 15 15 15 15 15 15 16 16 16 16 16 16 16 16 16 15 15 16 16 17 18 19 20 21 22 22 23 24 24 24 24 23 23 22 22 21 21 20 20 19 19 18 18 17 17 16 16 15 15 15 14 
16 17 17 17 18 19 19 20 20 21 21 22 22 22 22 15 15 15 15 15 15 15 15 15 15 15 15 15 15 15 15 15 15 15 15 15 15 15 15 15 15 15 15 15 15 15 15 15 15 15 15 15 15 15 15 15 15 15 15 15 15 15 15 15 15 15 15 15 15 15 15 15 15 15 15 15 15 15 15 15 
22 22 22 22 18 9 9 9 9 9 9 9 9 9 10 10 10 10 10 10 10 10 10 10 10 10 10 10 10 10 10 10 10 10 10 10 10 10 10 10 10 10 10 10 10 10 10 10 10 10 10 10 10 10 10 10 10 10 10 10 10 10 10 10 10 10 10 10 10 10 10 10 10 10 10 10 10 10 10 10 
15 16 16 17 17 18 18 19 20 20 20 19 19 19 18 18 18 18 19 19 20 20 21 21 22 22 153 153 154 154 155 155 156 157 157 158 158 159 160 160 161 161 162 163 164 164 165 166 166 167 21 21 22 22 22 22 23 23 23 23 23 23 23 22 22 22 22 22 22 22 22 22 22 22 19 18 18 18 18 18 
18 18 18 17 17 17 17 17 17 17 17 17 17 17 17 17 16 14 15 15 15 16 64 153 153 154 154 155 155 156 157 157 158 158 159 160 160 161 161 162 163 164 164 165 166 166 114 17 18 18 19 19 20 20 21 21 22 22 22 22 22 22 22 22 22 22 23 23 21 21 17 0 0 1 1 0 0 0 0 0 
0 1 2 1 0 0 3 18 18 18 18 17 15 15 15 15 15 64 152 153 154 154 155 155 156 157 157 158 158 159 159 160 161 161 162 163 164 164 165 166 166 113 14 14 14 14 15 16 16 17 17 18 18 18 19 19 19 19 19 19 19 20 20 20 19 15 0 1 1 0 0 0 0 0 0 0 2 6 3 0 
0 0 0 0 0 0 1 0 0 1 1 1 2 1 51 152 153 154 154 155 155 156 156 157 158 158 159 159 160 160 161 162 163 164 164 165 165 166 115 20 20 20 19 19 19 19 19 18 18 17 17 17 18 18 18 19 19 19 19 19 19 19 16 0 1 0 0 0 0 0 0 0 0 0 1 1 0 0 0 0 
1 0 0 0 0 1 1 1 1 1 1 152 153 154 154 155 155 156 156 157 158 158 159 159 160 160 161 162 163 163 164 165 165 166 166 21 22 23 23 22 22 22 22 22 22 22 22 21 21 21 21 21 21 22 22 20 20 21 21 0 1 1 0 0 1 0 0 1 1 0 0 0 0 0 0 0 0 0 1 0 
1 0 0 0 0 4 3 1 1 1 1 152 153 153 154 155 155 156 156 157 158 158 159 159 160 160 161 162 163 163 164 165 165 166 166 1 0 0 1 1 3 2 1 2 1 19 19 19 19 20 20 20 20 20 20 20 20 20 20 0 1 1 0 0 0 0 0 1 1 0 0 0 0 0 0 1 1 0 0 1 
0 3 6 3 0 0 0 50 152 153 153 154 155 155 156 156 157 157 158 159 159 160 160 161 162 163 163 164 164 165 166 110 0 0 0 0 2 1 1 1 2 1 0 0 0 1 0 0 0 0 0 3 18 18 18 15 0 0 0 0 0 0 0 0 1 1 0 0 0 0 0 0 1 0 0 0 0 0 0 0 
0 3 8 4 0 0 0 50 152 153 153 154 154 155 156 156 157 157 158 158 159 159 160 160 162 163 163 164 164 165 165 110 0 0 1 1 1 0 0 2 2 1 0 0 0 0 0 0 0 0 0 1 2 1 0 0 0 0 0 1 0 0 0 0 1 1 0 0 1 0 0 2 2 1 1 1 1 0 0 0 
0 3 5 2 0 0 0 50 152 153 153 154 154 155 156 156 156 157 158 158 159 159 160 160 162 162 163 164 164 165 165 110 0 0 1 2 1 0 0 1 1 0 0 0 0 0 1 1 1 1 0 2 1 0 0 0 0 0 0 1 1 0 0 0 1 1 0 0 1 1 1 3 3 2 1 1 1 0 0 0 
1 2 1 1 1 1 0 51 152 153 153 154 154 155 156 156 156 157 158 158 159 159 160 160 162 162 163 163 164 165 165 110 0 0 1 2 0 0 0 0 0 0 0 0 0 0 1 1 3 2 1 2 0 0 0 1 0 0 0 1 1 0 0 1 1 0 0 0 1 1 1 3 3 5 4 1 1 1 0 0 
0 1 0 0 0 0 0 51 152 153 153 154 154 155 155 156 156 157 158 158 159 160 160 160 162 162 163 163 164 164 165 110 0 0 1 2 0 0 0 0 0 0 0 0 0 0 1 1 2 2 1 2 0 1 4 4 1 0 0 1 1 0 0 2 1 0 0 0 1 0 0 1 4 8 7 1 1 1 1 0 
1 0 0 0 0 0 51 152 152 153 154 154 155 155 156 156 157 158 158 159 160 160 161 161 162 163 163 164 164 165 110 0 0 1 2 1 0 0 0 0 0 0 0 0 0 1 1 1 1 0 1 1 2 8 8 1 0 0 1 1 0 0 2 2 0 0 1 1 0 0 0 3 10 8 1 1 1 1 0 0 
1 0 0 0 0 0 51 152 152 153 154 154 155 155 156 156 157 157 158 159 159 160 161 161 162 162 163 164 164 165 110 0 0 1 2 1 1 1 0 0 0 0 0 0 0 0 0 0 0 0 0 0 3 9 11 3 0 0 0 1 0 0 1 1 0 0 0 0 0 0 0 2 6 5 1 0 0 1 0 0 
1 0 0 0 0 0 50 152 152 153 154 154 155 155 156 156 157 157 158 159 159 160 160 161 162 162 163 163 164 164 110 0 0 1 2 1 1 1 1 1 0 0 0 0 0 0 0 0 0 0 0 0 2 5 7 4 1 0 0 0 1 1 1 0 0 0 0 0 0 0 0 2 2 1 0 0 0 1 0 0 
0 1 0 0 0 0 50 152 152 153 153 154 155 155 156 156 157 157 158 159 159 160 160 161 161 162 163 163 164 164 110 1 1 2 3 1 1 2 2 1 0 0 0 0 0 0 0 0 0 0 0 0 0 1 2 3 0 0 0 1 1 1 1 0 0 0 0 0 0 0 0 1 1 1 0 0 0 0 0 0 
1 1 0 0 0 0 50 152 152 153 153 154 154 155 155 156 157 157 158 158 159 160 160 161 161 162 162 163 164 164 110 0 1 2 2 1 1 2 1 0 0 0 0 0 1 0 0 1 0 0 1 0 0 0 0 1 0 0 0 1 1 1 1 1 0 0 0 0 0 0 0 1 0 0 0 0 0 0 0 0 
1 0 0 0 0 0 50 152 152 153 153 154 154 155 155 156 156 157 158 158 159 159 160 161 161 162 162 163 163 164 110 0 1 1 0 0 1 2 1 0 0 0 0 0 0 0 0 1 1 1 2 1 0 0 0 0 0 0 0 1 1 1 1 1 0 0 0 0 0 0 0 0 0 0 0 0 0 0 0 0 
1 0 0 0 0 0 50 152 152 153 153 154 154 155 155 156 156 157 158 158 159 159 160 160 161 162 162 163 163 164 109 0 1 0 0 0 1 1 0 0 0 0 0 1 1 0 0 1 1 1 2 1 1 0 0 0 0 0 0 0 0 1 1 1 0 0 0 0 0 0 0 0 0 0 0 0 0 0 0 1 
0 0 0 0 0 0 50 151 152 153 153 154 154 155 155 156 156 157 157 158 159 159 160 160 161 161 162 163 163 164 109 0 1 1 1 1 1 1 0 0 0 0 0 1 1 0 0 0 1 1 1 0 0 0 0 1 0 0 0 0 0 1 1 1 1 0 0 0 0 0 0 0 0 0 0 0 0 0 0 0 
0 0 1 0 0 0 50 151 152 153 153 153 154 154 155 156 156 157 157 158 158 159 160 160 161 161 162 162 163 164 109 0 1 1 1 2 1 1 0 0 0 0 0 0 0 0 0 0 0 0 0 0 0 0 0 1 0 0 0 0 0 1 1 1 0 0 0 0 0 0 0 0 0 0 0 0 0 0 0 0 
0 0 1 0 0 0 50 151 152 152 153 153 154 154 155 155 156 157 157 158 158 159 159 160 161 161 162 162 163 163 109 1 1 1 1 1 1 1 0 0 1 1 1 0 0 0 0 0 0 0 0 0 0 0 0 0 0 0 1 1 1 1 0 0 1 0 0 0 0 0 0 0 0 0 0 0 1 0 0 0 
0 0 0 0 0 0 50 151 152 152 153 153 154 154 155 155 156 156 157 157 158 158 106 0 0 1 1 1 1 2 3 1 1 2 1 0 0 1 0 0 2 1 0 0 0 0 0 0 0 0 0 0 0 0 0 1 1 1 1 1 1 1 0 0 0 0 0 0 0 0 0 0 0 0 0 0 1 0 0 0 
0 0 0 0 0 0 1 1 1 0 0 1 1 1 2 0 0 0 0 0 0 0 0 0 0 1 0 0 0 3 5 2 1 1 1 0 0 0 0 0 2 2 0 0 0 0 0 0 0 0 0 0 0 0 1 2 1 1 1 1 1 1 0 0 0 0 0 0 0 0 0 0 0 0 0 0 1 1 0 0 
0 0 0 0 0 0 1 1 1 1 1 1 0 0 1 0 0 0 1 0 0 0 0 0 1 1 0 0 0 1 2 1 1 1 1 0 0 0 0 0 1 1 0 0 0 0 0 0 0 0 1 0 0 0 1 4 2 0 0 0 0 1 1 0 0 0 0 0 1 0 0 0 0 0 0 0 0 1 0 0 
0 0 0 0 0 0 1 0 0 0 1 0 0 0 0 1 0 0 1 0 0 0 0 1 1 0 0 0 0 1 0 0 1 1 1 1 0 0 0 0 0 0 0 0 0 0 0 0 0 1 2 0 0 1 2 4 2 0 0 0 1 1 1 0 0 0 0 0 1 0 0 0 0 0 0 0 0 1 0 0 
0 0 0 0 0 0 1 0 0 0 0 0 0 0 1 1 0 0 1 1 1 1 2 2 2 1 0 0 0 0 0 0 1 1 1 0 0 0 0 0 0 0 0 0 0 0 0 0 1 1 2 0 0 0 2 4 1 0 0 0 2 1 1 0 0 0 0 0 0 0 0 0 0 0 0 0 0 1 0 0 
0 0 0 0 0 0 1 1 1 1 0 0 0 1 3 2 0 0 2 3 2 2 3 3 2 1 0 0 0 0 0 1 1 1 1 0 0 0 0 1 2 0 0 0 0 0 0 0 1 1 0 0 0 0 2 3 0 0 0 0 1 1 1 0 0 0 0 0 0 0 0 0 0 0 0 0 0 1 0 0 
0 0 0 0 0 0 1 1 1 0 0 0 0 2 3 2 0 0 3 4 3 3 4 4 3 2 0 0 0 0 0 1 0 0 0 0 0 0 0 2 3 0 0 0 0 0 0 0 1 1 0 0 0 0 2 3 0 0 0 0 1 0 0 0 0 0 0 0 0 0 0 0 0 0 0 0 0 0 0 0 
0 0 0 0 0 0 1 1 1 0 0 0 0 1 2 1 0 0 1 2 2 2 3 2 2 2 2 1 0 0 0 0 0 0 0 0 0 0 0 1 1 0 0 0 0 0 0 0 0 0 0 0 0 0 1 2 0 0 0 0 0 0 0 0 0 1 0 0 0 0 0 0 0 0 0 0 0 0 0 0 
1 0 0 1 1 0 0 0 1 1 0 0 0 0 0 0 0 0 0 1 1 1 1 0 0 1 4 2 0 0 0 0 0 0 0 0 0 0 0 0 0 0 0 0 0 1 0 0 0 0 0 0 0 1 1 1 0 0 0 0 0 0 0 0 1 1 0 0 0 0 0 0 0 0 0 0 0 0 0 0 
1 0 0 1 1 1 0 0 1 1 0 0 0 0 0 0 0 0 0 0 1 1 0 0 0 1 3 2 0 0 0 0 0 0 0 0 0 0 0 0 0 0 0 0 0 0 0 0 0 0 0 0 1 1 1 0 0 0 1 0 0 0 0 0 1 1 0 0 0 1 1 1 0 0 0 0 0 0 0 0 
1 0 0 0 1 1 1 0 0 1 0 0 0 1 0 0 0 0 1 0 0 1 1 1 2 0 2 1 0 0 0 0 0 0 0 0 1 0 0 0 0 0 0 0 0 0 0 1 0 0 0 0 1 0 0 0 0 1 1 0 0 0 0 0 1 1 0 0 0 1 1 1 0 0 0 0 0 0 0 0 
1 0 0 0 0 2 1 0 0 1 1 0 0 1 0 0 0 0 1 0 0 0 0 2 2 0 0 1 0 0 0 0 0 0 0 0 1 0 0 0 2 1 0 0 0 0 0 1 0 0 0 1 1 0 0 0 1 1 1 1 0 0 0 0 1 1 0 0 0 1 1 0 0 0 0 0 0 0 0 0 
1 1 1 1 1 1 1 1 1 1 1 0 0 0 0 0 0 0 0 0 0 0 0 2 2 0 0 0 0 0 0 0 0 0 0 0 1 1 1 1 2 5 2 0 0 0 0 1 0 0 0 1 1 0 0 0 1 2 2 1 0 0 0 0 0 0 0 0 0 0 1 0 0 0 0 0 0 0 0 0 
0 1 1 1 0 0 0 1 1 1 1 0 0 0 0 0 0 0 0 0 0 0 0 2 2 0 0 0 0 0 0 0 0 0 0 0 0 1 1 2 4 10 5 0 0 0 1 0 0 0 1 1 0 0 0 1 1 2 2 1 1 0 0 0 0 0 1 3 3 1 1 0 0 0 0 0 0 0 1 1 
0 0 1 1 0 0 0 0 1 1 1 1 1 0 0 0 0 0 0 0 0 0 0 1 2 0 0 0 0 0 0 0 2 2 0 0 0 0 1 1 3 8 4 0 0 1 1 0 0 0 1 1 0 0 0 1 1 1 1 1 1 1 1 1 0 0 2 7 6 1 0 0 0 0 0 0 0 0 2 2 
0 0 0 1 1 0 0 0 1 2 1 1 2 1 0 0 0 0 0 0 0 0 0 0 0 0 0 0 0 0 0 1 4 4 0 0 0 0 0 0 1 3 2 0 1 2 2 4 5 0 0 0 0 0 0 1 1 1 1 1 1 1 1 1 1 0 2 9 8 2 1 0 0 0 0 0 0 0 3 3 
0 0 0 0 1 0 0 0 1 2 2 2 2 2 0 1 0 0 0 0 0 0 0 0 0 0 0 0 0 0 0 1 6 5 0 0 0 0 0 0 0 0 0 1 1 3 9 14 1 0 0 0 0 0 0 1 1 1 1 1 2 1 1 1 1 0 1 5 5 1 2 0 0 0 0 0 1 1 1 2 
0 0 0 0 1 0 0 0 1 2 2 2 2 1 2 4 1 0 0 0 0 0 0 0 0 0 0 0 1 1 1 1 4 6 4 1 1 0 0 0 0 0 1 1 2 4 16 45 32 0 0 1 1 0 0 0 1 2 1 0 2 1 1 0 0 1 1 1 1 2 4 1 0 0 0 0 1 1 1 0 
0 0 0 0 0 0 0 0 1 1 2 2 1 1 4 8 2 0 0 0 0 0 0 0 0 0 0 0 1 2 3 1 2 6 7 1 2 1 0 0 0 1 3 2 3 6 2 0 0 0 0 2 3 2 0 0 1 1 0 0 1 1 0 0 0 1 1 0 0 1 3 0 0 0 0 0 2 2 1 0 
0 1 1 0 0 0 1 1 1 2 1 1 3 7 2 0 0 0 0 0 0 0 0 0 0 0 0 2 2 0 1 5 6 1 2 1 0 0 0 1 2 1 2 5 18 32 16 33 2 8 14 15 0 0 0 1 0 0 1 1 0 0 0 0 1 0 0 0 1 0 0 0 0 1 3 3 2 0 0 0 
1 1 0 0 0 0 0 1 1 2 1 3 6 2 0 0 0 1 1 0 0 0 0 0 0 0 1 0 0 0 3 3 1 1 0 0 0 0 1 1 0 0 2 1 0 0 17 51 36 20 46 32 0 0 0 0 0 0 1 0 0 0 0 1 0 0 0 0 1 1 0 0 1 3 3 2 0 0 0 1 
2 2 0 0 0 0 0 0 1 2 2 3 4 1 0 0 0 1 1 1 0 0 0 1 0 0 0 0 0 0 1 1 0 0 0 0 0 0 0 0 1 1 0 17 39 11 0 0 0 0 0 0 1 0 0 1 2 1 1 0 0 0 0 1 1 0 0 0 0 2 32 0 0 2 2 1 0 0 0 1 
2 2 1 0 0 0 0 0 1 2 1 1 2 0 0 1 2 1 1 0 0 0 0 1 0 0 0 0 0 0 1 0 0 0 0 0 0 0 0 1 4 5 1 1 1 0 0 0 0 0 0 1 2 1 0 80 159 29 111 87 34 69 84 72 73 73 0 0 82 81 84 69 72 72 82 42 81 74 9 1 
2 13 2 76 0 0 75 0 76 2 77 2 80 12 83 48 80 1 0 0 0 0 1 2 1 0 1 0 0 1 0 0 0 0 0 0 0 0 0 1 8 10 1 77 154 19 36 16 50 69 88 34 2 0 0 3 4 1 98 223 148 32 103 102 61 83 0 0 10 74 84 64 61 82 30 72 18 74 0 1 
2 13 2 0 0 1 1 1 1 11 0 52 0 84 0 84 34 1 0 0 0 0 0 2 1 0 1 0 0 1 0 0 0 1 1 0 0 0 0 1 6 8 1 17 51 51 119 255 187 109 175 50 1 0 0 85 198 57 56 68 0 0 85 1 1 1 1 0 78 80 1 0 0 0 1 0 0 74 0 1 
1 51 1 57 0 1 56 1 57 2 61 7 69 18 80 51 80 1 1 1 1 0 0 1 1 0 0 1 0 0 0 0 1 2 2 1 0 0 0 0 3 5 1 17 51 34 1 2 0 17 34 0 0 0 0 1 2 0 0 0 0 0 1 1 1 1 1 0 0 1 0 0 0 1 1 0 0 0 0 1 
1 1 1 0 0 1 2 2 1 0 0 1 0 0 0 1 1 0 1 1 1 0 0 1 1 0 0 1 0 0 0 0 1 3 2 1 0 0 0 0 1 1 0 1 1 0 1 2 0 0 0 0 0 0 0 1 30 77 0 76 18 63 84 84 72 83 84 80 3 83 83 52 32 74 1 0 78 52 82 29 
1 1 0 0 102 89 101 1 0 92 0 1 0 0 1 1 0 95 0 1 0 0 0 1 0 0 1 0 0 0 0 1 2 2 2 1 1 0 0 0 0 0 0 17 51 49 42 21 0 0 9 16 0 0 0 1 54 0 0 0 32 10 84 84 1 26 84 11 42 8 6 52 36 0 0 0 60 80 11 84 
1 1 0 102 0 1 0 102 1 0 1 1 0 1 2 102 1 0 1 1 0 0 1 1 0 1 0 0 0 1 0 4 2 1 1 2 1 0 0 0 0 0 1 51 51 44 32 0 0 1 49 0 0 0 1 36 60 0 0 0 0 1 1 0 1 84 1 0 3 4 0 1 0 0 0 81 46 80 34 1 
1 1 0 51 51 0 0 0 0 0 1 1 1 1 1 0 51 51 0 1 0 0 0 1 1 1 0 0 0 1 1 2 1 0 0 1 1 0 0 0 0 0 0 34 51 17 1 0 0 0 1 2 2 2 2 2 2 2 2 2 2 2 2 2 2 2 2 2 2 2 2 2 2 2 2 2 2 2 2 2 
2 2 2 2 2 2 2 2 2 2 2 2 2 2 2 2 2 2 2 2 2 2 2 2 2 2 2 2 2 2 2 2 2 2 2 2 2 2 2 2 2 2 2 2 2 2 2 2 2 2 2 2 2 2 2 2 2 2 2 2 2 2 2 2 2 2 2 2 2 2 2 2 2 2 2 2 2 2 2 2 
2 2 2 2 2 2 2 2 2 2 2 2 2 2 2 2 2 2 2 2 2 2 2 2 2 2 2 2 2 2 2 2 2 2 2 2 2 2 2 2 2 2 2 2 2 2 2 2 2 2 2 2 2 2 2 2 2 2 2 2 2 2 2 2 2 2 2 2 2 2 2 2 2 2 2 2 2 2 2 2 
2 2 2 2 2 2 2 2 2 2 2 2 2 2 2 2 2 2 2 2 2 2 2 2 2 2 2 2 2 2 2 2 2 2 2 2 2 2 2 2 2 2 2 2 2 2 2 2 2 2 2 2 2 2 2 2 2 2 2 2 2 2 2 2 2 2 2 2 2 2 2 2 2 2 2 2 2 2 2 2 
