1 1 1 1 1 1 1 1 1 1 2 2 3 3 4 4 5 5 6 6 7 7 8 8 9 9 10 10 11 12 12 13 13 13 13 13 13 13 13 13 13 14 14 14 14 14 14 14 14 14 14 14 14 14 14 14 14 15 15 15 15 15 16 16 16 16 16 17 17 17 17 17 18 18 18 18 18 18 19 19 
1 1 42 42 42 42 42 42 42 43 43 43 43 44 44 44 44 45 45 45 45 46 46 46 47 47 47 47 48 48 48 48 48 48 48 48 48 48 48 48 48 48 48 48 48 48 49 49 49 49 49 49 49 49 49 49 49 49 49 49 49 50 50 50 50 50 50 50 50 50 50 51 51 51 18 18 18 18 1 1 
1 1 42 42 42 42 42 42 42 42 43 43 43 43 44 44 44 44 45 45 45 45 46 46 46 47 47 47 47 48 48 48 48 48 48 48 48 48 48 48 48 48 48 48 48 48 48 48 48 48 48 48 48 49 49 49 49 49 49 49 49 49 50 50 50 50 50 50 50 50 50 50 50 51 18 18 18 18 1 1 
1 1 42 42 42 42 42 42 42 42 42 42 43 43 43 44 44 44 44 45 45 45 45 46 46 46 47 47 47 47 48 48 48 48 48 48 48 48 48 48 48 48 48 48 48 48 48 48 48 48 48 48 48 48 48 49 49 49 49 49 49 49 49 49 50 50 50 50 50 50 50 50 50 50 17 17 18 18 1 1 
1 1 42 42 42 42 42 42 42 42 42 42 42 43 43 43 43 44 44 44 45 45 45 46 46 46 46 47 47 47 48 48 48 48 48 48 48 48 48 48 48 48 48 48 48 48 48 48 48 48 48 48 48 48 48 48 49 49 49 49 49 49 49 49 49 50 50 50 50 50 50 50 50 50 17 17 17 17 0 1 
1 1 42 42 42 42 42 42 42 42 42 42 42 42 43 43 43 43 44 44 44 45 45 45 46 46 46 46 47 47 47 47 47 47 48 48 48 48 48 48 48 48 48 48 48 48 48 48 48 48 48 48 48 48 48 48 48 48 49 49 49 49 49 49 49 49 50 50 50 50 50 50 50 50 17 17 17 17 0 0 
1 1 42 42 42 42 42 42 42 42 42 42 42 42 42 43 43 43 43 44 44 44 45 45 45 46 46 46 46 47 47 47 47 47 47 47 47 47 47 47 47 47 47 48 48 48 48 48 48 48 48 48 48 48 48 48 48 48 48 49 49 49 49 49 49 49 49 49 49 50 50 50 50 50 16 16 16 17 0 0 
0 1 42 42 42 42 42 42 42 42 42 42 42 42 42 42 42 43 43 43 44 44 44 45 45 45 46 46 46 47 47 47 47 47 47 47 47 47 47 47 47 47 47 47 47 47 47 47 47 47 47 48 48 48 48 48 48 48 48 48 48 49 49 49 49 49 49 49 49 49 49 49 50 50 16 16 16 16 0 0 
0 0 42 42 42 42 42 42 42 42 42 42 42 42 42 42 42 42 43 43 43 44 44 44 45 45 45 46 46 46 47 47 47 47 47 47 47 47 47 47 47 47 47 47 47 47 47 47 47 47 47 47 47 47 47 48 48 48 48 48 48 48 48 49 49 49 49 49 49 49 49 49 49 49 15 15 16 16 0 0 
0 0 42 42 42 42 42 42 42 42 42 42 42 42 42 42 42 42 42 43 43 43 44 44 44 45 45 45 46 46 46 46 47 47 47 47 47 47 47 47 47 47 47 47 47 47 47 47 47 47 47 47 47 47 47 47 47 48 48 48 48 48 48 48 49 49 49 49 49 49 49 49 49 49 15 15 15 15 0 0 
0 0 42 42 42 42 42 42 42 42 42 42 42 42 42 42 42 42 42 42 43 43 43 44 44 44 45 45 45 46 46 46 46 46 46 46 46 46 46 46 46 46 47 47 47 47 47 47 47 47 47 47 47 47 47 47 47 47 48 48 48 48 48 48 48 48 48 48 48 49 49 49 49 49 14 14 15 15 0 0 
0 0 42 42 42 42 42 42 42 42 42 42 42 42 42 42 42 42 42 42 42 42 43 43 43 44 44 45 45 45 46 46 46 46 46 46 46 46 46 46 46 46 46 46 46 46 46 46 46 46 46 47 47 47 47 47 47 47 47 47 48 48 48 48 48 48 48 48 48 48 48 48 48 49 14 14 14 14 0 0 
0 0 42 42 42 42 42 42 42 42 42 42 42 42 42 42 42 42 42 42 42 42 42 43 43 43 44 44 45 45 45 46 46 46 46 46 46 46 46 46 46 46 46 46 46 46 46 46 46 46 46 46 46 46 46 47 47 47 47 47 47 47 47 48 48 48 48 48 48 48 48 48 48 48 13 13 13 13 0 0 
0 0 42 42 42 42 42 42 42 42 42 42 42 42 42 42 42 42 42 42 42 42 42 42 43 43 43 44 44 45 45 45 45 45 45 45 45 45 45 46 46 46 46 46 46 46 46 46 46 46 46 46 46 46 46 46 46 46 47 47 47 47 47 47 47 47 47 47 48 48 48 48 48 48 12 13 13 13 0 0 
0 0 42 42 42 42 42 42 42 42 42 42 42 42 42 42 42 42 42 42 42 42 42 42 42 43 43 43 44 44 45 45 45 45 45 45 45 45 45 45 45 45 45 45 45 45 45 45 45 45 45 46 46 46 46 46 46 46 46 46 47 47 47 47 47 47 47 47 47 47 47 47 47 47 12 12 12 12 0 0 
0 0 42 42 42 42 42 42 42 42 42 42 42 42 42 42 42 42 42 42 42 42 42 42 42 42 42 43 43 44 44 44 45 45 45 45 45 45 45 45 45 45 45 45 45 45 45 45 45 45 45 45 45 45 45 45 46 46 46 46 46 46 46 46 46 46 47 47 47 47 47 47 47 47 11 11 11 11 0 0 
0 0 42 42 42 42 42 42 42 42 42 42 42 42 42 42 42 42 42 42 42 42 42 42 42 42 42 42 43 43 44 44 44 44 44 44 44 44 44 44 44 44 44 44 44 45 45 45 45 45 45 45 45 45 45 45 45 45 45 46 46 46 46 46 46 46 46 46 46 46 46 46 47 47 10 10 10 10 0 0 
42 42 42 42 42 42 42 42 42 42 42 42 42 42 42 42 42 42 42 42 42 42 42 42 42 43 43 44 44 44 44 44 44 44 44 44 44 44 44 44 44 44 44 44 44 44 44 44 44 44 44 45 45 45 45 45 45 45 45 45 45 46 46 46 46 46 46 46 46 46 9 9 9 9 0 0 0 0 42 42 
42 42 42 42 42 42 42 42 42 42 42 42 42 42 42 42 42 42 42 42 42 42 42 42 42 42 42 43 43 43 43 43 43 43 43 43 43 43 43 43 43 44 44 44 44 44 44 44 44 44 44 44 44 44 44 44 45 45 45 45 45 45 45 45 45 45 45 45 46 46 8 8 8 9 0 0 0 0 42 42 
42 42 42 42 42 42 42 42 42 42 42 42 42 42 42 42 42 42 42 42 42 42 42 42 42 42 42 42 42 43 43 43 43 43 43 43 43 43 43 43 43 43 43 43 43 43 43 43 43 43 43 43 44 44 44 44 44 44 44 44 44 45 45 45 45 45 45 45 45 45 7 8 8 9 0 0 0 0 42 42 
42 42 42 42 42 42 42 42 42 42 42 42 42 42 42 42 42 42 42 42 42 42 42 42 42 42 42 42 42 42 42 42 42 42 42 43 43 43 43 43 43 43 43 43 43 43 43 43 43 43 43 43 44 44 44 44 44 44 44 44 44 45 45 45 45 45 45 45 45 46 8 8 8 9 0 0 0 0 42 42 
42 42 42 42 42 42 42 42 42 42 42 42 42 42 42 42 42 42 42 42 42 42 42 42 42 42 42 42 42 42 42 42 42 42 42 42 43 43 43 43 43 43 43 43 43 43 43 43 43 43 43 43 43 44 44 44 44 44 44 44 44 45 45 45 45 45 45 45 45 45 8 8 8 9 0 0 0 0 42 42 
42 42 42 42 42 42 42 42 42 42 42 42 42 42 42 42 42 42 42 42 42 42 42 42 42 42 42 42 42 42 42 42 42 42 42 42 42 43 43 43 43 43 43 43 43 43 43 43 43 43 43 43 43 44 44 44 44 44 44 44 44 45 45 45 45 45 45 45 45 45 8 8 8 9 0 0 0 0 42 42 
42 42 42 42 42 42 42 42 42 42 42 42 42 42 42 42 42 42 42 42 42 42 42 42 42 42 42 42 42 42 42 42 42 42 42 42 42 42 43 43 43 43 43 43 43 43 43 43 43 43 43 43 43 43 44 44 44 44 44 44 44 45 45 45 45 45 45 45 45 45 8 8 8 9 0 0 0 0 42 42 
42 42 42 42 42 42 42 42 42 42 42 42 42 42 42 42 42 42 42 42 42 42 42 42 42 42 42 42 42 42 42 42 42 42 42 42 42 42 42 43 43 43 43 43 43 43 43 43 43 43 43 43 43 43 44 44 44 44 44 44 44 45 45 45 45 45 45 45 45 45 8 8 8 9 0 0 0 0 42 255 
255 42 42 71 255 236 42 42 42 255 255 42 42 112 208 248 246 205 88 42 42 42 255 255 42 42 42 93 215 251 227 80 255 255 42 42 42 62 192 243 247 202 69 43 43 43 43 43 43 43 43 43 43 43 43 44 44 44 44 44 128 223 252 242 196 81 45 45 45 45 16 173 242 244 0 0 0 0 42 255 
255 42 42 71 255 236 42 42 42 255 255 42 42 246 255 255 255 255 255 76 42 42 255 255 42 42 91 255 255 255 255 255 255 255 42 42 44 255 255 255 255 255 254 43 43 43 43 43 43 43 43 43 43 43 43 44 44 44 45 227 255 255 255 255 255 255 148 45 45 46 255 255 255 255 0 0 0 0 42 255 
255 42 42 71 255 236 42 42 42 255 255 42 42 141 112 55 53 168 255 210 42 42 255 255 42 42 255 255 147 51 72 222 255 255 42 42 209 255 216 71 48 132 68 43 43 43 43 43 43 43 43 43 43 43 43 43 44 44 151 255 252 124 53 76 191 255 137 45 45 159 255 224 35 27 0 0 0 0 42 255 
127 42 59 181 243 120 42 42 170 255 127 42 42 42 42 42 55 178 252 125 42 170 255 127 80 195 235 114 42 42 54 178 255 127 42 166 252 132 45 42 42 56 62 62 62 62 62 62 62 62 62 62 62 62 62 62 62 176 255 156 63 44 44 44 44 45 45 45 153 243 123 23 7 47 89 89 89 109 192 255 
150 87 101 200 245 144 87 87 192 255 150 87 87 87 87 128 214 253 200 117 87 192 255 150 148 228 194 99 62 62 62 176 255 141 62 175 254 255 255 255 255 255 255 141 62 62 62 62 62 62 62 62 62 62 62 62 86 192 250 148 89 89 89 89 90 90 90 90 190 253 139 98 97 92 89 89 89 109 192 255 
150 87 101 200 245 144 87 87 192 255 150 87 87 143 225 254 255 227 134 88 88 192 255 150 152 230 188 95 62 62 62 176 255 141 62 176 254 255 255 255 255 255 254 140 62 62 62 62 62 62 62 62 62 62 62 62 143 232 196 116 90 90 90 90 90 90 90 90 192 254 135 98 98 92 89 89 89 109 192 255 
150 88 102 201 245 144 88 89 193 255 150 88 175 245 254 216 138 94 88 88 88 193 255 150 133 219 207 108 62 62 63 177 255 141 62 174 253 143 64 62 67 179 249 137 62 62 62 62 62 62 62 62 62 62 62 62 163 246 167 99 90 90 90 90 90 90 90 90 185 250 147 102 99 48 0 1 1 43 170 255 
127 42 59 181 248 123 73 109 205 250 148 88 192 254 153 90 88 88 88 88 88 192 255 150 92 195 253 139 62 62 112 210 255 141 62 169 249 161 76 62 96 200 237 128 62 62 62 62 62 62 62 62 62 62 62 62 163 245 167 99 90 90 90 90 90 90 91 91 166 238 188 115 98 48 1 1 0 42 170 255 
127 42 59 181 255 224 162 202 250 218 105 50 174 253 204 149 168 219 144 89 88 193 255 150 88 172 241 245 184 163 222 255 255 141 62 88 194 255 201 162 216 255 180 90 62 62 62 62 62 62 62 62 62 62 62 62 139 229 194 115 89 89 90 90 90 90 90 90 102 201 255 200 178 66 0 1 0 42 170 255 
127 42 59 187 227 238 255 255 255 140 57 50 86 199 255 255 255 255 140 57 50 177 255 127 50 65 170 249 255 255 254 254 255 141 62 62 128 222 255 255 255 222 118 62 62 62 62 62 62 62 62 62 62 62 62 62 84 191 251 149 90 90 90 90 90 90 90 90 90 116 231 255 255 85 0 1 0 42 170 255 
127 50 61 139 173 146 146 146 146 146 146 146 146 146 146 146 146 146 146 146 146 146 146 146 146 146 146 146 146 146 146 146 146 146 146 146 146 146 146 146 146 146 146 146 146 146 146 146 146 146 146 146 146 146 146 146 146 146 146 146 146 146 146 146 146 146 146 146 146 146 146 146 146 146 146 146 146 146 146 146 
50 50 50 50 50 50 50 50 50 50 92 250 196 50 56 62 62 62 62 62 98 255 219 62 62 62 62 62 62 62 62 62 62 62 62 62 62 62 62 62 62 62 62 62 62 62 56 120 221 255 255 255 255 255 228 136 91 91 49 97 97 97 97 0 0 0 43 52 95 85 50 50 50 50 50 50 50 50 50 50 
50 50 50 50 50 50 50 50 50 50 92 243 168 50 56 62 62 62 62 62 67 105 167 62 62 62 62 62 62 62 62 62 62 62 62 62 62 62 62 62 62 62 62 62 62 62 56 90 98 146 222 247 220 155 99 90 90 90 48 96 96 96 95 0 0 0 43 50 50 50 50 50 50 50 50 50 50 50 50 50 
50 50 50 50 50 50 50 50 50 50 50 50 50 50 56 62 62 62 62 62 62 62 62 62 62 62 62 62 62 62 62 62 62 62 62 62 62 62 62 62 62 62 62 62 62 62 56 90 90 90 90 90 90 90 90 90 90 90 49 97 97 97 97 1 0 0 15 15 15 15 15 15 15 15 15 15 15 15 15 15 
15 15 15 15 15 15 15 15 15 15 15 15 15 15 28 41 41 41 41 41 41 41 41 41 41 41 41 41 41 41 41 41 41 41 41 41 41 41 41 41 41 41 41 41 41 41 27 0 97 97 96 95 96 95 95 96 95 97 97 97 97 97 96 1 0 15 15 15 15 15 15 15 15 15 15 15 15 15 15 15 
15 15 15 15 15 15 15 15 15 15 15 15 15 15 28 41 41 41 41 41 41 41 41 41 41 41 41 41 41 41 41 41 41 41 41 41 41 41 41 41 41 41 41 41 41 41 27 0 0 0 0 97 97 96 96 95 95 96 96 96 96 96 96 3 0 15 15 15 15 15 15 15 15 15 15 15 15 15 15 15 
15 15 15 15 15 15 15 15 15 15 15 15 15 15 28 41 41 41 41 41 41 41 41 41 41 41 41 41 41 41 41 41 41 41 41 41 41 41 41 41 41 41 41 41 41 41 27 1 0 0 0 0 0 1 97 96 96 96 96 96 96 95 96 3 15 15 15 15 15 15 15 15 15 15 15 15 15 15 15 15 
15 15 15 15 15 15 15 15 15 15 15 15 15 15 28 41 41 41 41 41 41 41 41 41 41 41 41 41 41 41 41 41 41 41 41 41 41 41 41 41 41 41 41 41 41 41 28 1 0 0 0 0 0 0 2 8 6 95 96 95 96 95 94 15 15 15 15 15 15 15 15 15 15 15 15 15 15 15 15 15 
15 15 15 15 15 15 15 15 15 15 15 15 15 15 28 41 41 41 41 41 41 41 41 41 41 41 41 41 41 41 41 41 41 41 41 41 41 41 41 41 41 41 41 41 41 41 27 0 0 0 0 0 1 2 6 8 8 8 6 93 95 95 94 15 15 15 15 15 15 15 15 15 15 15 15 15 15 15 15 15 
15 15 15 15 15 15 15 15 15 15 15 15 15 28 41 41 41 41 41 41 41 41 41 41 41 41 41 41 41 41 41 41 41 41 41 41 41 41 41 41 41 41 41 41 41 27 0 0 0 0 0 0 0 2 7 7 9 13 9 0 0 92 15 15 15 15 15 15 15 15 15 15 15 15 15 15 15 15 15 15 
15 15 15 15 15 15 15 15 15 15 15 15 15 28 41 41 41 41 41 41 41 41 41 41 41 41 41 41 41 41 41 41 41 41 41 41 41 41 41 41 41 41 41 41 41 27 0 0 0 0 1 1 0 2 6 8 11 14 11 1 0 0 15 15 15 15 15 15 15 15 15 15 15 15 15 15 15 15 15 15 
15 15 15 15 15 15 15 15 15 15 15 15 15 41 41 41 41 41 41 41 41 41 41 41 41 41 41 41 41 41 41 41 41 41 41 41 41 41 41 41 41 41 41 41 41 0 0 0 0 1 1 1 0 0 1 22 2 1 0 0 0 15 15 15 15 15 15 15 15 15 15 15 15 15 15 15 15 15 15 15 
15 15 15 15 15 15 15 15 15 15 15 15 15 41 41 41 41 41 41 41 41 41 41 41 41 41 41 41 41 41 41 41 41 41 41 41 41 41 41 41 41 41 41 41 41 0 0 0 0 1 0 1 0 0 0 1 0 0 0 0 0 15 15 15 15 15 15 15 15 15 15 15 15 15 15 15 15 15 15 15 
15 15 15 15 15 15 15 15 15 15 15 15 15 41 41 41 41 41 41 41 41 41 41 41 41 41 41 41 41 41 41 41 41 41 41 41 41 41 41 41 41 41 41 41 41 0 1 1 1 1 0 1 0 0 0 1 0 0 0 0 0 15 15 15 15 15 15 15 15 15 15 15 15 15 15 15 15 15 15 15 
15 15 15 15 15 15 15 15 15 15 15 15 15 41 41 41 41 41 41 41 41 41 41 41 41 41 41 41 41 15 15 15 15 1 1 1 4 2 1 2 2 1 0 1 1 0 2 2 1 0 1 0 0 0 0 0 0 0 0 0 0 15 15 15 15 15 15 15 15 15 15 15 15 15 15 15 15 15 15 15 
15 15 15 15 15 15 15 15 15 15 15 15 15 15 15 15 15 15 15 15 15 15 15 15 15 15 15 15 15 15 15 15 15 0 0 2 6 3 1 1 2 0 0 0 1 0 2 3 1 0 1 0 0 0 0 0 0 0 0 0 0 15 15 15 15 15 15 15 15 15 15 15 15 15 15 15 15 15 15 15 
15 15 15 15 15 15 15 15 15 15 15 15 15 15 15 15 15 15 15 15 15 15 15 15 15 15 15 15 15 15 15 15 15 16 0 1 3 1 1 1 1 1 0 0 0 0 1 1 1 0 1 0 0 0 0 0 2 1 0 0 0 15 15 15 15 15 15 15 15 15 15 15 15 15 15 15 15 15 15 15 
15 15 15 15 15 15 15 15 15 15 15 15 15 15 15 15 15 15 15 15 15 15 15 15 15 15 15 15 15 15 15 15 15 16 0 1 1 0 1 1 1 2 1 0 0 0 0 0 0 0 1 0 0 0 1 0 3 1 0 1 1 15 15 15 15 15 15 15 15 15 15 15 15 15 15 15 15 15 15 15 
15 15 15 15 15 15 15 15 15 15 15 15 15 15 15 15 15 15 15 15 15 15 15 15 15 15 15 15 15 15 15 15 15 16 0 1 0 0 1 1 1 1 0 0 0 0 1 0 0 0 1 0 0 0 1 1 3 1 0 0 1 15 15 15 15 15 15 15 15 15 15 15 15 15 15 15 15 15 15 15 
15 15 15 15 15 15 15 15 15 15 15 15 15 15 15 15 15 15 15 15 15 15 15 15 15 15 15 15 15 15 15 15 16 16 18 1 0 1 1 1 1 1 0 0 0 1 3 1 0 0 0 0 0 0 1 2 1 0 0 0 1 15 15 15 15 15 15 15 15 15 15 15 15 15 15 15 15 15 15 15 
15 15 15 15 15 15 15 15 15 15 15 15 15 15 15 15 15 15 15 15 15 15 15 15 15 15 15 15 15 15 15 15 16 16 18 1 0 1 1 0 1 0 0 0 0 1 4 1 0 0 0 0 0 0 1 2 0 0 0 0 1 15 15 15 15 15 15 15 15 15 15 15 15 15 15 15 15 15 15 15 
15 15 15 15 15 15 15 15 15 15 15 15 15 15 15 15 15 15 15 15 15 15 15 15 15 15 15 15 15 15 15 15 16 16 17 0 0 1 0 0 0 0 0 0 0 1 2 1 0 0 0 1 0 0 0 1 0 0 0 0 1 15 15 15 15 15 15 15 15 15 15 15 15 15 15 15 15 15 15 15 
15 15 15 15 15 15 15 15 15 15 15 15 15 15 15 15 15 15 15 15 15 15 15 15 15 15 15 15 15 15 15 15 16 17 17 0 0 0 0 0 0 0 0 0 0 0 0 0 0 0 0 2 1 0 0 0 0 0 0 1 1 15 15 15 15 15 15 15 15 15 15 15 15 15 15 15 15 15 15 15 
15 15 15 15 15 15 15 15 15 15 15 15 15 15 15 15 15 15 15 15 15 15 15 15 15 15 15 15 15 15 15 15 16 17 17 0 0 0 0 0 0 0 0 0 0 0 1 0 0 0 0 1 0 0 0 0 0 0 1 1 1 15 15 15 15 15 15 15 15 15 15 15 15 15 15 15 15 15 15 15 
15 15 15 15 15 15 15 15 15 15 15 15 15 15 15 15 15 15 15 15 15 15 15 15 15 15 15 15 15 15 15 16 16 17 18 0 0 0 0 0 0 0 1 1 0 0 1 0 0 0 0 1 0 1 1 0 0 0 1 1 0 15 15 15 15 15 15 15 15 15 15 15 15 15 15 15 15 15 15 15 
15 15 15 15 15 15 15 15 15 15 15 15 15 15 15 15 15 15 15 15 15 15 15 15 15 15 15 15 15 15 15 16 16 17 18 0 0 1 0 0 0 0 1 1 0 0 2 2 1 0 0 0 0 1 1 0 0 1 1 1 0 15 15 15 15 15 15 15 15 15 15 15 15 15 15 15 15 15 15 15 
15 15 15 15 15 15 15 15 15 15 15 15 15 15 15 15 15 15 15 15 15 15 15 15 15 15 15 15 15 15 15 16 16 17 18 19 0 0 0 0 0 0 1 1 1 1 1 6 4 0 0 0 0 1 1 0 0 2 1 1 0 15 15 15 15 15 15 15 15 15 15 15 15 15 15 15 15 15 15 15 
15 15 15 15 15 15 15 15 15 15 15 15 15 15 15 15 15 15 15 15 15 15 15 15 15 15 15 15 15 15 15 16 16 17 18 19 0 0 0 0 0 0 0 1 1 3 1 11 8 0 0 0 1 1 0 0 1 2 1 0 0 15 15 15 15 15 15 15 15 15 15 15 15 15 15 15 15 15 15 15 
15 15 15 15 15 15 15 15 15 15 15 15 15 15 15 15 15 15 15 15 15 15 15 15 15 15 15 15 15 15 16 16 17 17 18 19 0 0 2 3 0 0 0 0 1 2 1 9 6 0 0 1 1 1 0 0 1 2 1 0 0 15 15 15 15 15 15 15 15 15 15 15 15 15 15 15 15 15 15 15 
15 15 15 15 15 15 15 15 15 15 15 15 15 15 15 15 15 15 15 15 15 15 15 15 15 15 15 15 15 15 16 16 17 17 18 19 0 0 4 6 0 0 0 0 0 1 0 4 3 0 1 2 2 2 8 0 0 1 0 0 0 15 15 15 15 15 15 15 15 15 15 15 15 15 15 15 15 15 15 15 
15 15 15 15 15 15 15 15 15 15 15 15 15 15 15 15 15 15 15 15 15 15 15 15 15 15 15 15 15 16 16 16 17 18 18 20 0 0 5 8 1 0 0 0 0 0 0 0 0 1 1 3 3 21 2 0 0 0 0 0 0 15 15 15 15 15 15 15 15 15 15 15 15 15 15 15 15 15 15 15 
15 15 15 15 15 15 15 15 15 15 15 15 15 15 15 15 15 15 15 15 15 15 15 15 15 15 15 15 15 16 16 17 17 18 19 20 2 1 3 6 6 1 1 1 0 0 0 0 1 2 1 5 3 44 49 0 0 1 2 1 0 15 15 15 15 15 15 15 15 15 15 15 15 15 15 15 15 15 15 15 
15 15 15 15 15 15 15 15 15 15 15 15 15 15 15 15 15 15 15 15 15 15 15 15 15 15 15 15 15 16 16 17 17 18 19 20 4 1 1 4 10 1 3 2 0 0 0 1 3 3 1 8 3 1 0 0 0 2 3 3 0 15 15 15 15 15 15 15 15 15 15 15 15 15 15 15 15 15 15 15 
15 15 15 15 15 15 15 15 15 15 15 15 15 15 15 15 15 15 15 15 15 15 15 15 15 15 15 16 16 16 17 17 18 19 20 3 1 0 3 9 1 2 2 0 0 0 1 2 2 1 6 3 48 0 50 0 7 10 23 0 15 15 15 15 15 15 15 15 15 15 15 15 15 15 15 15 15 15 15 15 
15 15 15 15 15 15 15 15 15 15 15 15 15 15 15 15 15 15 15 15 15 15 15 15 15 15 16 16 17 17 18 18 19 21 1 0 0 2 5 1 1 1 0 0 0 1 1 1 0 2 2 1 0 0 51 51 8 45 48 15 15 15 15 15 15 15 15 15 15 15 15 15 15 15 15 15 15 15 15 15 
15 15 15 15 15 15 15 15 15 15 15 15 15 15 15 15 15 15 15 15 15 15 15 15 15 16 16 16 17 17 18 18 19 21 0 0 0 1 2 0 1 0 0 0 0 1 0 1 2 0 1 51 17 0 0 1 0 0 0 15 15 15 15 15 15 15 15 15 15 15 15 15 15 15 15 15 15 41 15 15 
15 15 15 15 15 15 15 15 15 15 15 15 15 15 15 15 15 15 15 15 15 15 15 15 15 16 16 17 17 17 18 19 20 22 0 0 0 1 1 0 0 0 0 0 0 0 0 3 8 1 1 1 1 0 0 0 0 0 0 15 15 15 15 239 15 138 81 48 75 84 74 75 75 15 15 83 82 84 72 75 
75 82 50 82 75 22 15 15 23 15 77 15 15 76 15 77 15 78 16 80 25 83 54 80 16 16 16 17 17 18 18 19 20 1 1 0 1 1 0 0 0 0 0 0 0 0 0 5 14 2 0 231 2 55 0 50 51 107 50 15 15 15 15 15 15 25 255 191 53 84 122 65 83 15 15 23 76 84 68 65 
83 39 74 30 75 15 15 15 23 15 15 15 15 15 15 15 23 15 57 15 84 15 84 42 16 16 16 17 17 18 18 19 20 1 1 0 1 1 0 0 1 1 1 0 0 0 0 4 12 2 0 51 51 51 255 255 51 225 75 15 15 15 15 255 96 61 71 15 15 84 15 15 15 15 15 79 79 15 15 15 
15 15 15 15 75 15 15 15 56 15 62 15 15 60 15 61 16 64 20 71 30 80 57 80 16 16 17 17 18 18 19 19 20 0 2 1 0 0 0 1 2 2 2 1 0 0 0 2 7 1 1 51 51 0 3 1 0 51 0 15 15 15 15 15 15 15 15 15 15 15 15 15 15 15 15 15 15 15 15 15 
15 15 15 15 15 15 15 15 15 15 15 15 15 15 15 15 15 15 15 15 15 15 15 16 16 16 17 17 18 18 19 20 21 0 1 0 0 0 0 1 3 2 1 0 0 0 0 1 1 0 1 1 0 1 2 0 0 0 0 15 15 15 15 39 78 15 77 29 67 84 84 74 83 84 80 17 83 83 58 41 
76 15 15 15 15 81 43 82 17 15 15 102 91 101 15 15 94 15 15 15 15 15 16 16 96 17 17 17 18 19 19 20 22 1 0 0 0 0 1 2 2 2 1 1 0 0 0 0 0 0 17 51 49 42 21 0 0 9 16 15 15 15 15 59 15 15 15 41 24 84 84 15 36 84 24 49 18 17 58 45 
15 15 15 15 15 78 33 15 74 15 15 102 15 15 15 102 16 15 15 15 15 15 16 102 16 17 17 18 18 19 19 20 22 0 0 0 0 0 1 3 1 1 1 1 0 0 0 0 0 0 17 51 48 40 21 0 0 17 32 15 15 15 15 43 64 15 15 15 15 15 15 15 15 84 15 15 15 15 15 15 
15 15 15 17 15 75 54 76 21 15 15 102 15 15 15 15 15 15 15 15 15 16 16 16 102 17 17 18 18 19 20 21 1 1 0 0 1 1 1 3 1 0 1 2 1 0 0 0 0 0 0 51 51 1 1 0 0 1 2 2 2 2 2 2 2 2 2 2 2 2 2 2 2 2 2 2 2 2 2 2 
2 2 2 2 2 2 2 2 2 2 2 2 2 2 2 2 2 2 2 2 2 2 2 2 2 2 2 2 2 2 2 2 2 2 2 2 2 2 2 2 2 2 2 2 2 2 2 2 2 2 2 2 2 2 2 2 2 2 2 2 2 2 2 2 2 2 2 2 2 2 2 2 2 2 2 2 2 2 2 2 
