18 18 18 18 18 18 18 18 18 18 18 18 18 17 17 17 17 17 17 17 17 17 17 17 17 17 17 17 17 17 17 17 17 17 17 16 16 16 16 16 16 16 16 16 16 16 16 16 16 16 16 16 16 16 16 16 16 16 16 16 16 16 16 16 16 16 16 17 17 17 17 17 17 17 17 17 17 17 18 18 
17 17 17 17 17 17 17 17 17 17 17 17 17 17 17 17 16 16 16 16 16 16 16 16 16 16 16 16 16 16 16 16 16 16 16 16 16 16 16 16 16 16 16 16 16 16 16 16 16 16 16 16 17 17 17 17 17 17 17 17 17 17 18 18 18 18 18 18 18 18 18 18 18 17 17 17 17 17 17 17 
16 16 16 16 16 16 16 16 16 16 16 16 16 16 16 16 16 16 16 16 16 16 16 16 16 16 16 16 16 16 16 16 16 16 16 16 17 17 17 17 17 17 17 17 17 18 18 18 18 18 18 18 18 18 18 18 17 17 17 17 17 17 17 17 17 17 17 17 17 17 17 17 17 17 17 17 16 16 16 16 
16 16 16 16 16 16 16 16 16 16 16 16 16 16 16 16 16 16 17 17 17 17 17 17 17 17 17 18 18 18 18 18 18 18 18 18 18 18 18 17 17 17 17 17 17 17 17 17 17 17 17 17 17 17 17 17 17 17 16 16 16 16 16 16 16 16 16 16 16 16 16 16 16 16 16 16 16 16 16 16 
17 17 17 17 17 17 17 17 18 18 18 18 18 18 18 18 18 18 18 18 18 17 17 17 17 17 17 17 17 17 17 17 17 17 17 17 17 17 16 16 16 16 16 16 16 16 16 16 16 16 16 16 16 16 16 16 16 16 16 16 16 16 16 16 16 16 16 16 16 16 16 16 16 16 16 16 16 16 16 16 
18 18 18 18 18 18 18 17 17 17 17 17 17 17 17 17 17 17 17 17 17 17 16 16 16 16 16 16 16 16 16 16 16 16 16 16 16 16 16 16 16 16 16 16 16 16 16 16 16 16 16 16 16 16 16 16 16 16 16 16 16 16 16 16 16 16 17 17 17 17 17 17 17 18 18 18 18 18 18 19 
17 17 17 17 17 17 17 17 17 16 16 16 16 16 16 16 16 16 16 16 16 16 16 15 15 15 15 15 15 15 15 15 16 16 16 16 16 16 16 16 16 16 16 16 16 16 16 16 16 16 16 16 16 17 17 17 17 17 17 18 18 18 18 18 19 19 19 18 18 18 18 18 18 18 18 17 17 17 17 17 
16 16 16 16 16 16 16 16 16 16 15 15 15 15 15 15 15 15 15 15 15 15 15 15 15 15 15 15 15 16 16 16 16 16 16 16 16 16 16 16 16 16 17 17 17 17 17 18 18 18 18 18 18 19 19 19 18 18 18 18 18 18 18 18 18 17 17 17 17 17 17 17 17 17 17 16 16 16 16 16 
15 15 15 15 15 15 15 15 15 15 15 15 15 15 15 15 15 15 15 15 15 15 15 16 16 16 16 16 16 16 16 16 16 17 17 17 17 17 18 18 18 18 19 19 19 19 20 18 18 18 18 18 18 18 18 18 17 17 17 17 17 17 17 17 17 17 16 16 16 16 16 16 16 16 16 16 16 16 15 15 
15 15 15 15 15 15 15 15 15 15 15 15 15 15 15 15 16 16 16 16 16 16 16 16 17 17 17 17 17 18 18 18 18 19 19 19 19 19 20 19 18 18 18 18 18 18 18 18 18 17 17 17 17 17 17 17 17 16 16 16 16 16 16 16 16 16 16 16 15 15 15 15 15 15 15 15 15 15 15 15 
15 15 15 15 15 15 15 15 15 16 16 16 16 16 16 16 17 17 17 17 18 18 18 18 19 19 19 19 19 20 20 20 19 19 18 18 18 18 18 18 18 18 17 17 17 17 17 17 17 17 16 16 16 16 16 16 16 16 16 16 15 15 15 15 15 15 15 15 15 15 14 14 14 14 14 14 14 15 15 15 
16 16 16 16 16 16 16 16 17 17 17 17 18 18 18 18 18 19 19 19 19 20 20 20 20 20 19 19 18 18 18 18 18 18 18 18 17 17 17 17 17 17 17 17 16 16 16 16 16 16 16 16 16 15 15 15 15 15 15 15 15 15 15 14 14 14 14 14 15 15 15 15 15 15 15 15 15 16 16 16 
17 17 17 18 18 18 18 19 19 19 19 20 20 20 20 20 20 21 19 19 19 18 18 18 18 18 18 18 18 17 17 17 17 17 17 17 16 16 16 16 16 16 16 16 15 15 15 15 15 15 15 15 15 15 15 15 15 15 15 15 15 15 15 15 15 15 16 16 16 16 16 16 16 16 17 17 17 17 17 17 
19 19 20 20 20 20 20 20 21 21 21 19 19 19 18 18 18 18 18 18 18 18 17 17 17 17 17 17 17 16 16 16 16 16 16 16 16 16 15 15 15 15 15 15 15 15 15 15 15 15 15 15 15 15 15 15 15 16 16 16 16 16 16 16 17 17 17 17 17 17 17 18 18 18 18 18 19 19 19 19 
21 21 21 21 19 19 18 18 18 18 18 18 18 18 18 17 17 17 17 17 17 17 16 16 16 16 16 16 16 16 15 15 15 15 15 15 15 15 15 15 15 15 15 15 15 15 15 16 16 16 16 16 16 16 17 17 17 17 17 17 17 18 18 18 18 18 18 19 19 19 19 20 20 20 20 20 20 21 21 21 
18 18 18 18 18 18 18 18 17 17 17 17 17 17 16 16 16 16 16 16 16 16 15 15 15 15 15 15 15 15 15 15 15 15 15 16 16 16 16 16 16 16 16 16 16 17 17 17 17 17 17 18 18 18 18 18 18 19 19 19 19 19 20 20 20 20 20 20 21 21 21 21 21 22 22 22 22 21 18 18 
17 17 17 17 17 17 17 16 16 16 16 16 16 16 16 15 15 15 15 15 15 15 15 15 15 15 15 16 16 16 16 16 16 16 16 16 17 17 17 17 17 17 18 18 18 18 18 19 19 19 19 19 19 20 20 20 20 21 21 21 21 21 22 22 22 22 22 22 23 23 23 18 18 18 18 17 17 17 17 17 
16 16 16 16 16 15 15 15 15 15 15 15 15 15 15 15 15 15 15 16 16 16 16 16 16 16 17 17 17 17 17 18 18 18 18 18 19 19 19 19 20 20 20 20 20 21 21 21 21 21 22 22 22 22 22 23 23 23 23 23 23 23 24 18 18 17 17 17 17 17 17 17 17 16 16 16 16 16 16 16 
15 15 15 15 15 15 15 15 15 15 15 16 16 16 16 16 17 17 17 17 18 18 18 18 18 19 19 19 19 20 20 20 20 20 21 21 21 21 21 22 22 22 22 22 23 23 23 23 23 23 24 24 24 24 24 24 22 17 17 17 17 17 17 17 17 16 16 16 16 16 16 16 16 16 15 15 15 15 15 15 
15 15 15 15 16 16 16 16 17 17 17 17 18 18 18 18 19 19 19 19 20 20 20 20 21 21 21 21 21 22 22 22 23 23 23 23 23 23 24 24 24 24 24 24 24 24 24 24 24 25 25 20 18 18 17 17 17 17 17 16 16 16 16 16 16 16 16 16 16 16 16 15 15 16 16 16 16 16 16 16 
16 16 17 17 17 18 18 18 18 19 19 19 20 20 20 20 21 21 21 21 22 22 22 22 23 23 23 23 24 24 24 24 24 24 24 25 25 25 25 25 25 25 25 25 25 25 25 20 18 18 18 18 18 17 17 17 17 16 16 16 16 16 16 16 16 16 16 16 16 16 16 16 16 16 16 16 16 17 17 17 
18 19 19 19 20 20 20 21 21 21 22 22 22 22 23 23 23 23 23 23 24 24 24 24 24 25 25 25 25 25 25 25 25 25 25 25 25 25 25 25 25 25 23 18 18 18 18 18 18 18 18 18 17 17 17 17 16 16 16 16 16 16 16 16 16 16 16 16 16 16 16 16 17 17 17 17 17 18 18 18 
20 20 20 21 21 21 22 22 22 22 22 22 22 23 23 23 23 23 24 24 24 24 24 24 24 24 25 25 25 25 25 25 25 25 25 25 25 25 20 27 27 30 18 18 18 19 19 19 19 18 18 18 18 17 17 17 17 16 16 16 16 16 16 16 16 16 16 16 17 17 17 17 18 18 18 18 18 19 19 19 
21 21 21 21 21 22 22 22 22 22 22 23 23 23 23 23 23 24 24 24 24 24 24 24 24 25 25 25 25 25 25 25 25 25 27 27 27 27 27 27 27 27 27 27 27 27 25 17 19 19 18 18 18 17 17 17 17 17 17 17 17 17 17 17 17 17 17 18 18 18 18 18 19 19 19 19 19 20 20 20 
21 22 22 22 22 22 23 23 23 23 23 24 24 24 24 24 24 24 25 25 25 25 25 25 25 25 25 27 27 27 27 27 27 27 27 27 27 27 27 25 18 17 16 20 19 19 19 19 19 18 18 18 18 18 18 18 18 18 18 19 19 19 19 19 19 19 20 20 20 20 20 21 21 21 21 21 21 21 22 22 
23 23 23 23 23 24 24 24 24 24 24 24 25 25 25 25 25 25 25 25 25 25 25 25 27 27 27 27 27 27 27 27 27 27 27 27 28 28 28 28 28 28 28 28 28 28 28 28 28 28 28 28 28 28 28 28 28 28 28 28 28 28 28 28 28 28 28 28 28 28 28 28 28 28 28 28 28 28 28 28 
24 24 24 24 24 24 24 23 23 23 23 22 22 26 27 27 27 27 27 27 27 27 27 27 27 21 15 18 21 22 22 22 18 17 16 16 16 16 16 17 17 13 11 12 12 12 12 12 12 12 12 12 12 12 12 12 12 12 12 12 12 12 12 12 12 12 12 12 12 12 12 12 12 12 12 12 12 12 12 12 
14 13 11 27 27 27 27 27 27 27 27 27 27 28 25 15 17 21 22 22 22 22 17 19 21 22 23 24 24 23 24 26 24 22 21 20 19 19 19 20 20 21 22 24 26 27 28 28 28 28 28 28 28 28 27 27 27 27 27 27 27 23 16 16 16 16 15 15 15 15 14 13 13 13 12 12 12 11 11 11 
2 2 2 2 2 2 2 2 2 2 2 2 2 2 2 2 2 2 2 2 2 2 2 2 2 2 2 2 2 2 2 2 2 2 2 2 2 2 2 2 2 2 2 2 2 2 2 2 2 2 2 2 2 2 2 2 2 2 2 2 2 2 2 2 2 2 2 2 2 2 2 2 2 2 2 2 2 2 2 2 
27 27 27 23 17 17 17 17 17 17 17 17 17 17 17 17 17 17 17 17 17 17 17 17 17 17 17 17 17 17 17 17 17 17 17 17 17 17 17 17 17 17 17 17 17 17 17 17 17 17 17 17 17 17 17 17 17 17 17 17 17 17 17 17 17 17 17 17 17 17 17 17 17 17 17 17 17 17 17 17 
27 27 27 27 27 27 27 27 27 27 27 27 21 27 27 27 27 27 27 27 27 27 27 27 28 17 17 17 17 17 17 17 17 17 17 17 17 17 17 17 17 17 17 17 17 17 17 17 17 17 17 17 17 17 17 17 17 17 17 17 17 17 17 17 17 17 17 17 17 17 17 17 17 17 17 17 17 17 17 17 
27 16 27 27 27 27 27 27 27 27 27 27 14 27 27 27 27 27 27 27 27 26 13 8 8 8 8 8 8 8 8 8 8 8 8 8 8 8 8 8 8 8 8 8 8 8 8 8 8 8 8 8 8 8 8 8 8 8 8 8 8 8 8 8 8 8 8 8 8 8 8 8 8 8 8 8 8 8 8 8 
25 25 27 27 27 27 27 27 27 27 25 21 20 19 18 17 16 16 15 13 12 12 12 12 12 12 12 12 12 12 12 12 12 12 12 12 12 12 12 12 12 12 12 12 12 12 12 12 12 12 12 12 12 12 12 12 12 12 12 12 12 12 12 12 12 12 12 12 12 12 12 12 12 12 12 12 12 12 12 12 
23 15 17 19 20 21 21 21 22 22 22 21 21 22 24 24 24 23 23 22 22 21 20 20 19 19 18 17 14 27 27 27 27 27 27 27 27 27 27 28 25 19 21 22 22 22 18 27 27 28 25 27 27 27 27 27 27 27 27 23 27 27 27 27 27 27 27 27 27 26 22 27 27 27 27 27 27 27 27 27 
15 15 15 15 15 15 15 15 15 15 15 15 15 15 15 15 15 15 15 15 15 15 15 15 15 15 15 15 15 15 15 15 15 15 15 15 15 15 15 15 15 15 15 15 15 15 15 15 15 15 15 15 15 15 15 15 15 15 15 15 15 15 15 15 15 15 15 15 15 15 15 15 15 15 15 15 15 15 15 15 
21 21 22 22 22 22 23 23 23 24 24 23 22 22 21 21 20 27 27 27 27 27 27 27 27 27 27 27 24 20 22 22 22 21 27 27 27 27 27 27 27 27 27 27 27 27 27 27 27 27 27 27 27 27 27 27 27 27 27 27 27 27 27 27 27 27 27 27 14 13 12 11 11 11 11 11 11 11 11 11 
13 14 16 17 18 19 25 27 27 27 27 27 27 27 27 27 27 25 22 20 22 22 21 22 27 27 26 26 27 27 27 27 27 27 27 23 23 27 27 27 27 27 27 27 27 27 24 24 27 27 27 27 27 27 27 27 25 14 13 16 19 19 18 17 15 13 12 10 11 11 11 11 11 11 11 11 11 11 11 11 
27 27 27 27 29 27 28 21 21 22 22 21 13 27 27 26 27 27 27 27 27 27 27 27 26 27 27 27 27 27 27 27 27 27 27 27 27 27 27 27 27 27 27 27 27 30 16 17 17 17 14 12 11 13 15 16 16 15 14 12 11 9 9 8 10 11 13 14 14 13 13 13 13 13 13 13 13 13 13 13 
19 27 27 27 16 27 27 27 27 27 27 27 27 15 27 27 27 27 27 27 27 27 27 26 26 26 26 26 26 26 26 26 26 26 26 26 26 26 26 26 26 26 26 26 26 26 26 26 26 26 26 26 26 26 26 26 26 26 26 26 26 26 26 26 26 26 26 26 26 26 26 26 26 26 26 26 26 26 26 26 
27 23 22 27 27 27 27 27 27 27 27 26 23 24 27 27 27 27 27 27 27 27 25 15 13 13 14 13 12 10 10 12 13 15 17 19 20 20 20 20 20 20 17 13 13 13 13 13 13 13 13 13 13 13 13 13 13 13 13 13 13 13 13 13 13 13 13 13 13 13 13 13 13 13 13 13 13 13 13 13 
26 18 27 27 27 27 27 27 27 27 27 25 22 21 20 21 21 21 19 17 17 17 18 20 20 19 18 18 19 21 21 20 18 17 16 15 14 13 13 13 14 16 17 15 27 27 27 27 27 27 27 27 28 25 20 22 22 22 16 27 24 27 27 27 27 27 27 27 27 26 27 27 27 27 27 27 27 27 27 27 
27 27 27 27 27 27 27 27 22 15 19 20 22 23 23 22 21 21 21 20 20 19 19 18 18 17 17 16 15 15 15 15 15 14 15 15 16 16 16 16 17 24 27 27 27 27 27 27 27 27 26 22 21 22 21 19 20 24 23 27 27 27 27 27 27 27 24 24 27 27 27 27 27 27 27 27 27 23 23 27 
27 27 27 27 27 27 25 15 14 15 17 19 19 20 20 20 21 21 22 22 21 20 20 17 16 15 15 15 15 14 13 15 15 15 16 15 16 16 16 14 27 27 27 27 27 27 27 27 29 20 22 22 22 20 27 24 27 27 27 27 27 27 27 27 27 27 27 27 27 27 27 27 27 27 26 26 14 27 27 27 
27 27 26 26 26 26 26 26 26 26 26 26 26 26 26 26 26 26 26 26 26 26 26 26 26 26 26 26 26 26 26 26 26 26 26 26 26 26 26 26 26 26 26 26 26 26 26 26 26 26 26 26 26 26 26 26 26 26 26 26 26 26 26 26 26 26 26 26 26 26 26 26 26 26 26 26 26 26 26 26 
17 17 17 18 18 18 18 17 17 16 16 16 16 17 18 18 19 19 19 19 18 18 17 16 16 16 23 27 27 27 27 27 27 27 26 22 21 22 20 21 26 27 27 27 27 27 27 27 26 26 27 27 27 27 27 27 27 27 27 26 20 22 27 27 27 27 27 27 27 27 23 16 16 15 15 16 18 20 21 19 
16 16 17 16 17 17 17 17 17 17 17 0 0 1 1 0 0 1 2 1 0 0 27 27 27 27 27 27 27 27 21 22 22 22 13 27 27 27 27 27 27 27 27 27 19 27 27 27 27 27 27 27 27 27 26 20 27 27 27 27 27 27 27 27 26 26 18 20 20 18 16 14 14 14 14 14 14 14 14 14 
0 1 2 2 6 2 0 0 0 0 0 13 27 27 27 27 27 27 26 23 21 22 18 20 27 27 27 27 27 27 27 26 26 27 27 27 27 27 27 27 27 27 24 23 23 23 23 23 23 23 23 23 23 23 23 23 23 23 23 23 23 23 23 23 23 23 23 23 23 23 23 23 23 23 23 23 23 23 23 23 
0 27 27 27 27 29 27 28 20 22 22 16 27 27 27 27 27 27 27 25 27 27 27 27 27 27 27 27 27 27 24 20 27 27 27 27 27 27 27 27 27 22 2 0 0 0 0 0 0 0 0 0 0 0 1 2 3 1 2 6 7 1 2 1 0 0 0 1 3 2 3 6 2 0 0 0 0 2 3 2 
27 27 27 27 29 25 29 24 24 24 24 24 24 24 24 24 24 24 24 24 24 24 24 24 24 24 24 24 24 24 24 24 24 24 24 24 24 24 24 24 24 24 24 24 24 24 24 24 24 24 24 24 24 24 24 24 24 24 24 24 24 24 24 24 24 24 24 24 24 24 24 24 24 24 24 24 24 24 24 24 
27 27 27 27 26 27 27 27 27 27 27 27 27 27 27 26 23 27 27 27 27 27 27 27 26 25 21 2 2 6 2 0 1 0 1 2 1 1 0 0 1 1 0 0 0 0 0 1 2 0 1 0 0 0 0 1 0 1 2 0 1 51 17 0 0 1 0 0 0 27 27 27 27 27 27 22 22 21 27 27 
27 27 27 25 27 27 27 27 27 27 27 27 27 27 26 20 27 27 27 27 27 27 26 26 24 18 2 2 1 3 1 0 1 2 2 1 1 0 0 0 2 1 0 0 0 0 0 1 1 0 0 0 0 0 0 0 0 3 8 1 1 1 1 0 0 0 0 0 0 27 27 27 27 239 23 92 82 68 82 86 
56 27 23 27 82 41 78 27 79 48 27 78 26 26 27 27 84 28 80 35 82 27 24 20 0 1 2 2 1 1 0 0 2 3 2 1 0 0 0 0 3 2 0 1 1 0 1 1 0 0 0 0 0 0 0 0 0 5 14 2 0 231 2 55 0 50 51 107 50 27 27 27 27 27 23 30 255 94 60 178 
107 36 27 27 65 27 27 27 27 48 26 33 20 27 27 27 84 48 27 51 64 22 18 1 1 1 1 1 1 0 0 0 2 3 2 1 0 0 0 0 2 2 0 1 1 0 1 1 0 0 1 1 1 0 0 0 0 4 12 2 0 51 51 51 255 255 51 225 75 27 27 27 26 255 100 30 21 27 26 20 
27 27 27 27 27 27 27 27 27 26 22 27 27 27 27 26 84 26 69 32 69 0 1 2 1 2 1 1 1 1 0 0 1 3 1 1 1 1 1 0 1 1 1 0 2 1 0 0 0 1 2 2 2 1 0 0 0 2 7 1 1 51 51 0 3 1 0 51 0 27 27 27 27 23 22 21 25 21 27 27 
27 27 27 27 27 27 26 24 26 24 27 26 26 27 26 20 19 18 1 2 1 0 1 2 2 2 1 0 1 1 0 0 1 2 0 1 1 1 1 0 1 1 1 0 2 1 0 0 0 1 3 3 2 1 0 1 0 1 2 0 1 1 1 0 3 1 0 1 0 27 27 27 26 44 79 26 78 38 70 84 
84 76 84 84 81 22 83 83 52 32 74 1 1 84 74 82 28 1 1 1 0 102 89 101 1 1 92 0 1 1 0 1 1 1 1 0 1 1 0 0 1 1 0 1 1 0 0 0 0 3 2 2 2 1 1 0 0 0 1 0 1 51 51 47 32 1 0 1 25 27 26 24 23 61 22 0 0 32 10 84 
84 1 27 84 11 41 8 7 52 36 0 0 0 1 48 11 84 0 1 1 0 102 0 1 0 102 1 0 1 1 0 1 2 0 1 0 1 1 0 0 1 1 0 1 0 0 0 1 0 4 2 1 1 2 1 0 0 0 0 0 1 51 51 44 32 0 0 1 49 27 24 21 22 48 60 0 0 0 0 1 
1 0 0 42 43 0 2 3 1 0 0 0 0 34 71 77 57 17 1 1 0 51 51 0 0 0 0 0 1 1 1 1 1 51 102 51 0 1 0 0 0 1 1 1 0 0 0 1 1 2 1 0 0 1 1 0 0 0 0 0 0 34 51 17 1 0 0 0 1 2 2 2 2 2 2 2 2 2 2 2 
2 2 2 2 2 2 2 2 2 2 2 2 2 2 2 2 2 2 2 2 2 2 2 2 2 2 2 2 2 2 2 2 2 2 2 2 2 2 2 2 2 2 2 2 2 2 2 2 2 2 2 2 2 2 2 2 2 2 2 2 2 2 2 2 2 2 2 2 2 2 2 2 2 2 2 2 2 2 2 2 
2 2 2 2 2 2 2 2 2 2 2 2 2 2 2 2 2 2 2 2 2 2 2 2 2 2 2 2 2 2 2 2 2 2 2 2 2 2 2 2 2 2 2 2 2 2 2 2 2 2 2 2 2 2 2 2 2 2 2 2 2 2 2 2 2 2 2 2 2 2 2 2 2 2 2 2 2 2 2 2 
2 2 2 2 2 2 2 2 2 2 2 2 2 2 2 2 2 2 2 2 2 2 2 2 2 2 2 2 2 2 2 2 2 2 2 2 2 2 2 2 2 2 2 2 2 2 2 2 2 2 2 2 2 2 2 2 2 2 2 2 2 2 2 2 2 2 2 2 2 2 2 2 2 2 2 2 2 2 2 2 
2 2 2 2 2 2 2 2 2 2 2 2 2 2 2 2 2 2 2 2 2 2 2 2 2 2 2 2 2 2 2 2 2 2 2 2 2 2 2 2 2 2 2 2 2 2 2 2 2 2 2 2 2 2 2 2 2 2 2 2 2 2 2 2 2 2 2 2 2 2 2 2 2 2 2 2 2 2 2 2 
2 2 2 2 2 2 2 2 2 2 2 2 2 2 2 2 2 2 2 2 2 2 2 2 2 2 2 2 2 2 2 2 2 2 2 2 2 2 2 2 2 2 2 2 2 2 2 2 2 2 2 2 2 2 2 2 2 2 2 2 2 2 2 2 2 2 2 2 2 2 2 2 2 2 2 2 2 2 2 2 
2 2 2 2 2 2 2 2 2 2 2 2 2 2 2 2 2 2 2 2 2 2 2 2 2 2 2 2 2 2 2 2 2 2 2 2 2 2 2 2 2 2 2 2 2 2 2 2 2 2 2 2 2 2 2 2 2 2 2 2 2 2 2 2 2 2 2 2 2 2 2 2 2 2 2 2 2 2 2 2 
2 2 2 2 2 2 2 2 2 2 2 2 2 2 2 2 2 2 2 2 2 2 2 2 2 2 2 2 2 2 2 2 2 2 2 2 2 2 2 2 2 2 2 2 2 2 2 2 2 2 2 2 2 2 2 2 2 2 2 2 2 2 2 2 2 2 2 2 2 2 2 2 2 2 2 2 2 2 2 2 
2 2 2 2 2 2 2 2 2 2 2 2 2 2 2 2 2 2 2 2 2 2 2 2 2 2 2 2 2 2 2 2 2 2 2 2 2 2 2 2 2 2 2 2 2 2 2 2 2 2 2 2 2 2 2 2 2 2 2 2 2 2 2 2 2 2 2 2 2 2 2 2 2 2 2 2 2 2 2 2 
2 2 2 2 2 2 2 2 2 2 2 2 2 2 2 2 2 2 2 2 2 2 2 2 2 2 2 2 2 2 2 2 2 2 2 2 2 2 2 2 2 2 2 2 2 2 2 2 2 2 2 2 2 2 2 2 2 2 2 2 2 2 2 2 2 2 2 2 2 2 2 2 2 2 2 2 2 2 2 2 
2 2 2 2 2 2 2 2 2 2 2 2 2 2 2 2 2 2 2 2 2 2 2 2 2 2 2 2 2 2 2 2 2 2 2 2 2 2 2 2 2 2 2 2 2 2 2 2 2 2 2 2 2 2 2 2 2 2 2 2 2 2 2 2 2 2 2 2 2 2 2 2 2 2 2 2 2 2 2 2 
2 2 2 2 2 2 2 2 2 2 2 2 2 2 2 2 2 2 2 2 2 2 2 2 2 2 2 2 2 2 2 2 2 2 2 2 2 2 2 2 2 2 2 2 2 2 2 2 2 2 2 2 2 2 2 2 2 2 2 2 2 2 2 2 2 2 2 2 2 2 2 2 2 2 2 2 2 2 2 2 
2 2 2 2 2 2 2 2 2 2 2 2 2 2 2 2 2 2 2 2 2 2 2 2 2 2 2 2 2 2 2 2 2 2 2 2 2 2 2 2 2 2 2 2 2 2 2 2 2 2 2 2 2 2 2 2 2 2 2 2 2 2 2 2 2 2 2 2 2 2 2 2 2 2 2 2 2 2 2 2 
2 2 2 2 2 2 2 2 2 2 2 2 2 2 2 2 2 2 2 2 2 2 2 2 2 2 2 2 2 2 2 2 2 2 2 2 2 2 2 2 2 2 2 2 2 2 2 2 2 2 2 2 2 2 2 2 2 2 2 2 2 2 2 2 2 2 2 2 2 2 2 2 2 2 2 2 2 2 2 2 
2 2 2 2 2 2 2 2 2 2 2 2 2 2 2 2 2 2 2 2 2 2 2 2 2 2 2 2 2 2 2 2 2 2 2 2 2 2 2 2 2 2 2 2 2 2 2 2 2 2 2 2 2 2 2 2 2 2 2 2 2 2 2 2 2 2 2 2 2 2 2 2 2 2 2 2 2 2 2 2 
2 2 2 2 2 2 2 2 2 2 2 2 2 2 2 2 2 2 2 2 2 2 2 2 2 2 2 2 2 2 2 2 2 2 2 2 2 2 2 2 2 2 2 2 2 2 2 2 2 2 2 2 2 2 2 2 2 2 2 2 2 2 2 2 2 2 2 2 2 2 2 2 2 2 2 2 2 2 2 2 
2 2 2 2 2 2 2 2 2 2 2 2 2 2 2 2 2 2 2 2 2 2 2 2 2 2 2 2 2 2 2 2 2 2 2 2 2 2 2 2 2 2 2 2 2 2 2 2 2 2 2 2 2 2 2 2 2 2 2 2 2 2 2 2 2 2 2 2 2 2 2 2 2 2 2 2 2 2 2 2 
2 2 2 2 2 2 2 2 2 2 2 2 2 2 2 2 2 2 2 2 2 2 2 2 2 2 2 2 2 2 2 2 2 2 2 2 2 2 2 2 2 2 2 2 2 2 2 2 2 2 2 2 2 2 2 2 2 2 2 2 2 2 2 2 2 2 2 2 2 2 2 2 2 2 2 2 2 2 2 2 
2 2 2 2 2 2 2 2 2 2 2 2 2 2 2 2 2 2 2 2 2 2 2 2 2 2 2 2 2 2 2 2 2 2 2 2 2 2 2 2 2 2 2 2 2 2 2 2 2 2 2 2 2 2 2 2 2 2 2 2 2 2 2 2 2 2 2 2 2 2 2 2 2 2 2 2 2 2 2 2 
2 2 2 2 2 2 2 2 2 2 2 2 2 2 2 2 2 2 2 2 2 2 2 2 2 2 2 2 2 2 2 2 2 2 2 2 2 2 2 2 2 2 2 2 2 2 2 2 2 2 2 2 2 2 2 2 2 2 2 2 2 2 2 2 2 2 2 2 2 2 2 2 2 2 2 2 2 2 2 2 
2 2 2 2 2 2 2 2 2 2 2 2 2 2 2 2 2 2 2 2 2 2 2 2 2 2 2 2 2 2 2 2 2 2 2 2 2 2 2 2 2 2 2 2 2 2 2 2 2 2 2 2 2 2 2 2 2 2 2 2 2 2 2 2 2 2 2 2 2 2 2 2 2 2 2 2 2 2 2 2 
2 2 2 2 2 2 2 2 2 2 2 2 2 2 2 2 2 2 2 2 2 2 2 2 2 2 2 2 2 2 2 2 2 2 2 2 2 2 2 2 2 2 2 2 2 2 2 2 2 2 2 2 2 2 2 2 2 2 2 2 2 2 2 2 2 2 2 2 2 2 2 2 2 2 2 2 2 2 2 2 
2 2 2 2 2 2 2 2 2 2 2 2 2 2 2 2 2 2 2 2 2 2 2 2 2 2 2 2 2 2 2 2 2 2 2 2 2 2 2 2 2 2 2 2 2 2 2 2 2 2 2 2 2 2 2 2 2 2 2 2 2 2 2 2 2 2 2 2 2 2 2 2 2 2 2 2 2 2 2 2 
