71 71 71 71 71 71 71 71 71 71 71 71 71 71 71 71 71 71 71 71 71 71 71 71 71 71 71 71 71 71 71 71 71 71 71 71 71 71 71 71 71 71 71 71 71 71 71 71 71 71 71 71 71 71 71 71 71 71 71 71 71 71 71 71 71 71 71 71 71 71 71 71 71 71 71 71 71 71 71 71 
21 21 21 21 21 21 21 21 21 21 21 21 19 15 15 14 14 14 14 13 13 13 13 13 13 13 12 12 13 13 13 13 13 13 14 14 14 15 15 15 16 16 17 17 18 18 18 19 19 19 20 20 20 21 21 21 21 21 21 21 21 21 21 21 21 21 21 21 21 21 21 21 21 21 21 21 21 21 21 21 
21 21 21 21 21 21 21 21 21 21 20 16 16 16 15 15 15 15 14 14 14 14 13 13 13 13 13 13 13 13 13 13 14 14 14 15 15 15 16 16 16 17 17 18 18 19 19 19 20 20 20 20 21 21 21 21 21 21 21 21 21 21 21 21 21 21 21 21 21 21 21 21 21 21 21 21 21 21 21 21 
21 21 21 21 21 20 20 20 20 17 17 17 17 17 16 16 16 16 15 15 15 14 14 14 13 13 13 13 13 13 13 14 14 14 15 15 15 16 16 17 17 18 18 18 19 19 19 20 20 20 20 21 21 21 21 21 21 22 22 22 21 21 21 21 21 21 21 21 21 21 21 21 21 21 21 21 21 21 21 21 
20 20 20 20 20 19 18 18 18 18 17 17 17 17 17 17 17 16 16 15 15 14 14 14 14 13 13 13 14 14 14 14 15 15 15 16 16 17 17 17 18 18 19 19 19 20 20 20 20 21 21 21 21 21 21 22 22 22 22 22 22 21 21 21 21 21 21 21 21 21 21 21 21 21 21 21 21 21 21 20 
19 19 19 19 19 19 18 18 18 18 17 17 17 16 16 16 15 15 15 14 14 14 14 14 14 14 14 14 14 15 15 15 16 16 17 17 18 18 19 19 20 20 20 20 21 21 21 21 21 21 21 22 22 22 22 22 22 22 22 22 22 21 21 21 21 21 21 21 21 21 20 20 20 19 19 19 19 18 18 18 
18 18 18 18 18 18 18 18 18 18 17 17 16 16 15 14 14 13 13 13 13 13 13 13 14 14 14 14 15 15 16 16 17 17 18 18 19 19 20 20 21 21 21 21 21 21 21 21 21 22 22 22 22 22 22 22 22 22 21 21 21 21 20 20 20 19 19 18 18 18 18 17 17 17 16 16 16 16 16 16 
18 18 18 18 18 18 18 18 18 17 16 15 14 14 13 12 12 12 12 13 13 13 13 14 14 15 16 16 17 17 18 18 19 19 19 20 20 21 21 21 21 21 21 21 22 22 22 22 21 21 21 21 21 20 20 19 19 19 18 18 17 17 17 16 16 16 15 15 15 15 15 18 18 17 16 16 16 15 15 15 
17 17 17 17 17 17 16 16 15 14 13 13 12 12 12 11 12 12 13 14 14 15 16 16 17 17 18 18 19 19 20 20 20 21 21 21 21 21 21 21 21 21 21 21 20 20 20 19 19 19 18 18 17 17 16 16 16 15 15 14 14 14 14 14 13 19 18 18 18 18 18 17 17 17 17 16 16 15 15 15 
16 16 15 15 14 14 14 13 13 12 12 12 12 12 12 12 13 13 14 15 16 16 17 18 19 20 20 20 21 21 21 22 22 22 22 22 22 22 21 21 21 20 20 19 19 18 18 17 17 16 16 15 15 14 14 13 13 13 13 14 14 59 59 59 59 60 60 60 60 19 19 19 18 18 17 17 17 17 17 15 
12 11 11 10 10 10 11 11 11 11 12 12 13 13 14 14 15 16 17 18 19 20 21 22 22 22 23 23 23 23 23 23 23 23 22 22 21 21 20 19 19 18 18 17 17 17 17 17 16 16 16 16 16 16 16 17 59 59 59 59 60 60 60 60 60 60 60 60 60 60 60 60 19 19 18 18 17 16 15 15 
16 16 16 16 14 14 14 14 14 15 15 16 16 16 16 17 19 20 21 22 23 24 25 25 25 25 24 24 24 24 23 23 22 22 21 21 20 20 20 20 19 19 19 19 19 19 19 19 19 19 19 59 59 59 59 59 60 60 60 60 60 60 60 60 60 60 60 60 60 60 60 61 61 61 17 19 19 19 19 19 
18 18 19 19 19 19 19 19 19 19 19 19 19 20 20 20 20 21 22 23 24 24 25 25 25 25 24 24 24 24 23 23 23 23 22 22 22 22 22 21 21 22 22 22 22 22 22 18 59 59 59 59 59 59 60 60 60 60 60 60 60 60 60 60 60 60 60 60 60 60 61 62 58 41 54 54 54 54 57 20 
20 21 21 22 23 23 23 23 23 23 23 23 23 23 23 23 23 23 23 24 24 25 25 26 26 25 25 25 25 25 25 25 24 24 24 24 24 24 24 24 24 24 24 24 20 59 59 59 59 59 59 59 59 60 60 60 60 60 60 60 60 60 60 60 60 60 60 60 62 47 54 54 54 54 54 54 54 54 54 54 
54 54 57 17 19 22 22 22 23 23 23 23 23 23 24 24 24 24 24 24 24 24 24 24 24 24 24 24 24 24 24 24 24 25 25 25 25 25 24 24 24 24 24 24 20 59 59 59 59 59 59 59 59 59 59 60 60 60 60 60 60 60 60 60 60 60 60 60 62 34 54 54 54 54 54 54 54 54 54 54 
54 54 54 54 54 54 54 54 54 54 59 24 24 24 24 24 24 24 24 24 24 24 24 24 24 24 24 23 23 23 23 23 23 22 22 22 22 22 22 22 22 22 23 23 19 59 59 59 59 59 59 59 59 59 59 59 60 60 60 60 60 60 60 60 60 60 60 60 51 54 54 54 54 54 54 54 54 54 54 54 
54 54 54 54 54 54 54 54 54 54 54 54 54 54 54 54 54 59 24 24 24 25 25 25 25 25 25 25 24 24 24 23 23 23 23 22 22 22 22 22 22 22 22 22 18 59 59 59 59 59 59 59 59 59 59 59 59 59 60 60 60 60 60 60 60 60 60 51 54 54 54 54 54 54 54 54 54 54 54 54 
54 54 54 54 54 54 54 54 54 54 54 54 54 54 54 54 54 54 56 53 51 51 51 51 55 20 21 22 23 25 25 25 25 24 24 24 24 24 23 23 23 23 23 22 18 59 59 59 59 59 59 59 59 59 59 59 59 59 59 59 60 60 60 60 60 60 60 39 54 54 54 54 54 54 54 54 54 54 54 54 
54 54 54 54 54 54 54 54 54 54 54 54 54 54 54 54 54 54 55 54 51 51 51 51 51 51 51 51 51 51 51 51 54 18 19 19 19 20 21 21 20 21 22 22 18 59 59 59 59 59 59 59 59 59 59 59 59 59 59 59 59 59 60 60 60 59 53 54 54 54 54 54 54 54 54 54 54 54 54 54 
54 54 54 54 54 54 54 54 54 54 54 54 54 54 54 54 54 54 40 51 51 51 51 51 51 51 51 51 51 51 51 51 51 51 53 36 12 14 16 17 17 16 15 14 58 59 59 59 59 59 59 59 59 59 59 59 59 59 59 59 59 59 60 60 52 54 54 54 54 54 54 54 54 54 54 54 54 54 54 54 
54 54 54 54 54 54 54 54 54 54 54 54 54 54 54 54 54 51 51 51 51 51 51 51 51 51 51 51 51 51 51 51 51 54 34 17 16 15 15 15 15 15 13 58 58 59 59 59 59 59 59 59 59 59 59 59 59 59 59 59 59 59 60 38 54 54 54 54 54 54 54 54 54 54 54 54 54 54 54 54 
54 54 54 54 54 54 54 54 54 54 54 54 54 54 54 54 54 52 52 51 51 51 51 51 51 51 51 51 51 51 51 51 51 53 34 22 21 21 20 19 19 19 15 58 58 59 59 59 59 59 59 59 59 59 59 59 59 59 59 59 59 58 51 54 54 54 54 54 54 54 54 54 54 54 54 54 54 54 54 54 
54 54 54 54 54 54 54 54 54 54 54 54 54 54 54 52 51 52 52 52 52 51 51 51 51 51 51 51 51 51 51 51 51 32 19 19 19 19 19 18 17 16 39 58 58 58 59 59 59 59 59 59 59 59 59 59 59 59 59 59 55 51 54 54 54 54 54 54 54 54 54 54 54 54 54 54 54 54 54 54 
54 54 54 54 54 54 54 54 54 54 54 54 54 54 45 43 52 52 52 52 52 52 51 51 51 51 51 51 51 51 51 51 29 13 13 13 13 13 13 13 13 13 13 13 13 13 13 13 13 13 13 13 13 13 13 13 13 13 13 13 13 13 13 13 13 13 13 13 13 13 13 13 13 13 13 13 13 13 13 13 
54 54 56 52 52 52 52 52 52 52 52 52 52 52 52 52 52 51 51 51 51 43 15 16 16 17 17 17 18 17 15 58 58 58 58 58 58 58 58 58 58 59 59 59 59 59 54 39 54 54 54 54 54 54 54 54 54 54 54 54 54 54 54 54 54 54 54 54 54 54 54 54 54 54 54 54 54 54 54 54 
54 56 42 52 52 52 52 52 52 52 52 52 52 52 52 52 53 31 51 52 37 16 16 16 16 17 17 17 18 16 58 58 58 58 58 58 58 58 58 58 58 58 59 58 58 42 54 54 54 54 54 54 54 54 54 54 54 54 54 54 54 54 54 54 54 54 54 54 54 54 54 54 54 54 54 54 54 54 54 54 
50 52 52 52 52 52 52 52 52 52 52 52 52 52 52 52 51 51 51 33 16 16 16 17 17 17 17 17 17 58 58 58 58 58 58 58 58 58 58 58 58 58 54 45 54 54 54 54 54 54 54 54 54 54 54 54 54 54 54 54 54 54 54 54 54 54 54 54 54 54 54 54 54 54 54 54 54 54 54 54 
52 52 52 52 52 52 52 52 52 52 52 52 53 50 51 51 53 19 19 18 17 17 17 18 20 20 17 58 58 58 58 58 58 58 58 58 58 58 58 54 37 54 54 54 54 54 54 54 54 54 54 54 54 54 54 54 54 54 54 54 54 54 54 54 54 54 54 54 54 54 54 54 54 54 54 54 54 55 30 52 
52 52 52 52 52 52 52 52 52 52 52 51 49 51 52 30 17 18 18 18 19 19 18 18 18 40 58 58 58 58 58 58 58 58 58 58 55 46 47 54 54 54 54 54 54 54 54 54 54 54 54 54 54 54 54 54 54 54 54 54 54 54 54 54 54 54 54 54 54 54 54 54 54 54 54 51 49 52 52 52 
52 52 52 52 52 52 52 52 52 52 31 51 51 51 18 18 18 18 20 18 18 18 18 19 58 58 58 58 58 58 58 58 58 56 50 35 54 54 54 54 54 54 54 54 54 54 54 54 54 54 54 54 54 54 54 54 54 54 54 54 54 54 54 54 54 54 54 54 54 54 54 54 54 54 34 52 52 52 52 52 
52 52 52 52 52 52 52 52 52 52 51 51 53 49 18 19 19 19 19 18 19 19 19 16 58 58 58 58 58 58 58 58 55 52 54 54 54 54 54 54 54 54 54 54 54 54 54 54 54 54 54 54 54 54 54 54 54 54 54 54 54 54 54 54 54 54 54 54 54 54 54 54 54 53 52 52 52 52 52 52 
52 52 52 52 52 52 52 52 51 51 51 30 1 17 18 19 19 19 18 18 18 18 58 58 58 58 58 58 57 52 54 54 54 54 54 54 54 54 54 54 54 54 54 54 54 54 54 54 54 54 54 54 54 54 54 54 54 54 54 54 54 54 54 54 54 54 54 54 54 54 54 47 52 52 52 52 52 52 52 52 
52 52 52 52 52 52 40 51 51 51 0 1 0 0 0 1 0 19 18 19 19 58 58 58 58 57 54 53 54 54 54 54 54 54 54 54 54 54 54 54 54 54 54 54 54 54 54 54 54 54 54 54 54 54 54 54 54 54 54 54 54 54 54 54 54 54 54 54 54 50 52 52 52 52 52 52 52 52 52 52 
52 52 52 52 51 51 51 51 51 0 0 0 0 0 0 0 0 0 0 0 58 57 58 55 47 54 54 54 54 54 54 54 54 54 54 54 54 54 54 54 54 54 54 54 54 54 54 54 54 54 54 54 54 54 54 54 54 54 54 54 54 54 54 54 54 54 54 55 38 52 52 52 52 52 52 52 52 52 52 52 
52 52 52 53 51 51 51 51 39 0 0 0 0 0 0 0 0 0 0 0 57 54 47 42 54 54 54 54 54 54 54 54 54 54 54 54 54 54 54 54 54 54 54 54 54 54 54 54 54 54 54 54 54 54 54 54 54 54 54 54 54 54 54 54 54 54 54 52 52 52 52 52 52 52 52 52 52 52 52 52 
52 52 52 54 48 51 51 51 0 0 0 0 0 0 0 1 0 0 0 0 46 54 54 54 54 54 54 54 54 54 54 54 54 54 54 54 54 54 54 54 54 54 54 54 54 54 54 54 54 54 54 54 54 54 54 54 54 54 54 54 54 54 54 54 54 54 54 44 52 52 52 52 52 52 52 52 52 52 52 52 
52 52 52 52 30 51 52 50 0 0 0 0 0 0 1 2 0 0 1 0 54 54 54 54 54 54 54 54 54 54 54 54 54 54 54 54 54 54 54 54 54 54 54 54 54 54 54 54 54 54 54 54 54 54 54 54 54 54 54 54 54 54 54 54 54 54 45 52 52 52 52 52 52 52 52 52 52 52 52 52 
52 52 52 44 51 51 53 47 0 0 0 0 0 1 1 2 0 0 0 0 54 54 54 54 54 54 54 54 54 54 54 54 54 54 54 54 54 54 54 54 54 54 54 54 54 54 54 54 54 54 54 54 54 54 54 54 54 54 54 54 54 54 54 54 54 52 30 52 52 52 52 52 52 52 52 52 52 52 52 52 
52 52 53 34 51 52 51 30 0 0 0 0 0 1 1 0 0 0 0 0 54 54 54 54 54 54 54 54 54 54 54 54 54 54 54 54 54 54 54 54 54 54 54 54 54 54 54 54 54 54 54 54 54 54 54 54 54 54 54 54 54 54 54 54 54 45 52 52 52 52 52 52 52 52 52 52 52 52 52 52 
52 52 50 51 51 52 45 0 0 0 0 0 0 1 1 0 0 0 0 0 54 54 54 54 54 54 54 54 54 54 54 54 54 54 54 54 54 54 54 54 54 54 54 54 54 54 54 54 54 54 54 54 54 54 54 54 54 54 54 54 54 54 54 54 50 52 52 52 52 52 52 52 52 52 52 52 52 52 52 52 
52 52 38 51 51 52 36 0 0 0 0 0 0 0 0 0 0 0 0 0 54 54 54 54 54 54 54 54 54 54 54 54 54 54 54 54 54 54 54 54 54 54 54 54 54 54 54 54 54 54 54 54 54 54 54 54 54 54 54 54 54 54 54 52 34 52 52 52 52 52 52 52 52 52 52 52 52 52 52 52 
52 51 51 51 51 49 0 0 0 0 1 0 0 0 0 0 0 0 1 0 54 54 54 54 54 54 54 54 54 54 54 54 54 54 54 54 54 54 54 54 54 54 54 54 54 54 54 54 54 54 54 54 54 54 54 54 54 54 54 54 54 54 54 40 52 52 52 52 52 52 52 52 52 52 52 52 52 52 52 52 
52 47 51 51 51 38 0 0 0 0 0 0 0 0 0 0 0 1 1 0 54 54 54 54 54 54 54 54 54 54 54 54 54 54 54 54 54 54 54 54 54 54 54 54 54 54 54 54 54 54 54 54 54 54 54 54 54 54 54 54 54 54 49 52 52 52 52 52 52 52 52 52 52 52 52 52 52 52 52 52 
52 32 51 51 51 0 0 0 0 0 0 0 1 0 0 0 0 1 0 0 54 54 54 54 54 54 54 54 54 54 54 54 54 54 54 54 54 54 54 54 54 54 54 54 54 54 54 54 54 54 54 54 54 54 54 54 54 54 54 54 54 49 52 52 52 52 52 52 52 52 52 52 52 52 52 52 52 52 52 52 
42 51 51 51 50 2 1 0 0 0 0 0 1 0 0 0 1 1 0 0 54 54 54 54 54 54 54 54 54 54 54 54 54 54 54 54 54 54 54 54 54 54 54 54 54 54 54 54 54 54 54 54 54 54 54 54 54 54 54 54 48 52 52 52 52 52 52 52 52 52 52 52 52 52 52 52 52 52 52 52 
27 51 51 51 34 2 5 2 0 0 0 0 1 0 0 0 1 1 0 0 54 54 54 54 54 54 54 54 54 54 54 54 54 54 54 54 54 54 54 54 54 54 54 54 54 54 54 54 54 54 54 54 54 54 54 54 54 54 54 52 52 52 52 52 52 52 52 52 52 52 52 52 52 52 52 52 52 52 52 46 
51 51 52 44 2 4 10 5 0 0 0 1 0 0 0 1 1 0 0 0 54 54 54 54 54 54 54 54 54 54 54 54 54 54 54 54 54 54 54 54 54 54 54 54 54 54 54 54 54 54 54 54 54 54 54 54 54 54 54 37 52 52 52 52 52 52 52 52 52 52 52 52 52 52 52 52 52 52 50 51 
51 51 52 30 1 3 8 4 0 0 1 1 0 0 0 1 1 0 0 0 54 54 54 54 54 54 54 54 54 54 54 54 54 54 54 54 54 54 54 54 54 54 54 54 54 54 54 54 54 54 54 54 54 54 54 54 53 50 36 52 52 52 52 52 52 52 52 52 52 52 52 52 52 52 52 52 52 50 36 51 
51 51 48 0 0 1 3 2 0 1 2 2 4 5 0 0 0 0 0 0 54 54 54 54 54 54 54 54 54 54 54 54 54 54 54 54 54 54 54 54 54 54 54 54 54 54 54 54 54 54 54 54 54 54 54 53 49 34 52 52 52 52 52 52 52 52 52 52 52 52 52 52 52 52 52 52 52 45 51 51 
51 49 0 0 0 0 0 0 1 1 3 9 14 1 0 0 0 0 0 0 54 54 54 54 54 54 54 54 54 54 54 54 54 54 54 54 54 54 54 54 54 54 54 54 54 54 54 54 54 54 54 54 54 54 53 50 52 52 52 52 52 52 52 52 52 52 52 52 52 52 52 52 52 52 52 52 51 51 51 51 
51 38 0 0 0 0 0 1 1 2 4 16 45 32 0 0 1 1 0 0 54 54 54 54 54 54 54 54 54 54 54 54 54 54 54 54 54 54 54 54 54 54 54 54 54 54 54 54 54 54 54 54 54 52 49 52 52 52 52 52 52 52 52 52 52 52 52 52 52 52 52 52 52 52 52 52 44 51 51 51 
47 2 1 0 0 0 1 3 2 3 6 2 0 0 0 0 2 3 2 0 54 54 54 54 54 54 54 54 54 54 54 54 54 54 54 54 54 54 54 54 54 54 54 54 54 54 54 54 54 54 54 53 51 42 52 52 52 52 52 52 52 52 52 52 52 52 52 52 52 52 52 52 52 52 51 44 51 51 51 51 
33 2 1 0 0 0 1 2 1 2 5 18 32 16 33 2 8 14 15 0 54 54 54 54 54 54 54 54 54 54 54 54 54 54 54 54 54 54 54 54 54 54 54 54 54 54 54 54 54 54 51 48 52 52 52 52 52 52 52 52 52 52 52 52 52 52 52 52 52 52 52 52 52 52 48 51 51 51 51 45 
1 0 0 0 0 1 1 0 0 2 1 0 0 17 51 36 20 46 32 50 54 54 54 54 54 54 54 54 54 54 54 54 54 54 54 54 54 54 54 54 54 54 54 54 54 54 54 53 48 43 52 52 52 52 52 52 52 52 52 52 52 52 52 52 52 52 52 52 52 52 52 52 51 30 51 51 51 46 1 0 
0 0 0 0 0 0 0 1 1 0 17 39 11 0 0 0 0 0 0 1 31 46 54 54 54 54 54 54 54 54 54 54 54 54 54 54 54 54 54 54 54 54 54 54 53 53 48 39 52 52 52 52 52 52 52 52 52 52 52 52 52 52 52 52 52 52 52 52 52 52 52 51 39 51 51 51 49 29 0 0 
0 0 0 0 0 0 1 4 5 1 1 1 0 0 0 0 0 0 1 2 1 0 107 161 58 88 87 78 84 85 69 54 54 54 83 61 81 54 81 65 54 81 53 49 50 52 81 54 82 52 52 52 52 52 52 52 52 52 52 52 52 52 52 52 52 52 52 52 52 52 50 40 51 51 51 51 35 0 0 0 
0 0 0 0 0 0 1 8 10 1 77 154 19 36 16 50 69 88 34 2 0 0 3 3 36 131 175 101 117 142 96 59 53 54 74 54 53 54 52 64 50 48 52 52 52 52 60 58 65 52 52 52 52 52 52 52 52 52 52 52 52 52 52 52 52 52 52 52 52 50 38 51 51 51 51 43 1 0 0 0 
1 1 0 0 0 0 1 6 8 1 17 51 51 119 255 187 109 175 50 1 0 0 85 198 57 11 51 52 52 52 52 46 49 43 44 53 52 52 52 52 52 52 52 52 52 52 73 54 74 52 52 52 52 52 52 52 52 52 52 52 52 52 52 52 52 52 52 52 50 39 51 51 51 50 43 0 0 0 0 1 
2 2 1 0 0 0 0 3 5 1 17 51 34 1 2 0 17 34 0 0 0 0 1 2 0 0 0 48 52 52 52 52 52 52 52 52 52 52 52 52 52 52 52 52 52 52 52 52 52 52 52 52 52 52 52 52 52 52 52 52 52 52 52 52 52 52 52 50 42 51 51 51 50 42 1 0 0 0 0 1 
3 2 1 0 0 0 0 1 1 0 1 1 0 1 2 0 0 0 0 0 0 0 1 30 77 0 76 18 74 84 84 80 84 84 82 53 84 84 72 64 80 52 52 76 75 83 63 52 52 52 52 102 96 102 52 52 97 52 52 52 52 52 52 52 52 52 50 40 51 51 51 50 42 1 0 0 0 0 1 2 
2 2 1 1 0 0 0 0 0 0 17 51 49 42 21 0 0 9 16 0 0 0 1 54 0 0 0 32 10 84 84 52 62 84 56 68 53 53 72 66 52 52 52 82 83 52 60 52 52 52 52 102 52 52 52 102 52 52 52 52 52 52 52 51 51 46 51 51 51 51 50 44 0 0 0 0 0 0 1 3 
1 1 1 1 0 0 0 0 0 0 17 51 48 40 21 0 0 17 32 0 0 0 1 36 60 0 0 0 0 1 0 52 52 84 52 52 52 52 52 52 52 52 52 75 80 81 56 52 52 52 52 102 52 52 52 52 52 52 52 52 52 52 51 102 102 51 51 51 51 50 46 1 1 0 0 0 1 1 1 2 
1 0 1 2 1 0 0 0 0 0 0 51 51 1 1 0 0 1 2 2 2 2 2 2 2 2 2 2 2 2 2 2 2 2 2 2 2 2 2 2 2 2 2 2 2 2 2 2 2 2 2 2 2 2 2 2 2 2 2 2 2 2 2 2 2 2 2 2 2 2 2 2 2 2 2 2 2 2 2 2 
2 2 2 2 2 2 2 2 2 2 2 2 2 2 2 2 2 2 2 2 2 2 2 2 2 2 2 2 2 2 2 2 2 2 2 2 2 2 2 2 2 2 2 2 2 2 2 2 2 2 2 2 2 2 2 2 2 2 2 2 2 2 2 2 2 2 2 2 2 2 2 2 2 2 2 2 2 2 2 2 
2 2 2 2 2 2 2 2 2 2 2 2 2 2 2 2 2 2 2 2 2 2 2 2 2 2 2 2 2 2 2 2 2 2 2 2 2 2 2 2 2 2 2 2 2 2 2 2 2 2 2 2 2 2 2 2 2 2 2 2 2 2 2 2 2 2 2 2 2 2 2 2 2 2 2 2 2 2 2 2 
2 2 2 2 2 2 2 2 2 2 2 2 2 2 2 2 2 2 2 2 2 2 2 2 2 2 2 2 2 2 2 2 2 2 2 2 2 2 2 2 2 2 2 2 2 2 2 2 2 2 2 2 2 2 2 2 2 2 2 2 2 2 2 2 2 2 2 2 2 2 2 2 2 2 2 2 2 2 2 2 
2 2 2 2 2 2 2 2 2 2 2 2 2 2 2 2 2 2 2 2 2 2 2 2 2 2 2 2 2 2 2 2 2 2 2 2 2 2 2 2 2 2 2 2 2 2 2 2 2 2 2 2 2 2 2 2 2 2 2 2 2 2 2 2 2 2 2 2 2 2 2 2 2 2 2 2 2 2 2 2 
2 2 2 2 2 2 2 2 2 2 2 2 2 2 2 2 2 2 2 2 2 2 2 2 2 2 2 2 2 2 2 2 2 2 2 2 2 2 2 2 2 2 2 2 2 2 2 2 2 2 2 2 2 2 2 2 2 2 2 2 2 2 2 2 2 2 2 2 2 2 2 2 2 2 2 2 2 2 2 2 
2 2 2 2 2 2 2 2 2 2 2 2 2 2 2 2 2 2 2 2 2 2 2 2 2 2 2 2 2 2 2 2 2 2 2 2 2 2 2 2 2 2 2 2 2 2 2 2 2 2 2 2 2 2 2 2 2 2 2 2 2 2 2 2 2 2 2 2 2 2 2 2 2 2 2 2 2 2 2 2 
2 2 2 2 2 2 2 2 2 2 2 2 2 2 2 2 2 2 2 2 2 2 2 2 2 2 2 2 2 2 2 2 2 2 2 2 2 2 2 2 2 2 2 2 2 2 2 2 2 2 2 2 2 2 2 2 2 2 2 2 2 2 2 2 2 2 2 2 2 2 2 2 2 2 2 2 2 2 2 2 
2 2 2 2 2 2 2 2 2 2 2 2 2 2 2 2 2 2 2 2 2 2 2 2 2 2 2 2 2 2 2 2 2 2 2 2 2 2 2 2 2 2 2 2 2 2 2 2 2 2 2 2 2 2 2 2 2 2 2 2 2 2 2 2 2 2 2 2 2 2 2 2 2 2 2 2 2 2 2 2 
2 2 2 2 2 2 2 2 2 2 2 2 2 2 2 2 2 2 2 2 2 2 2 2 2 2 2 2 2 2 2 2 2 2 2 2 2 2 2 2 2 2 2 2 2 2 2 2 2 2 2 2 2 2 2 2 2 2 2 2 2 2 2 2 2 2 2 2 2 2 2 2 2 2 2 2 2 2 2 2 
2 2 2 2 2 2 2 2 2 2 2 2 2 2 2 2 2 2 2 2 2 2 2 2 2 2 2 2 2 2 2 2 2 2 2 2 2 2 2 2 2 2 2 2 2 2 2 2 2 2 2 2 2 2 2 2 2 2 2 2 2 2 2 2 2 2 2 2 2 2 2 2 2 2 2 2 2 2 2 2 
2 2 2 2 2 2 2 2 2 2 2 2 2 2 2 2 2 2 2 2 2 2 2 2 2 2 2 2 2 2 2 2 2 2 2 2 2 2 2 2 2 2 2 2 2 2 2 2 2 2 2 2 2 2 2 2 2 2 2 2 2 2 2 2 2 2 2 2 2 2 2 2 2 2 2 2 2 2 2 2 
2 2 2 2 2 2 2 2 2 2 2 2 2 2 2 2 2 2 2 2 2 2 2 2 2 2 2 2 2 2 2 2 2 2 2 2 2 2 2 2 2 2 2 2 2 2 2 2 2 2 2 2 2 2 2 2 2 2 2 2 2 2 2 2 2 2 2 2 2 2 2 2 2 2 2 2 2 2 2 2 
2 2 2 2 2 2 2 2 2 2 2 2 2 2 2 2 2 2 2 2 2 2 2 2 2 2 2 2 2 2 2 2 2 2 2 2 2 2 2 2 2 2 2 2 2 2 2 2 2 2 2 2 2 2 2 2 2 2 2 2 2 2 2 2 2 2 2 2 2 2 2 2 2 2 2 2 2 2 2 2 
2 2 2 2 2 2 2 2 2 2 2 2 2 2 2 2 2 2 2 2 2 2 2 2 2 2 2 2 2 2 2 2 2 2 2 2 2 2 2 2 2 2 2 2 2 2 2 2 2 2 2 2 2 2 2 2 2 2 2 2 2 2 2 2 2 2 2 2 2 2 2 2 2 2 2 2 2 2 2 2 
2 2 2 2 2 2 2 2 2 2 2 2 2 2 2 2 2 2 2 2 2 2 2 2 2 2 2 2 2 2 2 2 2 2 2 2 2 2 2 2 2 2 2 2 2 2 2 2 2 2 2 2 2 2 2 2 2 2 2 2 2 2 2 2 2 2 2 2 2 2 2 2 2 2 2 2 2 2 2 2 
2 2 2 2 2 2 2 2 2 2 2 2 2 2 2 2 2 2 2 2 2 2 2 2 2 2 2 2 2 2 2 2 2 2 2 2 2 2 2 2 2 2 2 2 2 2 2 2 2 2 2 2 2 2 2 2 2 2 2 2 2 2 2 2 2 2 2 2 2 2 2 2 2 2 2 2 2 2 2 2 
2 2 2 2 2 2 2 2 2 2 2 2 2 2 2 2 2 2 2 2 2 2 2 2 2 2 2 2 2 2 2 2 2 2 2 2 2 2 2 2 2 2 2 2 2 2 2 2 2 2 2 2 2 2 2 2 2 2 2 2 2 2 2 2 2 2 2 2 2 2 2 2 2 2 2 2 2 2 2 2 
