76 77 77 78 78 78 79 79 79 80 80 80 81 81 81 81 82 82 82 82 83 83 83 83 83 84 84 84 84 84 83 81 80 79 78 77 76 75 74 73 72 72 71 71 71 71 71 71 71 71 71 70 70 70 70 70 70 70 70 70 70 70 70 70 70 70 70 70 70 70 70 70 70 70 70 70 70 70 70 70 
75 76 77 78 78 78 79 79 79 80 80 80 81 81 81 81 82 82 82 82 82 83 83 83 83 83 83 84 84 84 83 82 81 79 78 77 76 75 74 73 72 71 71 71 71 71 71 71 71 71 71 70 70 70 70 70 70 70 70 70 70 70 70 70 70 70 70 70 70 70 70 70 70 70 70 70 70 70 70 70 
75 76 77 77 78 79 79 79 80 80 80 80 81 81 81 81 82 82 82 82 82 82 83 83 83 83 83 83 83 83 83 82 81 79 78 77 76 75 74 73 71 71 71 71 71 71 71 71 71 71 70 70 70 70 70 70 70 70 70 70 70 70 70 70 70 70 70 70 70 70 70 70 70 70 70 70 70 70 70 70 
73 76 76 77 78 78 79 79 80 80 80 81 81 81 81 81 82 82 82 82 82 82 82 82 82 82 82 82 82 82 82 82 81 79 78 77 76 75 74 73 71 71 71 71 71 71 71 71 71 70 70 70 70 70 70 70 69 70 70 70 70 70 70 70 70 70 70 70 70 70 70 70 70 70 70 70 70 70 70 70 
72 74 76 77 78 78 79 80 80 80 81 81 81 81 81 81 81 81 81 81 81 81 81 81 81 81 81 81 81 81 81 81 81 79 78 77 76 75 74 72 71 71 71 71 71 71 71 70 70 70 70 70 70 70 70 70 69 70 70 70 70 70 70 70 70 70 70 70 70 70 70 70 70 70 70 70 70 70 70 70 
71 72 74 77 77 78 78 79 79 80 80 80 80 80 80 80 80 80 80 80 80 80 80 80 80 80 80 80 80 80 80 80 80 79 78 77 76 75 74 72 71 71 71 71 71 70 70 70 70 70 70 70 70 70 70 69 69 69 70 70 70 70 70 70 70 70 70 70 70 70 70 70 70 70 70 70 70 70 70 70 
69 71 72 74 76 77 77 78 78 79 79 79 79 79 79 79 79 79 79 79 79 79 79 79 79 79 79 79 79 79 79 79 79 79 78 77 76 75 73 72 71 71 71 70 70 70 70 70 70 70 70 70 70 70 70 69 69 69 69 70 70 70 70 70 70 70 70 70 70 70 70 70 70 70 70 70 70 70 70 71 
67 69 70 72 73 75 76 76 77 77 78 78 78 79 79 79 79 79 79 79 79 79 79 79 79 78 78 78 78 78 78 78 78 78 78 77 76 75 73 72 71 71 70 70 70 70 70 70 70 70 70 70 70 70 69 69 69 69 69 70 70 70 70 70 70 70 70 70 70 70 70 70 70 70 70 70 70 71 71 71 
66 67 68 70 71 73 74 75 76 76 76 77 77 78 78 78 78 78 78 78 78 78 78 78 78 78 77 77 77 77 77 77 77 77 77 77 76 74 73 72 70 70 70 70 70 70 70 70 70 70 70 70 70 70 69 69 69 69 69 69 70 70 70 70 70 70 70 70 70 70 70 70 70 70 70 70 71 71 71 71 
66 67 67 68 69 71 72 74 75 75 75 76 76 76 77 77 77 77 77 77 77 77 77 77 77 77 77 76 76 76 76 76 76 76 76 76 76 74 73 71 70 70 70 70 70 70 70 70 70 70 70 70 70 69 69 69 69 69 69 69 70 70 70 70 70 70 70 70 70 70 70 70 70 70 70 71 71 71 71 71 
66 67 67 68 68 69 70 72 73 74 74 75 75 75 76 76 76 76 76 76 76 76 76 76 76 76 76 75 75 75 75 75 75 75 75 75 75 74 73 71 70 70 70 70 70 70 70 70 70 70 70 69 69 69 69 69 69 69 69 70 70 70 70 70 70 70 70 70 70 70 70 70 70 70 71 71 71 71 70 70 
67 67 68 68 68 69 69 70 71 73 74 74 74 74 75 75 75 75 75 75 75 75 75 75 75 75 75 74 74 74 74 74 74 74 74 73 73 73 72 71 69 69 69 69 69 69 69 69 69 69 70 70 70 70 70 70 70 70 70 70 70 70 70 70 70 70 70 70 70 70 70 70 70 70 70 70 70 70 70 70 
67 68 68 69 69 69 69 70 70 71 72 74 74 74 74 74 74 74 74 74 74 74 74 74 74 74 74 74 73 73 73 73 73 72 72 72 72 72 72 71 69 70 70 70 70 70 70 70 70 70 70 70 70 70 70 70 70 70 70 70 70 70 70 70 70 70 70 70 70 70 70 70 70 70 70 70 70 70 70 70 
66 67 69 70 70 70 70 71 71 71 71 72 73 73 74 74 74 73 73 73 73 73 73 73 73 73 73 73 72 72 72 72 72 72 72 71 71 71 71 71 70 70 70 70 70 70 70 70 70 70 70 70 70 70 70 70 70 70 71 71 71 71 71 71 71 71 70 70 70 70 70 70 70 70 70 70 70 70 70 69 
69 71 72 74 75 76 76 76 77 77 77 77 77 73 73 73 73 73 73 72 72 72 72 72 72 72 72 71 71 71 71 71 71 71 71 71 71 71 71 71 70 71 71 71 71 71 71 71 71 71 71 71 71 71 71 71 71 71 71 71 71 71 71 71 71 71 71 71 70 70 70 70 70 70 70 70 70 69 69 68 
69 71 72 73 75 76 77 78 78 78 77 77 77 77 78 77 77 77 77 76 76 76 76 76 76 76 76 76 76 75 75 75 75 75 75 75 75 75 75 75 75 76 76 76 76 76 76 76 76 76 76 76 76 76 76 76 76 76 76 76 76 76 76 76 76 75 71 71 70 71 70 70 70 70 70 70 69 69 68 67 
69 70 71 72 73 74 75 76 77 77 77 77 77 76 76 77 77 77 77 76 76 76 76 76 76 76 76 76 76 76 76 76 75 75 75 75 75 75 75 75 75 76 76 76 76 76 76 76 76 76 76 77 77 77 77 77 77 77 77 77 76 76 76 76 76 76 75 75 75 75 75 75 75 75 74 73 72 71 70 70 
68 69 70 71 72 73 74 75 75 76 76 76 76 76 76 76 77 76 76 76 76 76 76 76 76 76 76 76 76 76 76 76 76 76 76 76 76 76 76 76 76 76 76 76 76 77 77 77 77 77 77 77 77 77 77 78 78 78 77 77 77 77 77 76 76 76 75 75 75 75 74 74 73 73 72 71 70 69 68 67 
69 70 70 71 72 72 73 74 74 75 75 75 76 75 75 75 75 76 76 76 76 76 75 75 75 75 75 75 75 75 76 76 76 76 76 76 76 76 76 76 77 77 77 77 77 77 78 78 78 78 78 78 78 78 78 78 79 78 78 78 77 77 77 76 76 75 75 75 74 74 73 73 72 71 70 69 67 66 65 64 
70 71 72 72 73 73 73 74 74 74 75 75 75 75 75 74 74 74 75 75 75 75 75 75 75 75 75 75 75 75 75 75 76 76 76 76 76 76 76 76 76 77 77 77 77 78 78 78 78 78 78 78 78 79 79 79 80 80 79 78 78 77 76 76 75 75 75 74 73 72 71 71 70 69 67 66 65 63 61 60 
73 74 74 75 75 75 75 75 75 75 75 75 75 75 74 74 73 73 73 74 74 74 74 74 74 74 75 75 75 75 75 75 75 75 75 76 76 76 76 76 76 77 77 77 77 77 78 78 78 78 79 79 79 79 80 80 81 81 80 79 79 78 77 76 75 74 74 73 72 71 70 69 68 66 64 63 61 59 58 56 
77 77 77 78 78 79 79 79 78 78 77 77 76 75 75 75 74 74 74 74 74 74 74 74 74 75 75 75 75 75 75 75 75 75 75 75 75 75 75 75 75 76 76 76 77 77 78 78 78 78 79 79 80 80 81 81 82 82 81 80 79 78 77 76 75 74 73 72 71 69 68 66 65 63 61 59 57 55 53 52 
79 79 80 80 80 80 80 80 80 79 79 78 78 77 77 76 76 76 75 75 75 76 75 75 75 75 75 75 75 74 74 74 74 74 74 74 75 75 75 75 75 75 75 76 76 77 77 78 78 79 79 80 80 81 82 82 83 83 82 80 79 78 77 76 74 73 72 70 69 67 65 64 62 59 57 55 53 51 49 48 
78 78 78 78 79 79 79 80 80 80 80 79 79 78 78 78 78 77 77 77 77 76 77 76 76 76 76 76 75 75 75 74 74 74 74 74 74 74 74 74 74 75 75 75 75 76 77 77 78 79 80 80 81 81 82 83 83 83 81 79 78 76 75 73 71 70 68 67 65 63 62 60 57 55 53 51 50 48 46 44 
74 75 76 77 77 77 78 78 79 79 79 80 80 80 79 79 79 78 78 78 78 78 78 78 78 78 77 76 76 75 75 74 74 74 74 74 74 75 75 75 75 76 76 76 76 76 77 78 78 78 79 79 80 80 80 80 80 79 78 76 74 73 71 70 68 66 64 62 61 59 57 55 53 51 50 50 50 50 50 50 
75 76 76 77 77 78 78 77 77 77 77 77 77 77 77 77 77 77 77 78 78 78 78 78 79 79 79 80 80 80 80 81 81 81 81 81 81 80 79 79 78 78 77 76 75 74 73 71 69 67 65 63 62 59 57 55 53 51 49 49 49 49 49 49 49 49 49 49 49 49 49 49 49 49 49 49 49 49 49 49 
71 71 71 71 71 71 72 72 72 73 74 75 75 76 77 77 78 78 78 77 77 77 76 76 76 75 75 73 71 69 67 65 62 60 58 56 54 53 51 50 49 49 49 49 49 49 49 49 49 49 49 49 49 49 49 49 49 49 49 49 49 49 49 49 49 49 49 49 49 49 49 49 49 49 49 49 49 49 49 49 
59 60 60 60 61 61 62 62 61 60 59 59 57 56 56 55 54 52 49 47 44 43 43 43 43 43 43 43 43 43 43 43 43 43 43 43 43 43 43 43 43 43 43 43 43 43 43 43 43 43 43 43 43 43 43 43 43 43 43 43 43 43 43 43 43 43 43 43 43 43 43 43 43 43 43 43 43 43 43 43 
27 27 26 26 26 25 24 24 23 23 22 22 22 21 21 22 24 27 29 31 33 35 37 39 41 41 41 41 41 41 41 41 41 41 41 41 41 41 41 41 41 41 41 41 41 41 41 41 41 41 41 41 41 41 41 41 41 41 41 41 41 41 41 41 41 41 41 41 41 41 41 41 41 41 41 41 41 41 41 41 
22 24 25 27 30 34 38 38 38 38 38 38 38 38 38 38 38 38 38 38 38 38 38 38 38 38 38 38 38 38 38 38 38 38 38 38 38 38 38 38 38 38 38 38 38 38 38 38 38 38 38 38 38 38 38 38 38 38 38 38 38 38 38 38 38 38 38 38 38 38 38 38 38 38 38 38 38 38 38 38 
79 80 81 83 85 87 88 88 87 88 87 87 86 86 83 80 47 55 61 67 80 84 65 65 69 68 68 48 51 56 60 63 65 67 69 70 70 70 70 69 70 71 72 71 70 68 62 54 46 39 31 28 24 21 21 21 21 20 21 21 21 21 20 22 24 26 28 31 36 43 50 57 64 69 72 75 78 80 83 84 
85 86 86 87 88 88 88 88 87 87 87 87 84 81 78 66 49 48 51 53 58 63 69 71 71 71 71 76 84 78 66 65 65 63 62 63 63 66 69 71 72 73 72 72 73 72 67 63 60 51 42 35 30 25 21 19 19 19 20 24 29 31 34 37 40 42 45 46 46 46 46 46 46 46 46 46 46 46 46 46 
66 62 58 54 51 59 62 55 58 59 60 60 59 54 55 57 59 66 71 62 65 70 71 73 70 67 76 76 76 69 61 55 50 50 50 50 50 50 50 50 50 50 50 50 50 50 50 50 50 50 50 50 50 50 50 50 50 50 50 50 50 50 50 50 50 50 50 50 50 50 50 50 50 50 50 50 50 50 50 50 
61 63 65 62 62 64 64 64 65 66 69 64 69 68 64 61 59 58 61 68 59 51 86 108 111 110 110 110 109 109 109 108 108 108 108 107 107 107 107 106 106 57 32 35 39 42 45 45 45 45 45 45 45 45 45 45 45 45 45 45 45 45 45 45 45 45 45 45 45 45 45 45 45 45 45 45 45 45 45 45 
69 70 69 66 65 66 70 65 60 54 47 112 112 112 111 111 111 110 110 110 109 109 109 108 108 108 107 107 107 107 106 106 106 106 106 105 105 105 105 104 104 104 104 104 103 103 106 43 45 47 47 47 47 47 47 47 47 47 47 47 47 47 47 47 47 47 47 47 47 47 47 47 47 47 47 47 47 47 47 47 
113 113 113 112 112 112 111 111 111 110 110 110 109 109 109 108 108 108 107 107 107 106 106 106 105 105 105 105 105 104 104 104 104 104 103 103 103 103 102 102 102 102 102 101 101 101 101 101 100 100 100 100 99 1 0 0 0 0 0 1 1 1 1 0 0 68 66 66 62 56 63 59 59 65 66 65 77 76 76 76 
110 110 110 109 109 109 108 108 108 107 107 107 106 106 106 106 105 105 105 104 104 104 104 103 103 103 103 103 102 102 102 102 102 101 101 101 101 101 100 100 100 100 50 1 0 0 0 0 0 1 1 1 0 0 0 0 0 27 71 69 69 66 58 58 58 58 83 97 114 114 114 114 113 113 113 112 112 112 111 111 
110 110 110 109 109 109 108 108 108 108 107 107 107 106 106 106 105 105 105 104 104 104 104 103 103 103 103 102 102 102 102 102 101 101 101 101 101 100 100 100 100 1 0 0 1 1 1 1 1 0 1 1 0 0 0 0 0 67 71 70 69 69 67 63 63 63 63 63 63 63 63 63 63 63 63 63 63 63 63 63 
108 107 107 107 106 106 106 105 105 105 105 104 104 104 103 103 103 102 102 102 102 102 101 101 101 101 101 100 100 100 51 2 1 1 1 1 1 1 0 0 0 0 0 0 0 0 0 0 0 25 70 72 69 84 95 117 116 116 115 115 114 114 114 113 113 112 112 112 111 111 111 111 110 110 110 109 109 109 109 108 
108 107 107 107 107 106 106 106 105 105 105 104 104 104 103 103 103 103 102 102 102 101 101 101 101 101 100 100 100 52 3 1 0 0 0 0 1 1 0 0 0 0 0 1 0 0 0 0 0 24 69 70 100 111 117 117 116 116 115 115 114 114 114 113 113 112 112 112 111 111 111 110 110 110 109 109 109 109 108 108 
108 107 107 107 107 106 106 106 105 105 105 104 104 104 104 103 103 103 102 102 102 101 101 101 101 101 100 100 52 3 1 0 0 0 1 1 1 0 0 0 0 0 1 0 0 0 0 0 0 0 25 106 118 117 117 117 116 116 115 115 115 114 114 113 113 112 112 112 111 111 110 110 110 110 109 109 109 108 108 108 
107 107 107 107 106 106 106 106 105 105 105 105 104 104 104 103 103 103 102 102 102 102 101 101 101 100 100 52 3 0 0 0 1 2 1 1 0 0 0 0 0 0 0 0 0 0 0 0 0 0 63 118 118 117 117 117 116 116 115 115 115 114 114 113 113 113 112 112 111 111 111 110 110 109 109 109 109 108 108 108 
107 107 107 106 106 106 106 105 105 105 105 104 104 104 104 103 103 103 103 102 102 102 101 101 101 100 4 1 0 0 0 2 1 1 1 0 0 0 0 0 0 1 0 0 1 0 0 0 100 119 119 118 118 118 117 117 116 116 115 115 115 114 114 113 113 113 112 112 111 111 111 110 110 109 109 109 108 108 108 108 
107 107 107 106 106 106 105 105 105 105 105 104 104 104 104 103 103 103 103 102 102 102 101 101 100 3 0 0 0 0 1 0 0 0 0 0 0 0 0 0 0 0 0 0 0 0 12 116 120 119 119 118 118 117 117 117 116 116 115 115 115 114 114 113 113 113 112 112 111 111 111 110 110 109 109 109 108 108 108 107 
107 106 106 106 106 105 105 105 105 104 104 104 104 103 103 103 103 102 102 102 102 101 101 51 1 0 0 0 0 0 0 0 0 1 1 0 0 0 0 0 0 0 0 0 0 66 118 120 119 119 118 118 118 117 117 116 116 116 115 115 114 114 113 113 113 112 112 111 111 111 110 110 110 109 109 108 108 108 107 107 
106 106 106 106 105 105 105 105 104 104 104 104 103 103 103 103 102 102 102 102 101 101 2 1 0 0 0 0 0 0 0 1 2 1 0 0 1 0 1 0 0 1 0 0 119 120 120 119 119 119 118 118 118 117 117 116 116 116 115 115 114 114 114 113 113 112 112 112 111 111 110 110 110 109 109 108 108 108 107 107 
106 106 106 105 105 105 105 104 104 104 104 103 103 103 103 102 102 102 102 102 99 0 0 0 1 0 0 0 0 0 1 1 0 0 0 1 1 1 0 0 0 12 91 91 91 91 91 91 91 91 91 91 91 91 91 91 91 91 91 91 91 91 91 91 91 91 91 91 91 91 91 91 91 91 91 91 91 91 91 91 
104 103 103 103 103 102 102 102 102 101 0 1 1 1 1 1 0 0 0 1 1 1 0 0 1 1 1 0 0 0 0 105 122 122 122 122 122 122 122 122 122 122 122 122 122 122 122 122 122 122 122 122 122 122 122 122 122 122 122 122 122 122 122 122 122 122 122 122 122 122 122 122 122 122 122 122 122 122 122 122 
1 1 2 2 1 1 0 0 0 0 0 2 3 2 1 1 0 0 0 0 66 123 123 122 122 122 122 122 122 122 122 122 122 122 122 122 122 122 122 122 122 122 122 122 122 122 122 122 122 122 122 122 122 122 122 122 122 122 122 122 122 122 122 122 122 122 122 122 122 122 122 122 122 122 122 122 122 122 122 122 
2 9 8 2 1 0 0 0 14 95 125 124 124 123 123 122 122 122 122 122 122 122 122 122 122 122 122 122 122 122 122 122 122 122 122 122 122 122 122 122 122 122 122 122 122 122 122 122 122 122 122 122 122 122 122 122 122 122 122 122 122 122 122 122 122 122 122 122 122 122 122 122 122 122 122 122 122 122 122 122 
125 125 124 124 123 123 122 122 122 122 122 122 122 122 122 122 122 122 122 122 122 122 122 122 122 122 122 122 122 122 122 122 122 122 122 122 122 122 122 122 122 122 122 122 122 122 122 122 122 122 122 122 122 122 122 122 122 122 122 122 122 122 122 122 122 122 122 122 122 122 122 122 122 122 122 122 122 122 122 122 
121 120 120 119 119 118 118 117 117 116 116 115 115 114 114 114 113 113 112 112 111 111 110 110 109 109 109 108 108 108 108 107 107 107 106 106 106 105 105 105 105 104 84 51 67 82 56 19 0 0 0 0 0 1 1 0 0 0 1 1 0 0 0 0 1 1 0 64 121 126 126 125 125 124 124 123 123 122 122 122 
117 116 116 115 115 114 114 113 113 112 112 112 111 111 110 110 109 109 108 108 108 107 107 107 106 106 106 106 105 105 105 104 104 104 103 103 101 2 1 0 80 159 6 88 85 61 82 84 43 1 1 0 80 21 77 3 83 116 118 99 126 126 125 115 94 114 87 87 87 87 87 87 87 87 87 87 87 87 87 87 
113 112 112 111 111 110 110 109 109 109 108 108 107 107 106 106 106 105 51 51 51 255 255 51 237 75 2 1 0 1 255 86 11 0 0 0 1 1 1 1 2 0 0 2 2 0 123 129 128 128 127 126 126 84 123 94 119 89 122 122 122 122 122 122 122 122 122 122 122 122 122 122 122 122 122 122 122 122 122 122 
109 108 108 107 107 106 106 106 105 105 104 104 104 103 103 51 0 0 0 16 54 38 38 47 40 74 84 78 78 84 82 41 43 83 68 86 97 114 129 103 96 97 115 126 125 125 124 108 103 102 102 102 102 102 102 102 102 102 102 102 102 102 102 102 102 102 102 102 102 102 102 102 102 102 102 102 102 102 102 102 
63 105 104 117 36 0 0 0 1 36 60 0 0 0 0 1 0 0 0 85 0 1 3 2 11 131 130 130 118 91 103 98 100 126 126 125 115 111 123 123 123 123 123 123 123 123 123 123 123 123 123 123 123 123 123 123 123 123 123 123 123 123 123 123 123 123 123 123 123 123 123 123 123 123 123 123 123 123 123 123 
123 123 123 123 123 123 123 123 123 123 123 123 123 123 123 123 123 123 123 123 123 123 123 123 123 123 123 123 123 123 123 123 123 123 123 123 123 123 123 123 123 123 123 123 123 123 123 123 123 123 123 123 123 123 123 123 123 123 123 123 123 123 123 123 123 123 123 123 123 123 123 123 123 123 123 123 123 123 123 123 
123 123 123 123 123 123 123 123 123 123 123 123 123 123 123 123 123 123 123 123 123 123 123 123 123 123 123 123 123 123 123 123 123 123 123 123 123 123 123 123 123 123 123 123 123 123 123 123 123 123 123 123 123 123 123 123 123 123 123 123 123 123 123 123 123 123 123 123 123 123 123 123 123 123 123 123 123 123 123 123 
123 123 123 123 123 123 123 123 123 123 123 123 123 123 123 123 123 123 123 123 123 123 123 123 123 123 123 123 123 123 123 123 123 123 123 123 123 123 123 123 123 123 123 123 123 123 123 123 123 123 123 123 123 123 123 123 123 123 123 123 123 123 123 123 123 123 123 123 123 123 123 123 123 123 123 123 123 123 123 123 
123 123 123 123 123 123 123 123 123 123 123 123 123 123 123 123 123 123 123 123 123 123 123 123 123 123 123 123 123 123 123 123 123 123 123 123 123 123 123 123 123 123 123 123 123 123 123 123 123 123 123 123 123 123 123 123 123 123 123 123 123 123 123 123 123 123 123 123 123 123 123 123 123 123 123 123 123 123 123 123 
123 123 123 123 123 123 123 123 123 123 123 123 123 123 123 123 123 123 123 123 123 123 123 123 123 123 123 123 123 123 123 123 123 123 123 123 123 123 123 123 123 123 123 123 123 123 123 123 123 123 123 123 123 123 123 123 123 123 123 123 123 123 123 123 123 123 123 123 123 123 123 123 123 123 123 123 123 123 123 123 
123 123 123 123 123 123 123 123 123 123 123 123 123 123 123 123 123 123 123 123 123 123 123 123 123 123 123 123 123 123 123 123 123 123 123 123 123 123 123 123 123 123 123 123 123 123 123 123 123 123 123 123 123 123 123 123 123 123 123 123 123 123 123 123 123 123 123 123 123 123 123 123 123 123 123 123 123 123 123 123 
123 123 123 123 123 123 123 123 123 123 123 123 123 123 123 123 123 123 123 123 123 123 123 123 123 123 123 123 123 123 123 123 123 123 123 123 123 123 123 123 123 123 123 123 123 123 123 123 123 123 123 123 123 123 123 123 123 123 123 123 123 123 123 123 123 123 123 123 123 123 123 123 123 123 123 123 123 123 123 123 
123 123 123 123 123 123 123 123 123 123 123 123 123 123 123 123 123 123 123 123 123 123 123 123 123 123 123 123 123 123 123 123 123 123 123 123 123 123 123 123 123 123 123 123 123 123 123 123 123 123 123 123 123 123 123 123 123 123 123 123 123 123 123 123 123 123 123 123 123 123 123 123 123 123 123 123 123 123 123 123 
123 123 123 123 123 123 123 123 123 123 123 123 123 123 123 123 123 123 123 123 123 123 123 123 123 123 123 123 123 123 123 123 123 123 123 123 123 123 123 123 123 123 123 123 123 123 123 123 123 123 123 123 123 123 123 123 123 123 123 123 123 123 123 123 123 123 123 123 123 123 123 123 123 123 123 123 123 123 123 123 
123 123 123 123 123 123 123 123 123 123 123 123 123 123 123 123 123 123 123 123 123 123 123 123 123 123 123 123 123 123 123 123 123 123 123 123 123 123 123 123 123 123 123 123 123 123 123 123 123 123 123 123 123 123 123 123 123 123 123 123 123 123 123 123 123 123 123 123 123 123 123 123 123 123 123 123 123 123 123 123 
123 123 123 123 123 123 123 123 123 123 123 123 123 123 123 123 123 123 123 123 123 123 123 123 123 123 123 123 123 123 123 123 123 123 123 123 123 123 123 123 123 123 123 123 123 123 123 123 123 123 123 123 123 123 123 123 123 123 123 123 123 123 123 123 123 123 123 123 123 123 123 123 123 123 123 123 123 123 123 123 
123 123 123 123 123 123 123 123 123 123 123 123 123 123 123 123 123 123 123 123 123 123 123 123 123 123 123 123 123 123 123 123 123 123 123 123 123 123 123 123 123 123 123 123 123 123 123 123 123 123 123 123 123 123 123 123 123 123 123 123 123 123 123 123 123 123 123 123 123 123 123 123 123 123 123 123 123 123 123 123 
123 123 123 123 123 123 123 123 123 123 123 123 123 123 123 123 123 123 123 123 123 123 123 123 123 123 123 123 123 123 123 123 123 123 123 123 123 123 123 123 123 123 123 123 123 123 123 123 123 123 123 123 123 123 123 123 123 123 123 123 123 123 123 123 123 123 123 123 123 123 123 123 123 123 123 123 123 123 123 123 
123 123 123 123 123 123 123 123 123 123 123 123 123 123 123 123 123 123 123 123 123 123 123 123 123 123 123 123 123 123 123 123 123 123 123 123 123 123 123 123 123 123 123 123 123 123 123 123 123 123 123 123 123 123 123 123 123 123 123 123 123 123 123 123 123 123 123 123 123 123 123 123 123 123 123 123 123 123 123 123 
123 123 123 123 123 123 123 123 123 123 123 123 123 123 123 123 123 123 123 123 123 123 123 123 123 123 123 123 123 123 123 123 123 123 123 123 123 123 123 123 123 123 123 123 123 123 123 123 123 123 123 123 123 123 123 123 123 123 123 123 123 123 123 123 123 123 123 123 123 123 123 123 123 123 123 123 123 123 123 123 
123 123 123 123 123 123 123 123 123 123 123 123 123 123 123 123 123 123 123 123 123 123 123 123 123 123 123 123 123 123 123 123 123 123 123 123 123 123 123 123 123 123 123 123 123 123 123 123 123 123 123 123 123 123 123 123 123 123 123 123 123 123 123 123 123 123 123 123 123 123 123 123 123 123 123 123 123 123 123 123 
123 123 123 123 123 123 123 123 123 123 123 123 123 123 123 123 123 123 123 123 123 123 123 123 123 123 123 123 123 123 123 123 123 123 123 123 123 123 123 123 123 123 123 123 123 123 123 123 123 123 123 123 123 123 123 123 123 123 123 123 123 123 123 123 123 123 123 123 123 123 123 123 123 123 123 123 123 123 123 123 
123 123 123 123 123 123 123 123 123 123 123 123 123 123 123 123 123 123 123 123 123 123 123 123 123 123 123 123 123 123 123 123 123 123 123 123 123 123 123 123 123 123 123 123 123 123 123 123 123 123 123 123 123 123 123 123 123 123 123 123 123 123 123 123 123 123 123 123 123 123 123 123 123 123 123 123 123 123 123 123 
123 123 123 123 123 123 123 123 123 123 123 123 123 123 123 123 123 123 123 123 123 123 123 123 123 123 123 123 123 123 123 123 123 123 123 123 123 123 123 123 123 123 123 123 123 123 123 123 123 123 123 123 123 123 123 123 123 123 123 123 123 123 123 123 123 123 123 123 123 123 123 123 123 123 123 123 123 123 123 123 
123 123 123 123 123 123 123 123 123 123 123 123 123 123 123 123 123 123 123 123 123 123 123 123 123 123 123 123 123 123 123 123 123 123 123 123 123 123 123 123 123 123 123 123 123 123 123 123 123 123 123 123 123 123 123 123 123 123 123 123 123 123 123 123 123 123 123 123 123 123 123 123 123 123 123 123 123 123 123 123 
123 123 123 123 123 123 123 123 123 123 123 123 123 123 123 123 123 123 123 123 123 123 123 123 123 123 123 123 123 123 123 123 123 123 123 123 123 123 123 123 123 123 123 123 123 123 123 123 123 123 123 123 123 123 123 123 123 123 123 123 123 123 123 123 123 123 123 123 123 123 123 123 123 123 123 123 123 123 123 123 
123 123 123 123 123 123 123 123 123 123 123 123 123 123 123 123 123 123 123 123 123 123 123 123 123 123 123 123 123 123 123 123 123 123 123 123 123 123 123 123 123 123 123 123 123 123 123 123 123 123 123 123 123 123 123 123 123 123 123 123 123 123 123 123 123 123 123 123 123 123 123 123 123 123 123 123 123 123 123 123 
123 123 123 123 123 123 123 123 123 123 123 123 123 123 123 123 123 123 123 123 123 123 123 123 123 123 123 123 123 123 123 123 123 123 123 123 123 123 123 123 123 123 123 123 123 123 123 123 123 123 123 123 123 123 123 123 123 123 123 123 123 123 123 123 123 123 123 123 123 123 123 123 123 123 123 123 123 123 123 123 
123 123 123 123 123 123 123 123 123 123 123 123 123 123 123 123 123 123 123 123 123 123 123 123 123 123 123 123 123 123 123 123 123 123 123 123 123 123 123 123 123 123 123 123 123 123 123 123 123 123 123 123 123 123 123 123 123 123 123 123 123 123 123 123 123 123 123 123 123 123 123 123 123 123 123 123 123 123 123 123 
