70 69 69 70 70 70 70 70 71 71 71 72 72 73 73 73 74 74 75 76 76 76 76 77 77 77 77 77 77 77 77 77 78 78 78 78 78 78 78 78 78 78 78 79 79 80 80 80 80 81 81 81 82 82 82 82 82 82 82 82 82 82 81 81 81 81 80 80 80 80 80 79 79 79 79 79 79 79 79 79 
72 71 71 70 71 71 71 71 72 72 72 73 73 73 74 74 75 75 76 76 76 77 77 77 77 77 78 78 78 78 78 78 78 78 78 78 78 78 78 78 78 79 79 79 80 80 80 81 81 81 82 82 82 82 83 83 83 83 83 82 82 82 82 81 81 81 81 80 80 80 80 80 80 80 79 79 79 79 79 79 
74 73 72 72 72 72 72 72 72 73 73 73 74 74 74 75 75 76 76 77 77 77 77 78 78 78 78 78 78 78 79 79 79 79 79 79 79 79 79 79 79 79 80 80 80 81 81 81 82 82 82 83 83 83 83 83 84 83 83 83 82 82 82 82 82 81 81 81 81 81 80 80 80 80 80 80 80 80 79 79 
75 75 74 73 73 73 73 73 73 73 74 74 74 75 75 76 76 77 77 78 78 78 78 78 78 79 79 79 79 79 79 79 79 79 79 79 79 79 79 79 79 80 80 81 81 81 82 82 83 83 83 83 83 83 84 84 84 84 83 83 83 83 82 82 82 82 81 81 81 81 81 81 80 80 80 80 80 80 80 79 
77 76 76 75 74 74 74 74 74 74 74 75 75 75 76 76 77 77 78 79 79 79 79 79 79 79 80 80 80 80 80 80 80 80 80 80 80 80 80 80 80 81 81 81 82 82 83 83 83 83 83 84 84 84 84 84 84 84 84 83 83 83 83 82 82 82 82 82 81 81 81 81 81 81 81 81 80 80 80 80 
79 78 77 77 76 75 75 74 75 75 75 75 76 76 76 77 78 78 79 80 80 80 80 80 80 80 80 80 81 81 81 81 81 81 81 81 81 81 81 81 81 82 82 83 83 83 83 83 84 84 84 84 85 85 85 84 84 84 84 84 83 83 83 83 83 82 82 82 82 82 82 81 81 81 81 81 81 81 81 81 
79 79 79 78 77 77 76 75 75 75 75 76 76 76 77 77 78 79 79 80 80 80 80 80 81 81 81 81 81 82 82 82 82 82 82 82 82 82 82 82 82 83 83 84 84 84 84 84 84 84 85 85 85 85 85 84 84 84 84 84 84 83 83 83 83 83 82 82 82 82 82 82 82 82 82 83 83 83 83 83 
80 80 79 79 78 78 77 77 76 76 76 76 76 77 77 78 78 79 80 80 80 80 81 81 81 81 81 81 82 82 82 83 83 83 84 84 84 84 84 84 84 84 84 84 84 84 84 85 85 85 85 85 85 85 84 84 84 84 84 84 83 83 83 83 83 83 83 82 82 82 82 83 83 84 84 84 84 84 85 85 
81 80 80 79 79 78 78 77 77 76 76 76 76 77 78 78 79 80 80 81 81 81 81 81 81 81 82 82 82 82 83 83 83 84 84 85 85 85 85 85 84 84 84 84 85 85 85 85 85 85 85 85 85 84 84 84 84 83 83 83 83 83 83 83 83 83 83 83 83 84 84 85 85 85 86 86 86 86 86 87 
81 81 80 80 79 79 78 78 77 77 76 76 77 78 78 79 80 80 81 82 82 82 82 82 82 82 82 82 82 83 83 83 84 84 84 85 85 85 85 85 85 85 85 85 85 85 85 85 85 85 85 85 84 84 84 83 83 83 83 83 83 82 82 82 83 84 85 85 86 86 87 87 87 87 88 88 88 88 88 89 
82 81 81 80 80 79 79 78 77 77 77 77 77 78 78 79 80 81 81 82 82 82 82 82 82 82 82 82 83 83 83 84 84 84 85 85 84 84 84 84 84 85 85 85 85 85 85 85 85 85 84 84 84 83 83 83 83 83 82 82 82 83 84 84 85 86 87 87 88 89 89 89 89 90 90 90 90 90 91 91 
83 82 81 81 80 80 79 79 78 78 78 78 78 77 78 79 80 81 81 82 82 82 82 82 82 82 82 82 83 83 83 84 84 83 83 83 83 82 82 82 82 83 84 84 85 85 85 85 84 84 84 83 83 83 83 82 82 82 83 83 84 85 85 86 87 88 89 89 90 91 91 91 92 92 92 92 93 93 94 95 
83 83 82 81 81 80 80 79 79 79 79 79 79 78 78 79 80 81 82 83 82 82 82 82 82 82 82 82 82 82 83 82 82 82 82 81 81 81 81 80 80 81 81 82 83 83 84 84 83 83 83 82 82 82 81 82 83 83 84 85 86 86 87 88 89 90 91 92 92 93 93 94 94 94 95 95 96 97 97 98 
84 83 83 82 81 81 80 80 80 80 80 80 80 80 80 79 80 81 82 82 82 82 82 82 82 82 82 82 82 81 81 80 80 79 79 79 79 78 78 78 78 79 80 80 81 81 81 82 82 82 82 81 82 82 83 84 84 85 86 87 87 88 89 90 91 92 93 94 94 95 95 96 97 97 98 99 99 99 99 100 
85 84 84 83 82 82 82 82 82 81 81 81 81 81 80 80 80 81 82 83 83 83 83 82 82 82 81 81 80 79 78 78 77 77 77 76 76 76 76 76 76 76 77 78 78 78 78 78 79 80 81 82 83 83 84 85 85 86 87 88 89 89 90 91 92 93 94 95 95 96 97 98 99 100 100 100 101 101 101 101 
86 85 85 84 84 84 83 83 83 83 83 82 82 82 82 82 82 81 82 83 83 83 82 82 82 81 81 80 79 78 77 76 75 74 73 73 73 73 73 73 73 73 74 74 74 74 75 76 78 79 80 81 83 84 85 86 87 88 89 89 90 91 92 93 94 95 95 96 97 98 98 99 100 101 101 102 102 102 103 103 
88 87 86 86 86 86 86 85 85 85 85 85 84 84 84 84 83 83 83 84 83 83 83 82 82 81 80 80 79 78 77 76 75 73 72 71 70 69 69 69 69 70 70 71 72 73 74 75 76 78 79 80 82 83 85 86 88 89 90 91 92 93 94 95 95 96 96 97 98 99 99 100 101 102 102 103 104 104 105 105 
94 93 91 90 90 89 88 87 87 87 86 86 86 86 85 85 85 84 84 84 83 83 82 81 80 80 80 79 79 78 77 76 75 74 72 71 69 68 66 66 66 66 66 66 66 66 66 66 66 66 66 66 66 66 66 66 66 66 66 66 66 66 66 66 66 66 66 66 66 66 66 66 66 66 66 66 66 66 66 66 
99 98 98 97 97 97 97 97 96 96 96 95 94 93 92 90 89 88 87 85 83 81 79 78 76 75 74 72 71 70 69 69 68 67 67 66 66 67 68 70 72 74 76 77 79 81 83 85 87 89 91 93 95 96 97 98 99 99 100 101 101 102 102 102 102 102 102 102 102 91 88 90 92 94 95 97 98 99 99 100 
101 102 103 104 105 105 104 104 104 104 103 103 103 103 103 103 100 97 95 92 90 88 86 83 81 79 77 75 73 72 72 71 70 69 69 69 68 68 68 68 69 70 72 74 77 79 81 83 85 87 90 92 94 96 97 98 99 99 99 99 99 99 99 99 99 99 99 99 100 83 77 77 78 78 78 80 83 85 88 91 
93 96 98 99 100 101 103 104 105 107 108 108 108 106 105 104 103 102 100 98 96 94 92 89 87 84 82 79 77 75 73 71 70 69 69 69 69 69 69 69 70 70 71 72 73 75 77 79 81 82 83 85 87 88 90 91 93 94 95 96 96 96 96 96 96 96 96 95 95 80 74 75 75 76 77 78 79 81 82 83 
84 86 87 88 87 88 92 94 97 100 102 103 105 106 107 108 109 108 106 104 102 99 97 93 90 87 84 81 79 76 74 72 70 69 67 66 65 64 64 64 65 65 66 67 68 68 69 70 71 73 75 76 78 79 81 83 83 84 85 86 87 87 86 86 85 84 83 83 82 70 42 43 43 43 43 43 43 43 43 45 
73 77 78 80 81 80 80 81 82 84 87 91 95 98 102 105 106 106 106 107 107 107 106 104 100 96 91 87 82 77 72 69 67 65 64 64 64 64 64 64 64 64 64 64 64 64 64 64 64 64 64 64 64 64 64 64 64 64 64 64 64 64 64 64 64 64 64 64 64 64 64 64 64 64 64 64 64 64 64 64 
43 43 43 43 43 44 44 44 44 53 62 64 67 70 72 70 69 77 95 92 89 86 82 78 71 64 56 49 42 35 31 31 31 31 31 31 31 30 30 30 31 31 32 32 32 31 30 30 29 28 29 30 30 30 31 31 31 31 30 42 42 43 43 43 43 43 43 43 43 43 43 43 43 43 44 44 44 44 44 44 
44 44 44 44 44 44 44 44 44 44 44 44 44 44 44 44 44 44 55 69 69 69 67 62 63 65 65 64 64 64 63 63 58 50 45 43 41 40 38 37 35 34 32 32 32 32 31 30 29 29 28 28 28 28 28 28 28 29 30 42 42 43 43 43 43 43 43 43 43 43 43 43 43 43 44 44 44 44 44 44 
44 44 44 44 44 44 44 44 44 44 44 44 44 44 44 44 44 44 44 44 44 44 44 44 44 44 44 44 52 63 63 62 65 70 71 71 71 71 70 68 65 63 63 63 63 63 63 63 63 63 63 63 63 63 63 63 63 63 63 63 63 63 63 63 63 63 63 63 63 63 63 63 63 63 63 63 63 63 63 63 
45 45 45 45 45 45 45 45 45 45 45 45 45 45 45 45 45 45 45 45 45 45 45 45 45 45 45 45 45 45 45 45 45 45 45 45 45 78 78 78 87 86 84 83 82 81 80 79 42 42 43 43 43 43 43 43 43 43 43 43 43 43 43 44 44 44 44 44 44 44 44 44 44 44 44 44 45 45 45 45 
45 45 45 45 45 45 45 45 45 45 45 45 45 45 45 45 45 45 45 45 45 45 45 45 45 45 45 45 45 45 45 45 45 45 45 45 45 45 45 45 45 45 45 45 45 45 67 66 42 42 43 43 43 43 43 43 43 43 43 43 43 43 43 44 44 44 44 44 44 44 44 44 44 44 44 44 45 45 45 45 
45 45 45 45 45 45 45 45 45 45 45 45 45 45 45 45 45 45 45 45 45 45 45 45 45 45 45 45 45 45 45 45 45 45 45 45 45 45 45 45 45 45 45 45 45 45 46 46 42 42 43 43 43 43 43 43 43 43 43 43 43 43 43 44 44 44 44 44 44 44 44 44 44 44 44 44 45 45 45 45 
45 45 45 45 45 45 45 45 45 45 45 45 45 45 45 45 45 45 45 45 45 45 45 46 46 46 46 46 46 46 46 46 46 46 46 46 46 46 46 46 46 46 46 46 46 46 46 46 42 42 42 43 43 43 43 43 43 43 43 43 43 43 43 44 44 44 44 44 44 44 44 44 44 44 44 44 45 45 45 45 
45 45 45 45 45 45 45 45 45 46 46 46 46 46 46 46 46 46 46 46 46 46 46 46 46 46 46 46 46 46 46 46 46 46 46 46 46 46 46 46 46 46 46 46 46 46 46 46 42 42 43 43 43 43 43 43 43 43 43 43 43 43 43 44 44 44 44 44 44 44 44 44 44 44 44 44 45 45 45 45 
45 45 45 45 45 45 45 45 45 46 46 46 46 46 46 46 46 46 46 46 46 46 46 46 46 46 46 46 46 46 46 46 46 46 46 46 46 46 46 46 46 46 46 46 46 46 46 46 42 43 43 43 43 43 43 43 43 43 43 43 43 43 43 44 44 44 44 44 44 44 44 44 44 44 44 44 45 45 45 45 
45 45 45 45 45 45 45 45 45 46 46 46 46 46 46 46 46 46 46 46 46 46 46 46 46 46 46 46 46 46 46 46 46 46 46 46 46 46 46 46 46 46 46 46 46 46 46 46 42 43 43 43 43 43 43 43 43 43 44 44 44 44 44 44 44 44 44 44 44 44 44 44 44 44 44 44 45 45 45 45 
45 45 45 45 45 45 45 45 45 46 46 46 46 46 46 46 46 46 46 46 46 46 46 46 46 46 46 47 47 47 47 47 47 47 47 47 47 47 47 47 47 47 47 47 47 47 47 47 42 42 43 43 43 43 43 43 43 44 44 44 44 44 44 44 44 44 44 44 44 44 44 44 44 44 44 44 45 45 45 45 
45 45 45 45 45 45 45 45 45 46 46 46 46 46 46 46 46 46 46 46 46 46 47 47 47 47 47 47 47 47 47 47 47 47 47 47 47 47 47 47 47 47 47 47 47 47 47 47 40 42 43 43 43 43 43 43 43 44 44 44 44 44 44 44 44 44 45 45 45 45 45 45 45 45 45 45 45 45 45 45 
45 45 45 45 45 45 45 45 45 46 46 46 46 46 46 46 46 46 46 46 46 46 47 47 47 47 47 47 47 47 47 47 47 47 47 47 47 47 47 47 47 47 47 47 47 47 47 47 36 42 43 43 43 43 43 43 43 44 44 44 44 44 44 44 45 45 45 45 45 45 45 45 45 45 45 45 45 45 45 45 
45 45 45 45 45 45 46 46 46 46 46 46 46 46 46 46 46 46 46 46 46 46 47 47 47 47 47 47 47 47 47 47 47 47 47 47 47 47 47 47 47 47 47 47 47 47 47 47 31 42 43 43 43 43 43 43 43 44 44 44 44 44 44 44 45 45 45 45 45 45 45 45 45 45 46 46 46 46 46 46 
46 46 46 46 46 46 46 46 46 46 46 46 46 46 46 46 46 46 46 46 46 46 47 47 47 47 47 47 47 47 47 47 47 47 47 48 48 48 48 48 48 48 48 48 48 48 48 48 29 42 43 43 43 43 43 43 43 44 44 44 44 44 44 44 45 45 45 45 45 45 45 46 46 46 46 46 46 46 46 46 
46 46 46 46 46 46 46 46 46 46 46 46 46 46 46 47 47 47 47 47 47 47 47 47 47 47 47 47 47 47 47 47 47 47 47 48 48 48 48 48 48 48 48 48 48 48 48 48 4 41 42 43 43 43 43 43 43 43 44 44 44 44 44 44 44 45 45 45 45 45 45 45 46 46 46 46 46 46 46 46 
46 46 47 47 47 47 47 47 47 47 47 47 47 47 47 47 47 47 47 47 47 47 47 47 47 47 47 47 47 47 47 47 47 47 47 48 48 48 48 48 48 48 48 48 48 48 48 48 5 40 42 43 43 43 43 43 43 43 44 44 44 44 44 44 44 45 45 45 45 45 45 45 46 46 46 46 46 46 46 47 
47 47 47 47 47 47 47 47 47 47 47 47 47 47 47 47 47 47 47 47 47 47 47 48 48 48 48 48 48 48 48 48 48 48 48 48 48 48 48 48 48 48 48 48 48 48 48 48 4 34 42 43 43 43 43 43 43 43 44 44 44 44 44 44 44 45 45 45 45 45 45 45 46 46 46 46 46 46 46 47 
47 47 47 47 47 47 47 47 47 47 48 48 48 48 48 48 48 48 48 48 48 48 48 48 48 48 48 48 48 48 48 48 48 48 48 48 48 48 48 48 48 48 48 48 48 49 49 49 2 27 42 43 43 43 43 43 43 43 44 44 44 44 44 44 44 45 45 45 45 45 45 45 46 46 46 46 46 46 46 47 
47 47 47 47 47 47 48 48 48 48 48 48 48 48 48 48 48 48 48 48 48 48 48 48 48 48 48 48 48 48 48 48 49 49 49 49 49 49 49 49 49 49 49 49 49 49 49 49 1 0 41 43 43 43 43 43 43 43 44 44 44 44 44 44 44 45 45 45 45 45 45 45 46 46 46 46 46 46 46 47 
47 47 47 47 47 47 48 48 48 48 48 48 48 48 48 48 48 48 49 49 49 49 49 49 49 49 49 49 49 49 49 49 49 49 49 49 49 49 49 49 49 49 49 49 49 49 49 49 1 0 37 43 43 43 43 43 44 44 44 44 44 44 44 44 44 45 45 45 45 45 45 45 46 46 46 46 46 46 46 47 
47 47 47 47 47 47 47 48 48 48 48 48 48 48 49 49 49 49 49 49 49 49 49 49 49 49 49 49 49 49 49 49 49 49 49 49 49 49 49 49 50 50 50 50 50 50 50 50 2 1 35 42 43 43 43 43 44 44 44 44 44 44 45 45 45 45 45 45 45 45 45 45 45 46 46 46 46 46 46 46 
47 47 47 47 47 47 47 48 48 48 48 48 48 48 49 49 49 49 49 49 49 49 49 49 49 49 49 50 50 50 50 50 50 50 50 50 50 50 50 50 50 50 50 50 50 50 50 50 2 1 0 42 43 43 43 43 44 44 44 44 44 45 45 45 45 45 45 45 45 46 46 46 46 46 46 46 46 46 46 46 
47 47 47 47 47 47 47 48 48 48 48 48 48 48 49 49 49 49 49 49 49 50 50 50 50 50 50 50 50 50 50 50 50 50 50 50 50 50 50 50 50 50 50 50 50 50 50 50 1 0 0 41 43 43 43 43 44 44 44 44 44 45 45 45 45 46 46 46 46 46 46 46 46 46 46 46 47 47 47 47 
47 47 47 47 47 47 47 48 48 48 48 48 48 48 49 49 49 49 49 49 49 50 50 50 50 50 50 50 50 50 50 50 50 50 50 51 51 51 51 51 51 51 51 51 51 51 51 51 1 1 1 31 42 43 43 43 43 44 44 44 44 45 45 45 45 45 46 46 46 46 47 47 47 47 47 47 47 47 47 47 
47 47 47 48 48 48 48 48 48 48 48 48 48 48 49 49 49 49 49 49 49 49 50 50 50 50 50 50 50 51 51 51 51 51 51 51 51 51 51 51 51 51 51 51 51 51 51 51 3 2 1 1 42 43 43 43 43 44 44 44 44 45 45 45 45 45 46 46 46 46 47 47 47 47 47 47 47 48 48 48 
48 48 48 48 48 48 48 48 48 48 49 49 49 49 49 49 49 49 49 49 49 49 50 50 50 50 50 50 50 51 51 51 51 51 51 51 51 51 51 51 51 51 51 52 52 52 52 52 5 3 1 0 37 42 43 43 43 44 44 44 44 44 45 45 45 45 46 46 46 46 46 47 47 47 47 48 48 48 48 48 
48 48 48 48 49 49 49 49 49 49 49 49 49 49 49 49 49 50 50 50 50 50 50 50 50 50 50 50 50 51 51 51 51 51 51 51 52 52 52 52 52 52 52 52 52 52 53 49 4 2 0 0 30 43 43 43 43 44 44 44 44 44 45 45 45 45 46 46 46 46 46 47 47 47 47 48 48 48 48 48 
49 49 49 49 49 49 49 50 50 50 50 50 50 50 50 50 50 50 50 50 51 51 51 51 51 51 51 51 51 51 51 51 52 52 52 52 52 52 52 52 52 52 53 46 20 3 0 0 0 20 42 43 43 43 44 44 44 44 45 45 45 45 45 46 46 46 46 47 47 47 47 47 48 48 48 48 49 49 49 49 
50 50 50 50 50 50 50 50 50 50 50 51 51 51 51 51 51 51 51 51 51 51 51 51 52 52 52 52 52 52 52 52 52 52 52 52 52 53 53 54 24 3 2 0 0 0 17 38 43 43 43 44 44 44 44 44 45 45 45 45 46 46 46 46 46 47 47 47 47 48 48 48 48 49 49 49 49 49 50 50 
50 51 51 51 51 51 51 51 51 51 51 51 51 51 52 52 52 52 52 52 52 52 52 52 52 52 52 53 53 53 53 53 53 53 53 50 21 3 2 0 0 0 0 20 42 43 43 44 44 44 44 44 45 45 45 45 46 46 46 46 46 47 47 47 47 48 48 48 48 48 49 49 49 49 50 50 50 50 50 51 
51 51 51 51 52 52 52 52 52 52 52 52 52 52 52 52 52 53 53 53 53 53 53 53 53 53 53 53 53 53 48 0 1 3 1 0 0 0 0 35 43 43 43 44 44 44 44 45 45 45 45 45 45 46 46 46 46 47 47 47 47 47 48 48 48 48 49 49 49 49 49 50 50 50 50 51 51 51 51 51 
52 52 52 52 52 52 52 53 53 53 53 53 53 53 53 53 53 53 53 53 54 54 54 54 54 55 37 1 1 1 0 0 0 0 0 0 41 43 43 44 44 44 45 45 45 45 45 46 46 46 46 46 46 47 47 47 47 47 48 48 48 48 49 49 49 49 50 50 50 50 50 51 51 51 51 52 52 52 52 52 
53 53 53 53 53 53 53 53 53 54 54 54 54 54 54 54 54 54 54 54 52 23 1 1 1 0 0 0 1 0 0 19 41 43 43 44 44 44 45 45 45 45 46 46 46 46 47 47 47 47 47 47 48 48 48 48 48 49 49 49 49 49 50 50 50 50 50 51 51 51 51 52 52 52 52 52 53 53 53 53 
53 53 54 54 54 54 54 54 54 54 54 54 54 54 54 55 55 55 55 39 1 1 0 1 0 1 1 1 0 0 0 42 43 43 43 44 44 44 45 45 45 46 46 46 47 47 47 47 47 48 48 48 48 48 49 49 49 49 49 49 50 50 50 50 50 50 51 51 51 51 52 52 52 52 52 53 53 53 53 54 
54 54 54 54 54 54 54 54 55 55 55 55 55 55 55 55 55 51 1 1 0 0 0 1 1 1 1 0 0 0 37 43 43 44 44 44 44 45 45 45 46 46 46 47 47 47 48 48 48 48 48 49 49 49 49 49 49 50 50 50 50 50 50 51 51 51 51 51 51 52 52 52 52 52 53 53 53 53 54 54 
54 55 55 55 55 55 55 55 55 55 55 55 55 56 54 43 2 1 1 0 0 1 2 2 2 1 0 0 0 40 43 43 43 44 44 44 45 45 45 46 46 46 47 47 47 48 48 48 48 49 49 49 49 50 50 50 50 50 50 51 51 51 51 51 51 52 52 52 52 52 52 53 53 53 53 53 53 54 54 54 
55 55 55 55 55 56 56 56 56 56 56 56 51 1 2 1 0 0 1 1 2 2 2 1 1 0 0 35 43 43 43 44 44 44 45 45 45 46 46 46 46 47 47 47 48 48 48 49 49 49 50 50 50 50 50 51 51 51 51 51 51 52 52 52 52 52 52 53 53 53 53 53 53 54 54 54 54 54 54 55 
55 55 56 56 56 56 56 56 56 54 43 1 2 1 0 0 1 1 1 1 1 2 1 1 1 1 36 43 43 43 44 44 44 45 45 45 46 46 46 47 47 47 48 48 48 48 49 49 49 50 50 50 51 51 51 51 51 52 52 52 52 52 52 53 53 53 53 53 53 54 54 54 54 54 54 55 55 55 55 55 
56 56 56 56 56 57 57 46 0 0 1 0 0 0 2 1 1 1 1 2 1 1 1 2 0 43 43 43 44 44 44 45 45 45 46 46 46 46 47 47 47 48 48 48 49 49 49 50 50 50 50 51 51 51 52 52 52 52 52 53 53 53 53 53 53 54 54 54 54 54 54 55 55 55 55 55 55 56 56 56 
56 57 57 57 54 2 0 0 0 0 0 0 1 1 1 2 1 2 2 1 1 1 1 33 43 43 44 44 44 45 45 45 45 46 46 46 47 47 47 48 48 48 48 49 49 49 50 50 50 51 51 51 52 52 52 52 53 53 53 53 53 54 54 54 54 54 54 55 55 55 55 55 55 56 56 56 56 56 56 57 
57 57 54 50 49 0 0 1 2 1 0 0 1 2 2 0 2 2 1 1 0 1 1 40 43 43 44 44 44 45 45 45 46 46 46 47 47 47 47 48 48 48 49 49 49 50 50 50 50 51 51 51 52 52 52 53 53 53 54 54 54 54 54 54 55 55 55 55 55 55 56 56 56 56 56 56 57 57 57 57 
58 39 0 0 0 0 2 3 2 0 0 1 1 0 0 1 1 0 0 0 1 1 1 43 43 44 44 44 45 45 45 46 46 46 47 47 47 48 48 48 48 49 49 49 50 50 50 50 51 51 51 52 52 52 53 53 53 54 54 54 54 55 55 55 55 55 56 56 56 56 56 56 57 57 57 57 57 57 58 57 
18 32 16 33 2 8 14 15 0 0 0 1 0 0 1 1 0 0 0 0 1 0 0 42 43 44 44 44 45 45 46 46 46 47 47 47 48 48 48 48 49 49 49 50 50 50 50 51 51 51 52 52 52 52 53 53 53 54 54 54 55 55 55 56 56 56 56 56 56 57 57 57 57 57 57 58 58 58 47 2 
0 34 51 22 32 47 16 0 0 0 0 0 1 1 0 0 0 1 1 0 21 43 43 44 44 44 45 45 45 46 46 47 47 47 48 48 48 49 49 49 49 50 50 50 51 51 51 51 52 52 52 53 53 53 53 54 54 54 55 55 55 56 56 56 56 57 57 57 57 57 58 58 58 58 58 27 0 0 34 28 
0 1 0 0 0 2 1 0 1 3 2 1 1 0 0 0 1 1 1 0 36 43 43 44 44 44 45 45 46 46 46 47 47 47 48 48 48 49 49 49 50 50 50 51 51 51 51 52 52 52 53 53 53 53 54 54 54 55 55 55 55 56 56 56 57 57 57 58 58 58 58 58 56 49 8 1 1 1 1 0 
0 0 0 1 2 1 0 80 159 6 88 85 61 82 84 43 1 1 0 81 49 80 44 81 60 44 81 46 46 46 45 86 46 82 47 84 49 49 49 50 50 50 51 51 51 52 52 52 52 53 53 53 54 54 54 54 55 55 55 56 56 56 56 57 57 57 58 58 58 59 58 42 8 10 1 77 154 19 36 16 
88 69 18 1 0 1 4 3 7 176 134 69 124 122 55 8 1 28 28 21 43 44 52 52 47 48 45 46 46 65 67 63 80 72 57 49 49 49 50 50 50 51 51 51 52 52 52 53 53 53 53 54 54 54 55 55 55 55 56 56 56 57 57 57 57 58 58 58 55 24 2 9 5 0 34 51 51 187 255 119 
75 2 1 0 1 255 86 11 0 0 0 1 1 1 1 2 0 0 2 38 43 44 44 44 45 45 45 46 84 47 80 48 78 48 48 49 49 49 50 50 51 51 51 52 52 52 53 53 53 53 54 54 54 55 55 55 55 56 56 56 57 57 57 57 58 56 46 0 0 2 7 1 1 51 51 0 3 1 0 51 
1 0 0 1 3 0 0 0 0 0 1 1 1 1 2 0 0 1 1 39 43 44 44 44 45 45 45 46 46 47 47 47 48 48 49 49 49 50 50 50 51 51 51 52 52 52 53 53 53 54 54 54 55 55 55 55 56 56 56 57 57 57 57 57 46 0 1 0 1 2 0 1 1 1 0 3 1 0 1 0 
0 0 1 31 77 0 76 18 63 84 84 72 83 84 80 3 83 83 52 59 79 44 44 44 45 84 59 46 46 47 47 102 95 102 49 49 97 50 50 50 51 51 52 52 52 53 53 53 54 54 54 55 55 55 56 56 56 56 57 57 57 53 46 1 1 0 0 0 1 0 1 51 51 47 32 1 0 1 25 0 
0 1 54 1 0 0 32 10 84 84 1 27 84 11 41 8 7 52 36 37 43 44 44 44 51 84 46 46 46 47 102 47 48 48 102 50 49 50 50 50 51 51 52 52 52 53 53 53 54 54 54 55 55 56 56 56 56 57 57 51 1 1 2 1 0 0 0 0 0 1 51 51 44 32 0 0 1 49 0 0 
0 0 1 36 60 0 0 0 0 1 1 0 1 84 1 0 3 4 0 1 0 0 41 46 44 82 61 45 46 46 46 102 47 47 48 48 49 49 49 50 50 50 51 102 102 52 52 53 53 53 54 54 55 55 55 56 56 56 56 51 1 0 1 2 1 0 0 0 0 0 0 51 51 1 1 0 0 1 2 2 
2 2 2 2 2 2 2 2 2 2 2 2 2 2 2 2 2 2 2 2 2 2 2 2 2 2 2 2 2 2 2 2 2 2 2 2 2 2 2 2 2 2 2 2 2 2 2 2 2 2 2 2 2 2 2 2 2 2 2 2 2 2 2 2 2 2 2 2 2 2 2 2 2 2 2 2 2 2 2 2 
2 2 2 2 2 2 2 2 2 2 2 2 2 2 2 2 2 2 2 2 2 2 2 2 2 2 2 2 2 2 2 2 2 2 2 2 2 2 2 2 2 2 2 2 2 2 2 2 2 2 2 2 2 2 2 2 2 2 2 2 2 2 2 2 2 2 2 2 2 2 2 2 2 2 2 2 2 2 2 2 
2 2 2 2 2 2 2 2 2 2 2 2 2 2 2 2 2 2 2 2 2 2 2 2 2 2 2 2 2 2 2 2 2 2 2 2 2 2 2 2 2 2 2 2 2 2 2 2 2 2 2 2 2 2 2 2 2 2 2 2 2 2 2 2 2 2 2 2 2 2 2 2 2 2 2 2 2 2 2 2 
2 2 2 2 2 2 2 2 2 2 2 2 2 2 2 2 2 2 2 2 2 2 2 2 2 2 2 2 2 2 2 2 2 2 2 2 2 2 2 2 2 2 2 2 2 2 2 2 2 2 2 2 2 2 2 2 2 2 2 2 2 2 2 2 2 2 2 2 2 2 2 2 2 2 2 2 2 2 2 2 
