103 103 103 103 104 104 103 102 101 100 99 98 97 97 96 95 94 93 92 91 90 90 89 88 87 86 85 84 84 83 82 81 80 79 79 78 77 76 75 75 74 74 74 74 73 73 73 73 73 73 73 73 73 73 73 73 73 73 74 74 74 74 75 75 75 76 76 76 77 77 78 78 78 79 79 79 80 80 81 81 
104 104 104 104 105 105 104 104 103 102 101 100 99 98 97 96 95 94 93 93 92 91 90 89 88 87 86 86 85 84 83 82 81 80 79 79 78 77 76 75 75 74 74 73 73 73 73 73 73 73 73 73 73 73 73 73 73 73 74 74 74 74 75 75 75 76 76 76 77 77 78 78 78 78 79 79 79 79 80 81 
104 104 104 105 105 105 104 104 103 103 102 101 101 100 99 98 97 96 95 94 93 92 91 90 89 88 87 87 86 85 84 83 82 81 80 79 78 77 77 76 75 75 74 73 73 73 73 73 73 73 73 73 73 73 73 73 73 73 73 74 74 74 75 75 75 76 76 76 77 77 77 77 78 78 78 78 78 78 79 80 
105 105 105 106 105 105 104 104 104 103 103 102 102 101 100 99 98 97 96 95 94 93 92 91 90 89 88 87 87 86 85 84 83 82 81 80 79 78 77 76 76 75 74 74 73 73 72 72 72 72 72 72 72 72 72 73 73 73 73 73 74 74 74 75 75 76 76 76 76 76 76 76 77 77 77 77 77 78 78 79 
106 106 106 106 106 105 105 104 104 103 103 102 102 101 101 100 99 99 98 97 95 94 93 92 91 90 89 88 87 86 85 84 83 82 81 80 79 78 78 77 76 75 75 74 74 73 72 72 72 72 72 72 72 72 72 72 72 72 73 73 73 73 74 74 75 75 75 75 75 75 75 75 76 76 76 76 77 77 77 78 
107 107 107 107 106 106 105 105 105 104 104 103 102 102 101 101 100 99 98 98 97 96 95 94 93 92 91 90 89 88 87 85 84 83 82 81 80 79 78 77 76 76 75 74 74 73 73 72 72 71 71 71 71 71 71 71 72 72 72 72 73 73 73 73 73 73 74 74 74 74 74 74 74 75 75 75 76 76 76 77 
108 108 108 107 107 106 106 105 105 105 104 104 103 103 102 101 101 100 99 99 98 97 96 95 94 93 92 91 90 89 87 86 85 84 82 81 80 79 78 77 76 76 75 75 74 73 73 72 72 71 71 70 70 70 71 71 71 71 71 71 72 72 72 72 72 72 72 72 73 73 73 73 73 73 74 74 75 75 75 76 
109 108 108 108 108 107 107 106 106 105 105 104 104 103 102 102 101 101 100 99 98 98 97 96 95 94 93 92 91 90 88 87 85 84 83 82 81 79 78 77 77 76 75 75 74 73 73 72 72 71 71 70 70 69 69 70 70 70 70 70 70 70 70 70 70 70 71 71 71 71 71 72 72 72 73 73 73 74 74 74 
108 108 109 109 108 108 107 107 107 106 106 105 105 104 104 103 103 102 101 100 99 99 98 97 96 95 94 93 91 90 89 87 86 85 83 82 81 80 78 77 77 76 75 75 74 73 73 72 72 71 71 70 70 69 68 68 68 68 68 68 68 68 68 68 68 69 69 69 69 69 70 70 70 71 71 71 72 72 73 73 
106 106 107 108 108 109 109 109 108 107 107 106 106 105 105 104 104 103 102 102 101 100 99 98 97 96 95 93 92 90 89 88 86 85 84 82 81 80 79 77 76 76 75 74 74 73 72 72 71 71 70 70 69 68 68 67 66 66 66 66 66 66 66 66 66 67 67 67 67 68 68 68 69 69 69 70 70 71 71 71 
104 105 105 106 106 107 108 108 108 109 108 108 107 107 107 106 105 105 104 103 102 102 101 100 98 97 96 95 93 91 90 88 87 85 84 82 81 80 78 77 76 75 75 74 73 73 72 71 71 70 69 68 68 67 66 66 65 64 63 63 63 63 64 64 64 64 65 65 65 65 66 66 66 67 67 68 68 67 67 67 
102 103 104 104 105 105 106 106 107 107 108 108 108 109 108 108 107 107 106 105 105 104 102 101 100 99 97 96 94 93 91 89 88 86 84 83 81 79 78 77 76 75 74 73 72 72 71 70 69 69 68 67 66 66 65 64 63 63 63 63 63 63 63 63 63 63 63 63 63 63 63 63 63 63 63 63 63 63 63 63 
106 106 107 107 108 108 108 108 109 109 108 107 106 105 104 103 101 99 98 96 94 92 91 89 87 85 82 80 78 76 74 72 71 70 69 68 67 66 66 65 64 63 63 63 63 63 63 63 63 63 63 63 63 63 63 63 63 63 63 63 63 63 63 63 63 63 63 63 63 63 63 63 63 63 63 63 63 63 63 63 
107 107 107 107 107 107 106 106 104 102 100 98 96 93 91 89 86 84 81 78 76 74 72 69 67 65 63 63 63 63 63 63 63 63 63 63 63 63 63 63 63 63 63 63 63 63 63 63 63 63 63 63 63 63 63 63 63 63 63 63 63 63 63 63 63 63 63 63 63 63 63 63 63 63 63 63 63 63 63 63 
103 103 102 100 98 95 92 89 86 84 82 79 76 73 70 67 64 61 57 54 53 53 53 53 53 53 53 53 53 53 53 53 53 53 53 53 53 53 53 53 53 53 53 53 53 53 53 53 53 53 53 53 53 53 53 53 53 53 53 53 53 53 53 53 53 53 53 53 53 53 53 53 53 53 53 53 53 53 53 53 
89 85 82 78 74 70 66 63 62 62 62 62 62 62 62 62 62 62 62 62 62 62 62 62 62 62 62 62 62 62 62 62 62 62 62 62 62 62 62 62 62 62 62 62 62 62 62 62 62 62 62 62 62 62 62 62 62 62 62 62 62 62 62 62 62 62 62 62 62 62 62 62 62 62 62 62 62 62 62 62 
61 59 56 54 54 54 54 54 54 54 54 54 54 54 54 54 54 54 54 54 54 54 54 54 54 54 54 54 54 54 54 54 54 54 54 54 54 54 54 54 54 54 54 54 54 54 54 54 54 54 54 54 54 54 54 54 54 54 54 54 54 54 54 54 54 54 54 54 54 54 54 54 54 54 54 54 54 54 54 54 
63 63 63 63 63 63 63 63 63 63 63 63 63 63 63 63 63 63 63 63 63 63 63 63 63 63 63 63 63 63 63 63 63 63 63 63 63 63 63 63 63 63 63 63 63 63 63 63 63 63 63 63 63 63 63 63 63 63 63 63 63 63 63 63 63 63 63 63 63 63 63 63 63 63 63 63 63 63 63 63 
66 67 67 68 68 66 43 43 43 43 43 43 43 43 43 43 43 43 43 43 43 43 43 43 43 43 43 43 43 43 43 43 43 43 43 43 43 43 43 43 43 43 43 43 43 43 43 43 43 43 33 51 53 53 53 53 53 53 53 53 53 53 53 53 53 53 53 53 53 53 53 53 53 53 53 53 53 53 53 53 
43 43 43 43 43 43 43 43 43 44 44 44 44 44 44 44 44 44 44 44 44 44 44 44 44 44 44 44 44 44 44 44 44 44 44 44 44 44 44 44 44 44 44 44 44 44 44 44 44 44 44 44 44 44 44 44 44 44 44 44 44 44 44 44 59 84 85 86 87 88 89 90 92 94 75 43 43 43 43 43 
43 43 43 43 43 43 43 43 43 44 44 44 44 44 44 44 44 44 44 44 44 44 44 44 44 44 44 44 44 44 44 44 44 44 44 44 44 44 44 44 44 44 44 44 44 44 44 44 44 44 44 44 44 44 44 44 44 44 44 44 44 44 44 44 44 44 44 44 44 44 44 44 44 44 44 43 43 43 43 43 
43 43 43 43 43 43 43 43 43 44 44 44 44 44 44 44 44 44 44 44 44 44 44 44 44 44 44 44 44 44 44 44 44 44 44 44 44 44 44 44 44 44 44 44 44 44 44 44 44 44 44 44 44 44 44 44 44 44 44 44 44 44 44 44 44 44 44 44 44 44 44 44 44 44 44 43 43 43 43 43 
43 43 43 43 43 43 43 43 43 44 44 44 44 44 44 44 44 44 44 44 44 44 44 44 44 44 44 44 44 44 44 44 44 44 44 44 44 44 44 44 44 44 44 44 44 44 44 44 44 44 44 44 44 44 44 44 44 44 44 44 44 44 44 44 44 44 44 44 44 44 44 44 44 44 44 43 43 43 43 43 
43 43 43 43 43 43 43 43 43 44 44 44 44 44 44 44 44 44 44 44 44 44 44 44 44 44 44 44 44 44 44 44 44 44 44 44 44 44 44 44 44 44 44 44 44 44 44 44 44 44 44 44 44 44 44 44 44 44 44 44 44 44 44 44 44 44 44 44 44 44 44 44 44 44 44 43 43 43 43 43 
43 43 43 43 43 43 43 43 43 44 44 44 44 44 44 44 44 44 44 44 44 44 44 44 44 44 44 44 44 44 44 44 44 44 44 44 44 44 44 44 44 44 44 44 44 44 44 44 44 44 44 44 44 44 44 44 44 44 44 44 44 44 44 44 44 44 44 44 44 44 44 44 44 44 44 43 43 43 43 43 
43 43 43 43 43 43 43 43 43 44 44 44 44 44 44 44 44 44 44 44 44 44 44 44 44 44 44 44 44 44 44 45 45 45 45 45 45 45 45 45 45 45 45 45 45 45 45 45 45 45 45 45 45 45 45 45 45 45 45 45 45 45 45 45 45 45 45 45 45 45 45 45 45 45 45 43 43 43 43 43 
43 43 43 43 43 43 43 43 43 44 44 44 44 44 44 44 44 44 44 44 44 44 44 44 44 44 44 44 44 44 44 44 45 45 45 45 45 45 45 45 45 45 45 45 45 45 45 45 45 45 45 45 45 45 45 45 45 45 45 45 45 45 45 45 45 45 45 45 45 45 45 45 45 45 45 43 43 43 43 43 
43 43 43 43 43 43 43 43 43 44 44 44 44 44 44 44 44 44 44 44 44 44 44 44 44 44 44 44 44 44 44 44 45 45 45 45 45 45 45 45 45 45 45 45 45 45 45 45 45 45 45 45 45 45 45 45 45 45 45 45 45 45 45 45 45 45 45 45 45 45 45 45 45 45 45 43 43 43 43 43 
43 43 43 43 43 43 43 43 43 44 44 44 44 44 44 44 44 44 44 44 44 44 44 44 44 44 44 44 44 44 44 44 45 45 45 45 45 45 45 45 45 45 45 45 45 45 45 45 45 45 45 45 45 45 45 45 45 45 45 45 45 45 45 45 45 45 45 45 45 45 45 45 45 45 45 43 43 43 43 43 
43 43 43 43 43 43 43 43 43 44 44 44 44 44 44 44 44 44 44 44 44 44 44 44 44 44 44 44 44 44 44 44 45 45 45 45 45 45 45 45 45 45 45 45 45 45 45 45 45 45 45 45 45 45 45 45 45 45 45 45 45 45 45 45 45 45 45 45 45 45 45 45 45 45 45 43 43 43 43 43 
43 43 43 43 43 43 43 43 43 43 44 44 44 44 44 44 44 44 44 44 44 44 44 44 44 44 44 44 44 44 44 44 45 45 45 45 45 45 45 45 45 45 45 45 45 45 45 45 45 45 45 45 45 45 46 46 46 46 46 46 46 46 46 46 46 46 46 46 46 46 46 46 46 46 45 43 43 43 43 43 
43 43 43 44 44 44 44 44 44 44 44 44 44 44 44 44 44 44 44 44 44 44 44 44 44 44 44 44 44 44 44 44 45 45 45 45 45 45 45 45 45 45 45 45 45 45 45 45 45 45 45 45 45 45 46 46 46 46 46 46 46 46 46 46 46 46 46 46 46 46 46 46 46 46 46 44 44 44 44 44 
44 44 44 44 44 44 44 44 44 44 44 44 44 44 44 44 44 44 44 44 44 44 44 44 44 44 44 44 44 44 44 44 45 45 45 45 45 45 45 45 45 45 45 45 45 45 45 45 45 45 45 45 45 45 46 46 46 46 46 46 46 46 46 46 46 46 46 46 46 46 46 46 46 46 45 44 44 44 44 44 
44 44 44 44 44 44 44 44 44 44 44 44 44 44 44 44 44 44 44 44 44 44 44 44 44 44 44 44 44 44 44 44 45 45 45 45 45 45 45 45 45 45 45 45 45 45 45 45 45 45 45 45 45 45 46 46 46 46 46 46 46 46 46 46 46 46 46 46 46 46 46 46 46 46 45 44 44 44 44 44 
44 44 44 44 45 45 45 45 45 45 45 45 45 45 45 45 45 45 45 45 45 45 45 45 45 45 45 45 45 45 45 45 45 45 45 45 45 45 45 45 45 45 45 45 45 45 45 45 45 45 45 45 45 45 46 46 46 46 46 46 46 46 46 46 46 46 46 46 46 46 46 46 46 46 45 44 44 44 44 44 
44 44 44 44 45 45 45 45 45 45 45 45 45 45 45 45 45 45 45 45 45 45 45 45 45 45 45 45 45 45 45 45 45 45 45 45 45 45 45 45 45 45 45 45 45 45 45 45 45 45 45 45 45 45 46 46 46 46 46 46 46 46 46 46 46 46 46 46 46 46 46 46 46 46 45 44 44 44 44 44 
44 44 44 44 45 45 45 45 45 45 45 45 45 45 45 45 45 45 45 45 45 46 46 46 46 46 46 46 46 46 46 46 46 46 46 46 46 46 46 46 46 46 46 46 46 46 46 46 46 46 46 46 46 46 46 46 46 46 46 46 46 46 46 46 46 46 46 46 46 46 46 46 46 46 45 44 44 44 44 44 
44 44 44 44 45 45 45 45 45 45 45 45 45 45 46 46 46 46 46 46 46 46 46 46 46 46 46 46 46 46 46 46 46 46 46 46 46 46 46 46 46 46 46 46 46 46 46 46 46 46 46 46 46 46 46 46 46 46 46 46 46 46 46 46 46 46 46 46 46 46 46 46 46 46 45 44 44 44 44 44 
44 44 44 44 44 45 45 45 45 45 45 45 45 45 46 46 46 46 46 46 46 46 46 46 46 46 46 46 46 46 46 46 46 46 46 46 46 46 46 46 46 46 46 46 46 46 46 46 46 46 46 46 46 47 47 47 47 47 47 47 47 47 47 47 47 47 47 47 47 47 47 47 47 47 46 44 44 44 44 44 
44 44 44 44 44 45 45 45 45 45 45 45 45 45 46 46 46 46 46 46 46 46 46 46 47 47 47 47 47 47 47 47 47 47 47 47 47 47 47 47 47 47 47 47 47 47 47 47 47 47 47 47 47 47 47 47 47 47 47 47 47 47 47 47 47 47 47 47 47 47 47 47 47 47 46 43 44 44 44 44 
44 44 44 44 44 45 45 45 45 45 45 45 45 45 45 46 46 46 46 46 46 46 46 46 47 47 47 47 47 47 47 47 47 47 47 47 47 47 47 47 47 47 47 47 47 47 47 47 47 47 47 47 47 47 47 47 47 47 47 47 47 47 47 47 47 47 47 47 47 47 47 47 47 47 46 43 44 44 44 44 
44 44 44 44 44 45 45 45 45 45 45 45 45 45 45 46 46 46 46 46 46 46 46 46 47 47 47 47 47 47 47 47 47 47 47 47 47 47 47 47 48 48 48 48 48 48 48 48 48 48 48 48 48 48 48 48 48 48 48 48 48 48 48 48 48 48 48 48 48 48 48 48 48 48 47 43 44 44 44 44 
44 44 44 44 44 45 45 45 45 45 45 45 45 45 45 46 46 46 46 46 46 46 46 46 47 47 47 47 47 47 47 47 47 47 48 48 48 48 48 48 48 48 48 48 48 48 48 48 48 48 48 48 48 48 48 48 48 48 48 48 48 48 48 48 48 48 48 48 48 48 48 48 48 48 47 43 44 44 44 44 
44 44 44 44 44 44 45 45 45 45 45 45 45 45 45 46 46 46 46 46 46 46 46 46 46 47 47 47 47 47 47 47 47 47 48 48 48 48 48 48 48 48 48 48 48 48 48 48 48 48 48 48 48 48 48 48 48 48 48 48 48 48 48 48 48 48 48 48 48 48 48 48 48 48 47 43 44 44 44 44 
44 44 44 44 44 44 45 45 45 45 45 45 45 45 45 46 46 46 46 46 46 46 46 46 46 47 47 47 47 47 47 47 47 47 48 48 48 48 48 48 48 48 48 48 49 49 49 49 49 49 49 49 49 49 49 49 49 49 49 49 49 49 49 49 49 49 49 49 49 49 49 49 49 49 47 44 44 44 44 44 
44 44 44 44 44 44 45 45 45 45 45 45 45 45 45 46 46 46 46 46 46 46 46 46 46 47 47 47 47 47 47 47 47 47 47 48 48 48 48 48 48 48 48 48 49 49 49 49 49 49 49 49 49 49 49 49 49 49 49 49 49 49 49 49 49 49 49 49 49 49 49 49 49 49 48 44 44 44 44 44 
44 44 45 45 45 45 45 45 45 45 45 45 45 45 45 45 46 46 46 46 46 46 46 46 46 47 47 47 47 47 47 47 47 47 47 48 48 48 48 48 48 48 48 48 49 49 49 49 49 49 49 49 49 49 49 49 49 49 50 50 50 50 50 50 50 50 50 50 50 50 50 50 50 50 48 44 45 45 45 45 
45 45 45 45 45 45 45 45 45 45 45 46 46 46 46 46 46 46 46 46 46 46 46 46 46 47 47 47 47 47 47 47 47 47 47 48 48 48 48 48 48 48 48 48 48 49 49 49 49 49 49 49 49 49 50 50 50 50 50 50 50 50 50 50 50 50 50 50 50 50 50 50 50 50 48 44 44 45 45 45 
45 46 46 46 46 46 46 46 46 46 46 46 46 46 46 46 46 46 46 46 46 47 47 47 47 47 47 47 47 47 47 47 47 47 47 48 48 48 48 48 48 48 48 48 48 49 49 49 49 49 49 49 49 49 50 50 50 50 50 50 50 50 50 50 50 50 50 50 50 50 50 50 50 50 48 44 44 45 45 45 
45 45 46 46 46 46 46 46 47 47 47 47 47 47 47 47 47 47 47 47 47 47 47 47 47 47 47 47 47 47 47 48 48 48 48 48 48 48 48 48 48 48 48 48 48 49 49 49 49 49 49 49 49 49 49 50 50 50 50 50 50 50 50 50 51 51 51 51 51 51 51 51 51 51 49 44 44 45 45 45 
45 45 46 46 46 46 46 47 47 47 47 47 47 47 47 47 47 47 48 48 48 48 48 48 48 48 48 48 48 48 48 48 48 48 48 48 48 48 48 48 48 49 49 49 49 49 49 49 49 49 49 49 49 49 49 50 50 50 50 50 50 50 50 50 51 51 51 51 51 51 51 51 51 51 49 44 44 44 45 45 
45 45 46 46 46 46 46 47 47 47 47 47 48 48 48 48 48 48 48 48 48 48 48 48 48 48 48 49 49 49 49 49 49 49 49 49 49 49 49 49 49 49 49 49 49 49 49 49 49 49 49 50 50 50 50 50 50 50 50 50 50 50 50 50 50 51 51 51 51 51 51 51 51 51 49 44 44 44 45 45 
45 45 45 46 46 46 46 46 47 47 47 47 47 48 48 48 48 49 49 49 49 49 49 49 49 49 49 49 49 49 49 49 49 49 49 49 49 50 50 50 50 50 50 50 50 50 50 50 50 50 50 50 50 50 50 50 50 50 50 50 50 51 51 51 51 51 51 51 51 51 51 51 51 51 50 44 44 44 45 45 
45 45 45 46 46 46 46 46 47 47 47 47 47 48 48 48 48 48 49 49 49 49 49 49 50 50 50 50 50 50 50 50 50 50 50 50 50 50 50 50 50 50 50 50 50 50 50 51 51 51 51 51 51 51 51 51 51 51 51 51 51 51 51 51 51 51 51 51 51 51 51 52 52 52 50 44 44 44 44 45 
45 45 45 45 46 46 46 46 47 47 47 47 47 48 48 48 48 48 49 49 49 49 49 50 50 50 50 50 50 50 50 50 50 51 51 51 51 51 51 51 51 51 51 51 51 51 51 51 51 51 51 51 51 51 51 51 51 52 52 52 52 52 52 52 52 52 52 52 52 52 52 52 52 52 50 44 44 44 44 45 
46 46 46 46 47 47 47 47 47 48 48 48 48 48 49 49 49 49 49 50 50 50 50 50 51 51 51 51 51 51 51 51 51 51 51 51 51 51 52 52 52 52 52 52 52 52 52 52 52 52 52 52 52 52 52 52 52 52 52 52 52 52 52 53 53 53 53 53 53 53 44 44 44 44 44 45 45 45 45 45 
47 48 48 48 48 48 49 49 49 49 49 50 50 50 50 50 51 51 51 51 51 52 52 52 52 52 52 52 52 52 52 52 52 52 52 52 52 52 52 52 53 53 53 53 53 53 53 53 53 53 53 53 53 53 53 53 53 53 53 53 53 53 44 44 44 44 44 45 45 45 45 45 46 46 46 46 46 47 47 47 
49 49 49 49 50 50 50 50 50 51 51 51 51 51 52 52 52 52 52 53 53 53 53 53 53 53 53 53 53 53 53 53 53 53 53 53 53 53 53 53 53 53 53 53 54 54 59 48 54 54 54 54 54 54 51 44 44 44 44 44 45 45 45 45 45 46 46 46 46 46 47 47 47 47 47 48 48 48 48 49 
49 49 50 50 50 50 50 51 51 51 51 52 52 52 52 52 53 53 53 53 53 53 53 53 53 53 54 54 54 54 54 54 54 54 54 54 54 54 54 54 54 54 54 54 51 51 54 54 54 54 54 55 44 44 44 44 45 45 45 45 45 45 45 46 46 46 46 47 47 47 47 47 48 48 48 48 48 49 49 49 
50 50 50 50 50 51 51 51 51 51 52 52 52 52 52 53 53 53 53 53 54 54 54 54 54 54 54 54 54 54 54 54 54 54 54 55 55 55 55 55 55 55 55 55 55 55 55 55 55 55 48 44 44 45 45 45 45 46 46 46 46 46 46 46 47 47 47 47 47 47 47 48 48 48 48 49 49 49 49 49 
50 50 50 50 51 51 51 51 51 52 52 52 52 52 53 53 53 53 53 54 54 54 54 54 55 55 55 55 55 55 55 55 55 55 55 55 55 55 55 55 67 39 68 39 57 56 59 49 52 44 44 44 45 45 45 46 46 46 46 46 47 47 47 47 47 47 47 48 48 48 48 48 48 48 49 49 49 49 49 50 
50 50 51 51 51 51 51 52 52 52 52 52 53 53 53 53 53 54 54 54 54 54 55 55 55 55 55 56 56 56 56 56 56 56 56 56 56 56 56 56 56 56 51 51 55 51 51 43 44 44 44 45 45 45 46 46 46 47 47 47 47 48 48 48 48 48 48 48 49 49 49 49 49 49 49 50 50 50 50 50 
51 51 51 51 51 51 52 52 52 52 52 53 53 53 53 53 54 54 54 54 54 55 55 55 55 55 56 56 56 56 56 56 56 56 56 56 57 60 51 51 51 51 51 51 51 51 51 51 51 51 51 51 51 51 51 51 51 51 51 51 51 51 51 51 51 51 51 51 51 51 51 51 51 51 51 51 51 51 51 51 
53 53 53 53 54 54 54 54 54 54 54 55 55 55 55 55 56 56 56 56 56 57 57 57 57 57 130 163 71 42 70 52 72 119 34 43 43 44 44 44 45 135 175 102 112 142 97 54 47 46 74 48 48 49 48 63 50 55 50 51 51 51 61 49 84 51 52 52 52 52 52 52 52 53 53 53 53 53 53 53 
54 54 54 54 55 55 55 55 55 55 55 56 56 56 56 56 56 56 57 57 57 57 57 58 60 51 51 187 255 119 171 129 47 43 43 44 192 157 68 48 45 46 46 46 47 47 47 47 48 48 48 49 49 49 50 50 50 51 51 61 66 64 64 52 52 52 53 53 53 53 53 53 53 53 54 54 54 54 54 54 
55 55 55 55 55 55 55 56 56 56 56 56 56 56 57 57 57 57 57 57 57 58 70 51 39 58 58 59 71 39 54 43 43 43 44 44 44 45 45 45 46 46 46 47 47 47 47 48 48 48 49 49 49 50 50 50 51 51 51 52 52 52 52 53 53 53 53 53 53 54 54 54 54 54 54 54 55 55 55 55 
55 56 56 56 56 56 56 56 57 57 57 57 57 57 57 58 58 58 58 58 58 58 58 59 59 59 59 59 59 45 40 43 43 51 69 63 62 67 64 79 84 82 81 84 83 66 65 84 78 67 71 66 50 62 75 78 73 57 52 52 52 75 99 98 79 54 74 78 54 54 55 55 55 55 55 55 55 56 56 56 
56 56 56 56 57 57 57 57 57 57 57 57 58 58 58 58 58 58 58 59 71 51 50 48 47 59 60 66 44 0 38 43 43 70 44 44 44 60 50 84 85 46 57 86 52 66 50 48 71 65 49 49 47 82 83 80 78 51 52 52 49 105 53 53 50 106 55 54 55 55 55 55 55 55 56 56 56 56 56 56 
57 57 57 57 57 57 57 58 58 58 58 58 58 58 59 59 59 59 59 71 51 49 49 48 60 60 71 34 0 33 43 43 60 73 44 44 45 45 45 46 46 45 86 47 47 48 48 48 49 49 49 48 74 80 83 71 51 51 52 49 105 53 53 53 54 54 54 54 55 55 55 52 102 106 56 56 57 57 57 57 
57 57 57 58 58 58 58 58 58 58 59 59 59 59 59 59 59 60 60 60 51 51 60 60 60 61 61 61 61 61 61 61 61 61 61 61 61 61 61 61 61 61 61 61 61 61 61 61 61 61 61 61 61 61 61 61 61 61 61 61 61 61 61 61 61 61 61 61 61 61 61 61 61 61 61 61 61 61 61 61 
61 61 61 61 61 61 61 61 61 61 61 61 61 61 61 61 61 61 61 61 61 61 61 61 61 61 61 61 61 61 61 61 61 61 61 61 61 61 61 61 61 61 61 61 61 61 61 61 61 61 61 61 61 61 61 61 61 61 61 61 61 61 61 61 61 61 61 61 61 61 61 61 61 61 61 61 61 61 61 61 
61 61 61 61 61 61 61 61 61 61 61 61 61 61 61 61 61 61 61 61 61 61 61 61 61 61 61 61 61 61 61 61 61 61 61 61 61 61 61 61 61 61 61 61 61 61 61 61 61 61 61 61 61 61 61 61 61 61 61 61 61 61 61 61 61 61 61 61 61 61 61 61 61 61 61 61 61 61 61 61 
61 61 61 61 61 61 61 61 61 61 61 61 61 61 61 61 61 61 61 61 61 61 61 61 61 61 61 61 61 61 61 61 61 61 61 61 61 61 61 61 61 61 61 61 61 61 61 61 61 61 61 61 61 61 61 61 61 61 61 61 61 61 61 61 61 61 61 61 61 61 61 61 61 61 61 61 61 61 61 61 
61 61 61 61 61 61 61 61 61 61 61 61 61 61 61 61 61 61 61 61 61 61 61 61 61 61 61 61 61 61 61 61 61 61 61 61 61 61 61 61 61 61 61 61 61 61 61 61 61 61 61 61 61 61 61 61 61 61 61 61 61 61 61 61 61 61 61 61 61 61 61 61 61 61 61 61 61 61 61 61 
61 61 61 61 61 61 61 61 61 61 61 61 61 61 61 61 61 61 61 61 61 61 61 61 61 61 61 61 61 61 61 61 61 61 61 61 61 61 61 61 61 61 61 61 61 61 61 61 61 61 61 61 61 61 61 61 61 61 61 61 61 61 61 61 61 61 61 61 61 61 61 61 61 61 61 61 61 61 61 61 
61 61 61 61 61 61 61 61 61 61 61 61 61 61 61 61 61 61 61 61 61 61 61 61 61 61 61 61 61 61 61 61 61 61 61 61 61 61 61 61 61 61 61 61 61 61 61 61 61 61 61 61 61 61 61 61 61 61 61 61 61 61 61 61 61 61 61 61 61 61 61 61 61 61 61 61 61 61 61 61 
61 61 61 61 61 61 61 61 61 61 61 61 61 61 61 61 61 61 61 61 61 61 61 61 61 61 61 61 61 61 61 61 61 61 61 61 61 61 61 61 61 61 61 61 61 61 61 61 61 61 61 61 61 61 61 61 61 61 61 61 61 61 61 61 61 61 61 61 61 61 61 61 61 61 61 61 61 61 61 61 
61 61 61 61 61 61 61 61 61 61 61 61 61 61 61 61 61 61 61 61 61 61 61 61 61 61 61 61 61 61 61 61 61 61 61 61 61 61 61 61 61 61 61 61 61 61 61 61 61 61 61 61 61 61 61 61 61 61 61 61 61 61 61 61 61 61 61 61 61 61 61 61 61 61 61 61 61 61 61 61 
61 61 61 61 61 61 61 61 61 61 61 61 61 61 61 61 61 61 61 61 61 61 61 61 61 61 61 61 61 61 61 61 61 61 61 61 61 61 61 61 61 61 61 61 61 61 61 61 61 61 61 61 61 61 61 61 61 61 61 61 61 61 61 61 61 61 61 61 61 61 61 61 61 61 61 61 61 61 61 61 
61 61 61 61 61 61 61 61 61 61 61 61 61 61 61 61 61 61 61 61 61 61 61 61 61 61 61 61 61 61 61 61 61 61 61 61 61 61 61 61 61 61 61 61 61 61 61 61 61 61 61 61 61 61 61 61 61 61 61 61 61 61 61 61 61 61 61 61 61 61 61 61 61 61 61 61 61 61 61 61 
