21 21 22 22 22 22 22 22 22 22 22 22 22 22 22 23 23 23 23 23 23 23 23 23 23 23 23 23 23 23 24 24 24 24 24 24 24 24 24 24 24 24 24 24 24 24 24 24 24 24 24 24 24 24 24 24 24 24 24 24 24 25 24 24 24 24 24 24 24 24 24 24 24 24 24 24 24 24 24 24 
21 21 22 22 22 22 22 22 22 22 22 22 22 22 23 23 23 23 23 23 23 23 23 23 23 23 23 23 23 24 24 24 24 24 24 24 24 24 24 24 24 24 24 24 24 24 24 24 24 24 24 24 24 24 24 24 24 24 24 24 24 24 24 24 24 24 24 24 24 24 24 24 24 24 24 24 24 24 24 24 
21 21 21 22 22 22 22 22 22 22 22 22 22 23 23 23 23 23 23 23 23 23 23 23 23 23 23 23 24 24 24 24 24 24 24 24 24 24 24 24 24 24 24 24 24 24 24 24 24 24 24 24 24 24 24 24 24 24 24 24 24 24 24 24 24 24 24 24 24 24 24 24 24 24 24 24 24 24 24 24 
21 21 21 21 22 22 22 22 22 22 22 22 22 22 23 23 23 23 23 23 23 23 23 23 23 23 23 24 24 24 24 24 24 24 24 24 24 24 24 24 24 24 24 24 24 24 24 24 24 24 24 24 24 24 24 24 24 24 24 24 24 24 24 24 24 24 24 24 24 24 24 24 24 24 24 24 24 24 24 24 
21 21 21 21 21 22 22 22 22 22 22 22 22 22 23 23 23 23 23 23 23 23 23 23 23 23 23 23 24 24 24 24 24 24 24 24 24 24 24 24 24 24 24 24 24 24 24 24 24 24 24 24 24 24 24 24 24 24 24 24 24 24 24 24 24 24 24 24 24 24 24 24 24 24 24 24 24 24 24 24 
21 21 21 21 21 21 22 22 22 22 22 22 22 22 22 23 23 23 23 23 23 23 23 23 23 23 23 23 24 24 24 24 24 24 24 24 24 24 24 24 24 24 24 24 24 24 24 24 24 24 24 24 24 24 24 24 24 24 24 24 24 24 24 24 24 24 24 24 24 24 24 24 24 24 24 24 24 24 24 24 
21 21 21 21 21 21 21 22 22 22 22 22 22 22 22 23 23 23 23 23 23 23 23 23 23 23 23 23 24 24 24 24 24 24 24 24 24 24 24 24 24 24 24 24 24 24 24 24 24 24 24 24 24 24 24 24 24 24 24 24 24 24 24 24 24 24 24 24 24 24 24 24 24 24 24 24 24 24 24 24 
21 21 21 21 21 21 21 21 22 22 22 22 22 22 22 22 23 23 23 23 23 23 23 23 23 23 23 23 23 24 24 24 24 24 24 24 24 24 24 24 24 24 24 24 24 24 24 24 24 24 24 24 24 24 24 24 24 24 24 24 24 24 24 24 24 24 24 24 24 24 24 24 24 24 24 24 24 24 24 24 
20 21 21 21 21 21 21 21 21 22 22 22 22 22 22 22 22 23 23 23 23 23 23 23 23 23 23 23 23 24 24 24 24 24 24 24 24 24 24 24 24 24 24 24 24 24 24 24 24 24 24 24 24 24 24 24 24 24 24 24 24 24 24 24 24 24 24 24 24 24 24 24 24 24 24 24 24 24 24 24 
20 20 21 21 21 21 21 21 21 21 22 22 22 22 22 22 22 23 23 23 23 23 23 23 23 23 23 23 23 24 24 24 24 24 24 24 24 24 24 24 24 24 24 24 24 24 24 24 24 24 24 24 24 24 24 24 24 24 24 23 23 23 23 23 23 23 23 24 24 24 24 24 24 24 24 24 24 24 24 24 
20 20 20 20 21 21 21 21 21 21 21 22 22 22 22 22 22 22 23 23 23 23 23 23 23 23 23 23 23 23 24 24 24 24 24 24 24 24 24 24 24 24 24 24 24 24 24 24 24 24 24 24 24 24 24 23 23 23 23 23 23 23 23 23 23 23 23 23 23 24 24 24 24 24 24 24 24 24 24 24 
20 20 20 20 20 21 21 21 21 21 21 21 22 22 22 22 22 22 22 23 23 23 23 23 23 23 23 23 23 23 24 24 24 24 24 24 24 24 24 24 24 24 24 24 24 24 24 24 24 24 24 24 23 23 23 23 23 23 23 23 23 23 23 23 23 23 23 23 23 23 24 24 24 24 24 24 24 24 24 24 
20 20 20 20 20 20 20 21 21 21 21 21 21 22 22 22 22 22 22 23 23 23 23 23 23 23 23 23 23 23 23 24 24 24 24 24 24 24 24 24 24 24 24 24 24 24 24 24 24 24 23 23 23 23 23 23 23 23 23 23 23 23 23 23 23 23 23 23 23 23 23 24 24 24 24 24 24 24 24 24 
19 19 20 20 20 20 20 20 20 21 21 21 21 21 21 22 22 22 22 22 22 23 23 23 23 23 23 23 23 23 23 24 24 24 24 24 24 24 24 24 24 24 24 24 24 24 24 24 23 23 23 23 23 23 23 23 23 23 23 23 23 23 23 23 23 23 23 23 23 23 23 23 24 24 24 24 24 24 24 24 
19 19 19 19 20 20 20 20 20 20 21 21 21 21 21 21 22 22 22 22 22 22 22 22 23 23 23 23 23 23 23 23 23 23 24 24 24 24 24 24 24 24 24 24 24 24 23 23 23 23 23 23 23 23 23 23 23 22 22 22 22 23 23 23 23 23 23 23 23 23 23 23 24 24 24 24 24 24 24 22 
19 19 19 19 19 20 20 20 20 20 20 20 21 21 21 21 21 21 21 22 22 22 22 22 22 22 22 23 23 23 23 23 23 23 23 23 24 24 24 24 24 24 23 23 23 23 23 23 23 23 23 23 23 23 23 23 23 23 23 23 23 23 23 23 23 23 23 23 24 24 24 24 24 24 24 24 24 24 19 19 
19 19 19 19 19 19 20 20 20 20 20 20 20 21 21 21 21 21 21 21 21 22 22 22 22 22 22 22 22 23 23 23 23 23 23 23 23 23 23 23 23 23 23 23 23 23 23 23 23 23 23 23 23 23 23 23 23 23 23 23 23 23 24 24 24 24 24 24 24 24 24 24 24 25 25 25 18 18 19 19 
19 19 19 19 19 19 20 20 20 20 20 20 20 20 21 21 21 21 21 21 21 21 22 22 22 22 22 22 22 22 23 23 23 23 23 23 23 23 23 23 23 23 23 23 23 23 23 23 23 23 23 23 23 23 23 24 24 24 24 24 24 24 24 24 24 24 24 24 25 25 25 25 25 22 18 18 18 18 18 18 
19 19 19 19 19 19 19 19 20 20 20 20 20 20 20 20 20 21 21 21 21 21 21 21 22 22 22 22 22 22 22 22 23 23 23 23 23 23 23 23 23 23 23 24 24 24 24 24 24 24 24 24 24 24 24 24 24 24 24 24 24 25 25 25 25 25 25 25 25 25 25 22 17 17 17 17 17 17 17 17 
17 18 18 18 18 18 19 19 19 19 19 19 19 19 20 20 20 20 20 20 21 21 21 21 21 21 22 22 22 22 22 22 23 23 23 23 23 23 23 24 24 24 24 24 24 24 24 24 24 24 24 24 25 25 25 25 25 25 25 25 25 25 25 25 25 25 25 25 25 16 16 16 16 16 16 16 16 16 16 16 
17 17 18 18 18 18 18 18 18 19 19 19 19 20 20 20 20 21 21 21 21 21 21 22 22 22 22 23 23 23 23 23 24 24 24 24 24 24 24 25 25 25 25 25 25 25 25 25 25 25 25 25 25 25 25 25 25 25 25 25 25 26 22 16 16 16 16 15 15 15 15 15 15 15 15 15 15 15 15 15 
16 16 16 16 17 17 17 17 17 18 18 18 19 19 19 19 20 20 20 20 21 21 21 21 22 22 22 23 23 23 23 24 24 24 24 24 24 24 25 25 25 25 25 25 25 25 25 25 25 25 25 25 25 25 25 25 25 25 25 25 25 18 18 18 17 17 17 17 16 16 16 15 15 14 14 14 14 14 14 14 
15 15 15 16 16 16 17 17 17 18 18 18 19 19 19 20 20 20 21 21 21 22 22 22 23 23 23 23 24 24 24 24 24 24 24 24 25 25 25 25 25 25 25 25 25 25 25 25 25 25 25 25 25 25 25 25 25 27 27 27 27 27 27 27 27 27 27 27 27 27 27 15 14 14 13 13 13 13 14 14 
14 14 14 14 15 15 16 16 16 17 17 18 18 19 19 19 20 20 21 21 21 22 22 23 23 23 24 24 24 24 24 24 24 24 24 25 25 25 25 25 25 25 25 25 25 25 25 25 25 25 25 25 25 25 25 27 27 27 27 27 27 27 27 27 27 27 27 27 27 27 27 27 26 20 10 13 13 13 12 12 
12 12 12 13 13 14 14 14 15 15 16 16 16 17 17 18 19 19 20 20 21 22 22 23 23 23 24 24 24 24 24 24 24 24 25 25 25 25 25 25 25 25 25 25 25 25 25 24 24 24 24 24 24 27 27 27 27 27 27 27 27 27 27 27 27 27 27 27 27 27 28 28 28 28 28 28 28 28 28 28 
11 11 11 12 13 14 15 16 17 18 19 20 20 21 21 21 22 22 22 23 23 23 24 24 24 24 24 24 24 24 24 24 24 24 24 24 24 24 24 24 24 24 27 27 27 27 27 27 27 27 27 27 27 27 27 27 27 27 29 22 16 16 16 16 16 16 16 16 16 16 16 16 16 16 16 16 16 16 16 16 
15 15 16 16 17 18 18 19 19 20 20 21 21 21 22 22 22 23 23 23 23 23 23 23 23 23 24 24 24 24 24 18 27 27 27 27 27 27 27 27 27 27 27 27 27 27 28 28 23 18 20 23 23 23 22 22 22 22 22 22 22 22 22 22 22 22 22 22 22 22 22 22 22 22 22 22 22 22 22 22 
15 16 16 17 18 18 19 19 20 20 21 21 22 22 22 22 22 23 23 23 23 27 27 27 27 27 27 27 27 27 27 27 27 27 27 27 27 18 16 16 16 16 16 16 16 16 16 16 16 16 16 16 16 16 16 16 16 16 16 16 16 16 16 16 16 16 16 16 16 16 16 16 16 16 16 16 16 16 16 16 
13 12 12 11 11 12 12 12 12 12 22 27 27 27 27 27 27 27 27 27 27 27 27 27 27 24 19 18 21 22 22 22 22 23 27 27 23 16 18 17 16 16 18 19 21 22 23 24 24 25 25 25 25 24 24 24 24 24 24 24 24 23 23 23 23 22 23 22 21 21 20 19 19 18 18 18 17 17 16 15 
13 12 12 11 11 11 11 11 11 11 11 11 11 11 11 11 11 11 11 11 11 11 11 11 11 11 11 11 11 11 11 11 11 11 11 11 11 11 11 11 11 11 11 11 11 11 11 11 11 11 11 11 11 11 11 11 11 11 11 11 11 11 11 11 11 11 11 11 11 11 11 11 11 11 11 11 11 11 11 11 
27 27 27 27 27 27 27 27 27 27 27 27 29 17 19 22 22 22 22 22 14 27 27 27 27 24 14 27 30 17 17 17 18 18 18 18 19 19 18 18 17 18 17 17 17 18 20 21 22 23 24 24 24 24 24 24 24 24 24 24 24 23 23 23 23 23 23 23 22 22 22 22 21 21 20 20 19 16 27 27 
27 27 27 27 27 27 27 27 20 19 20 22 22 22 22 21 27 27 27 27 27 23 27 27 27 27 22 17 14 17 16 18 17 18 14 15 16 17 19 20 21 20 18 18 16 15 13 13 13 13 13 13 13 13 13 13 13 13 13 13 13 13 13 13 13 13 13 13 13 13 13 13 13 13 13 13 13 13 13 13 
21 22 22 21 20 21 27 27 27 26 23 23 27 27 27 24 17 20 21 18 15 12 12 12 12 12 12 12 12 12 12 12 12 12 12 12 12 12 12 12 12 12 12 12 12 12 12 12 12 12 12 12 12 12 12 12 12 12 12 12 12 12 12 12 12 12 12 12 12 12 12 12 12 12 12 12 12 12 12 12 
27 27 27 27 29 17 16 16 17 19 21 23 24 24 23 21 18 16 16 15 16 18 21 21 21 21 19 20 20 19 19 18 18 17 16 16 16 16 16 16 16 16 15 14 14 14 13 13 13 12 12 12 12 12 12 12 12 12 12 12 12 12 12 12 12 12 12 12 12 12 12 12 12 12 12 12 12 12 12 12 
20 20 19 19 20 22 24 22 19 16 14 14 14 14 14 14 14 14 14 14 14 14 14 14 14 14 14 14 14 14 14 14 14 14 14 14 14 14 14 14 14 14 14 14 14 14 14 14 14 14 14 14 14 14 14 14 14 14 14 14 14 14 14 14 14 14 14 14 14 14 14 14 14 14 14 14 14 14 14 14 
21 23 23 23 21 20 20 21 21 22 22 22 21 21 20 20 20 19 16 15 16 17 17 17 16 14 13 12 12 12 12 12 12 12 12 12 12 12 12 12 12 12 12 12 12 12 12 12 12 12 12 12 12 12 12 12 12 12 12 12 12 12 12 12 12 12 12 12 12 12 12 12 12 12 12 12 12 12 12 12 
20 19 17 15 14 12 13 15 17 18 18 18 18 17 17 17 16 15 14 15 13 27 27 27 27 27 27 27 27 27 27 28 27 14 19 22 22 22 22 21 14 27 26 15 27 27 27 25 27 16 14 13 13 13 15 16 17 17 17 17 18 18 19 19 19 19 20 19 19 18 18 17 17 17 16 16 18 17 17 17 
18 17 16 18 16 16 16 15 15 15 16 16 16 15 18 15 27 27 27 27 27 27 27 27 27 28 28 21 15 20 22 22 22 22 20 27 28 22 27 27 26 27 23 17 17 17 15 14 14 14 11 12 15 19 20 18 17 18 17 18 18 17 17 18 21 21 18 17 21 21 18 16 16 18 19 17 15 14 14 14 
18 18 18 18 16 14 12 11 11 12 12 27 27 27 27 27 27 27 27 27 27 27 16 17 21 22 22 22 22 21 21 21 21 21 21 21 21 21 21 21 21 21 21 21 21 21 21 21 21 21 21 21 21 21 21 21 21 21 21 21 21 21 21 21 21 21 21 21 21 21 21 21 21 21 21 21 21 21 21 21 
22 27 27 27 27 27 27 27 27 27 27 22 18 20 22 22 22 21 23 27 21 14 18 20 18 18 17 17 16 16 16 18 20 23 22 21 21 20 20 19 19 18 18 17 17 16 16 17 17 18 18 17 16 15 15 16 17 18 18 18 18 17 17 17 17 17 17 16 16 15 15 14 14 14 14 15 15 15 16 17 
27 27 26 19 17 21 22 22 22 21 17 27 20 15 18 21 22 20 19 19 17 16 15 15 15 16 17 19 19 20 22 21 20 18 16 16 15 14 15 15 15 16 16 17 17 17 18 18 17 17 16 16 17 17 17 17 18 18 18 18 18 16 17 17 16 16 14 13 13 13 13 13 13 13 13 13 13 13 13 13 
22 14 19 20 19 17 16 16 16 15 15 16 17 16 16 16 16 17 18 18 18 18 18 18 17 17 16 17 17 18 17 16 15 16 16 17 18 18 17 17 17 17 16 15 15 13 13 13 13 13 14 15 16 17 19 19 19 19 19 18 18 17 24 27 27 27 27 27 27 27 25 21 16 20 21 22 22 21 18 17 
18 16 15 16 18 19 18 17 16 17 17 18 18 17 17 17 17 18 19 20 20 19 19 18 17 16 16 15 15 15 16 16 17 17 17 16 16 15 15 15 15 15 15 15 15 16 16 17 18 18 18 18 18 15 27 27 27 27 27 27 27 28 22 17 19 22 22 22 22 19 25 19 19 18 16 14 15 16 17 18 
20 16 13 15 16 17 17 17 17 17 16 17 18 19 18 17 17 16 16 16 16 16 17 17 17 17 17 18 17 17 16 15 16 18 19 19 19 18 17 16 16 16 16 16 16 16 27 27 27 27 27 27 27 27 15 17 21 22 22 22 21 17 13 0 0 1 0 0 0 0 0 1 1 0 1 2 0 0 0 1 
0 0 1 1 2 1 1 0 0 5 4 0 0 0 0 0 0 0 0 17 17 16 17 17 17 17 17 18 18 19 19 19 18 18 17 16 15 14 27 27 27 27 27 27 27 24 13 20 22 22 22 22 21 17 1 0 0 1 0 0 0 0 0 1 1 0 1 2 1 1 0 1 2 1 0 0 1 0 0 0 
0 1 1 0 0 0 2 3 1 0 0 0 0 0 0 0 0 0 0 0 0 0 0 0 0 0 0 0 0 0 0 0 0 1 1 14 27 27 27 27 27 27 23 18 18 21 22 22 22 20 9 1 1 0 0 0 0 0 0 0 1 1 0 0 0 1 1 1 0 0 1 0 0 0 1 0 0 0 0 1 
0 0 1 1 2 1 1 2 1 0 0 0 0 0 0 0 0 1 0 0 0 0 0 0 0 0 0 0 1 0 0 0 0 1 0 13 27 27 27 27 27 27 24 16 16 16 16 16 16 16 16 16 16 16 16 16 16 16 16 16 16 16 16 16 16 16 16 16 16 16 16 16 16 16 16 16 16 16 16 16 
0 0 0 0 0 0 1 1 1 1 2 5 2 0 0 0 0 1 0 0 0 1 1 0 0 27 27 27 27 27 26 11 17 21 22 22 22 21 15 0 1 0 0 0 0 0 0 0 0 0 0 1 1 1 0 0 0 1 1 1 1 0 0 0 0 0 0 0 0 0 0 0 0 2 2 0 0 0 0 0 
0 0 0 0 0 0 0 1 1 2 4 10 5 0 0 0 1 0 0 0 1 1 0 0 0 27 27 27 27 28 23 14 19 22 22 22 22 20 3 1 1 0 0 0 0 0 0 0 1 1 0 0 1 1 0 0 0 0 1 1 1 1 1 0 0 0 0 0 0 0 0 0 0 1 2 0 0 0 0 0 
0 0 2 2 0 0 0 0 1 1 3 8 4 0 0 1 1 0 0 0 1 1 0 0 0 27 27 27 27 26 20 16 20 22 22 22 22 19 6 1 0 0 0 0 0 0 0 0 2 2 0 0 0 1 1 0 0 0 1 2 1 1 2 1 0 0 0 0 0 0 0 0 0 0 0 0 0 0 0 0 
0 1 4 4 0 0 0 0 0 0 1 3 2 0 1 2 2 4 5 0 0 0 0 0 0 27 27 27 27 25 12 16 16 16 16 16 16 16 16 16 16 16 16 16 16 16 16 16 16 16 16 16 16 16 16 16 16 16 16 16 16 16 16 16 16 16 16 16 16 16 16 16 16 16 16 16 16 16 16 16 
0 1 2 1 5 3 44 49 0 0 1 2 1 0 27 27 27 27 11 19 21 22 22 22 22 22 22 22 22 22 22 22 22 22 22 22 22 22 22 22 22 22 22 22 22 22 22 22 22 22 22 22 22 22 22 22 22 22 22 22 22 22 22 22 22 22 22 22 22 22 22 22 22 22 22 22 22 22 22 22 
9 18 7 13 27 27 23 19 19 21 22 22 21 9 1 1 0 0 1 1 0 0 0 0 2 3 3 1 0 0 0 0 1 0 0 0 0 0 0 1 1 2 1 5 4 1 0 0 0 1 1 0 0 0 0 0 0 0 1 0 0 1 4 2 1 1 0 0 0 0 1 1 0 1 2 1 0 0 34 51 
32 47 29 27 26 22 18 20 22 22 21 10 0 1 1 0 0 0 0 1 1 0 0 2 3 3 1 0 0 0 1 2 1 0 0 0 0 0 0 1 2 2 4 3 0 0 0 0 1 1 1 0 0 0 1 0 0 0 0 0 0 1 0 0 0 0 0 0 0 0 0 1 0 0 34 28 5 0 0 0 
0 0 13 26 24 19 18 21 22 22 18 6 0 0 1 1 0 0 0 1 2 1 0 1 2 2 0 0 0 0 1 2 2 0 0 0 0 0 0 1 2 1 2 1 0 0 1 2 1 1 0 0 0 1 1 0 0 0 0 0 0 1 0 0 0 0 0 0 0 0 2 6 3 1 1 1 0 0 0 0 
0 0 13 25 18 12 12 12 12 12 12 12 12 12 12 12 12 12 12 12 12 12 12 12 12 12 12 12 12 12 12 12 12 12 12 12 12 12 12 12 12 12 12 12 12 12 12 12 12 12 12 12 12 12 12 12 12 12 12 12 12 12 12 12 12 12 12 12 12 12 12 12 12 12 12 12 12 12 12 12 
0 0 1 1 1 1 1 0 0 2 1 0 0 0 1 0 0 0 0 85 1 75 2 70 0 1 1 1 1 1 1 1 0 0 0 1 2 1 1 1 1 0 0 1 1 0 0 1 0 0 0 0 1 2 2 1 0 0 0 0 3 5 1 17 51 34 1 2 0 17 34 0 25 13 16 22 22 20 0 0 
0 0 1 1 1 1 1 0 0 1 0 0 0 1 1 0 0 0 0 1 1 1 1 0 0 1 2 2 1 0 0 1 0 0 0 1 1 0 1 1 1 0 0 1 1 0 0 1 0 0 0 0 1 3 2 1 0 0 0 0 1 1 0 1 1 0 1 2 0 0 0 1 1 1 1 1 1 1 1 1 
52 36 0 0 0 79 80 0 0 0 1 1 0 102 0 1 0 102 1 0 1 1 0 1 2 0 1 0 1 1 0 0 1 1 0 1 0 0 0 1 0 4 2 1 1 2 1 0 0 0 0 0 1 51 51 44 32 0 0 1 49 16 21 22 21 36 60 0 0 0 0 1 1 0 1 84 1 0 3 4 
1 0 0 0 0 30 67 37 0 0 1 1 0 51 51 0 0 0 0 0 1 1 1 1 1 51 102 51 0 1 0 0 0 1 1 1 0 0 0 1 1 2 1 0 0 1 1 0 0 0 0 0 0 34 51 17 1 0 0 0 1 2 2 2 2 2 2 2 2 2 2 2 2 2 2 2 2 2 2 2 
2 2 2 2 2 2 2 2 2 2 2 2 2 2 2 2 2 2 2 2 2 2 2 2 2 2 2 2 2 2 2 2 2 2 2 2 2 2 2 2 2 2 2 2 2 2 2 2 2 2 2 2 2 2 2 2 2 2 2 2 2 2 2 2 2 2 2 2 2 2 2 2 2 2 2 2 2 2 2 2 
2 2 2 2 2 2 2 2 2 2 2 2 2 2 2 2 2 2 2 2 2 2 2 2 2 2 2 2 2 2 2 2 2 2 2 2 2 2 2 2 2 2 2 2 2 2 2 2 2 2 2 2 2 2 2 2 2 2 2 2 2 2 2 2 2 2 2 2 2 2 2 2 2 2 2 2 2 2 2 2 
2 2 2 2 2 2 2 2 2 2 2 2 2 2 2 2 2 2 2 2 2 2 2 2 2 2 2 2 2 2 2 2 2 2 2 2 2 2 2 2 2 2 2 2 2 2 2 2 2 2 2 2 2 2 2 2 2 2 2 2 2 2 2 2 2 2 2 2 2 2 2 2 2 2 2 2 2 2 2 2 
2 2 2 2 2 2 2 2 2 2 2 2 2 2 2 2 2 2 2 2 2 2 2 2 2 2 2 2 2 2 2 2 2 2 2 2 2 2 2 2 2 2 2 2 2 2 2 2 2 2 2 2 2 2 2 2 2 2 2 2 2 2 2 2 2 2 2 2 2 2 2 2 2 2 2 2 2 2 2 2 
2 2 2 2 2 2 2 2 2 2 2 2 2 2 2 2 2 2 2 2 2 2 2 2 2 2 2 2 2 2 2 2 2 2 2 2 2 2 2 2 2 2 2 2 2 2 2 2 2 2 2 2 2 2 2 2 2 2 2 2 2 2 2 2 2 2 2 2 2 2 2 2 2 2 2 2 2 2 2 2 
2 2 2 2 2 2 2 2 2 2 2 2 2 2 2 2 2 2 2 2 2 2 2 2 2 2 2 2 2 2 2 2 2 2 2 2 2 2 2 2 2 2 2 2 2 2 2 2 2 2 2 2 2 2 2 2 2 2 2 2 2 2 2 2 2 2 2 2 2 2 2 2 2 2 2 2 2 2 2 2 
2 2 2 2 2 2 2 2 2 2 2 2 2 2 2 2 2 2 2 2 2 2 2 2 2 2 2 2 2 2 2 2 2 2 2 2 2 2 2 2 2 2 2 2 2 2 2 2 2 2 2 2 2 2 2 2 2 2 2 2 2 2 2 2 2 2 2 2 2 2 2 2 2 2 2 2 2 2 2 2 
2 2 2 2 2 2 2 2 2 2 2 2 2 2 2 2 2 2 2 2 2 2 2 2 2 2 2 2 2 2 2 2 2 2 2 2 2 2 2 2 2 2 2 2 2 2 2 2 2 2 2 2 2 2 2 2 2 2 2 2 2 2 2 2 2 2 2 2 2 2 2 2 2 2 2 2 2 2 2 2 
2 2 2 2 2 2 2 2 2 2 2 2 2 2 2 2 2 2 2 2 2 2 2 2 2 2 2 2 2 2 2 2 2 2 2 2 2 2 2 2 2 2 2 2 2 2 2 2 2 2 2 2 2 2 2 2 2 2 2 2 2 2 2 2 2 2 2 2 2 2 2 2 2 2 2 2 2 2 2 2 
2 2 2 2 2 2 2 2 2 2 2 2 2 2 2 2 2 2 2 2 2 2 2 2 2 2 2 2 2 2 2 2 2 2 2 2 2 2 2 2 2 2 2 2 2 2 2 2 2 2 2 2 2 2 2 2 2 2 2 2 2 2 2 2 2 2 2 2 2 2 2 2 2 2 2 2 2 2 2 2 
2 2 2 2 2 2 2 2 2 2 2 2 2 2 2 2 2 2 2 2 2 2 2 2 2 2 2 2 2 2 2 2 2 2 2 2 2 2 2 2 2 2 2 2 2 2 2 2 2 2 2 2 2 2 2 2 2 2 2 2 2 2 2 2 2 2 2 2 2 2 2 2 2 2 2 2 2 2 2 2 
2 2 2 2 2 2 2 2 2 2 2 2 2 2 2 2 2 2 2 2 2 2 2 2 2 2 2 2 2 2 2 2 2 2 2 2 2 2 2 2 2 2 2 2 2 2 2 2 2 2 2 2 2 2 2 2 2 2 2 2 2 2 2 2 2 2 2 2 2 2 2 2 2 2 2 2 2 2 2 2 
2 2 2 2 2 2 2 2 2 2 2 2 2 2 2 2 2 2 2 2 2 2 2 2 2 2 2 2 2 2 2 2 2 2 2 2 2 2 2 2 2 2 2 2 2 2 2 2 2 2 2 2 2 2 2 2 2 2 2 2 2 2 2 2 2 2 2 2 2 2 2 2 2 2 2 2 2 2 2 2 
2 2 2 2 2 2 2 2 2 2 2 2 2 2 2 2 2 2 2 2 2 2 2 2 2 2 2 2 2 2 2 2 2 2 2 2 2 2 2 2 2 2 2 2 2 2 2 2 2 2 2 2 2 2 2 2 2 2 2 2 2 2 2 2 2 2 2 2 2 2 2 2 2 2 2 2 2 2 2 2 
2 2 2 2 2 2 2 2 2 2 2 2 2 2 2 2 2 2 2 2 2 2 2 2 2 2 2 2 2 2 2 2 2 2 2 2 2 2 2 2 2 2 2 2 2 2 2 2 2 2 2 2 2 2 2 2 2 2 2 2 2 2 2 2 2 2 2 2 2 2 2 2 2 2 2 2 2 2 2 2 
2 2 2 2 2 2 2 2 2 2 2 2 2 2 2 2 2 2 2 2 2 2 2 2 2 2 2 2 2 2 2 2 2 2 2 2 2 2 2 2 2 2 2 2 2 2 2 2 2 2 2 2 2 2 2 2 2 2 2 2 2 2 2 2 2 2 2 2 2 2 2 2 2 2 2 2 2 2 2 2 
2 2 2 2 2 2 2 2 2 2 2 2 2 2 2 2 2 2 2 2 2 2 2 2 2 2 2 2 2 2 2 2 2 2 2 2 2 2 2 2 2 2 2 2 2 2 2 2 2 2 2 2 2 2 2 2 2 2 2 2 2 2 2 2 2 2 2 2 2 2 2 2 2 2 2 2 2 2 2 2 
2 2 2 2 2 2 2 2 2 2 2 2 2 2 2 2 2 2 2 2 2 2 2 2 2 2 2 2 2 2 2 2 2 2 2 2 2 2 2 2 2 2 2 2 2 2 2 2 2 2 2 2 2 2 2 2 2 2 2 2 2 2 2 2 2 2 2 2 2 2 2 2 2 2 2 2 2 2 2 2 
2 2 2 2 2 2 2 2 2 2 2 2 2 2 2 2 2 2 2 2 2 2 2 2 2 2 2 2 2 2 2 2 2 2 2 2 2 2 2 2 2 2 2 2 2 2 2 2 2 2 2 2 2 2 2 2 2 2 2 2 2 2 2 2 2 2 2 2 2 2 2 2 2 2 2 2 2 2 2 2 
2 2 2 2 2 2 2 2 2 2 2 2 2 2 2 2 2 2 2 2 2 2 2 2 2 2 2 2 2 2 2 2 2 2 2 2 2 2 2 2 2 2 2 2 2 2 2 2 2 2 2 2 2 2 2 2 2 2 2 2 2 2 2 2 2 2 2 2 2 2 2 2 2 2 2 2 2 2 2 2 
