116 116 116 116 116 116 116 116 116 116 116 116 115 115 115 116 116 116 116 116 116 116 116 115 115 115 115 115 115 115 115 116 116 116 116 116 117 117 117 117 117 117 117 117 117 117 117 117 117 117 116 116 116 116 116 116 116 115 115 115 115 115 115 114 114 114 114 114 114 114 114 114 114 114 114 114 114 114 114 115 
116 116 116 116 116 116 115 115 115 115 115 115 115 115 115 115 115 115 115 115 115 115 115 115 115 115 115 115 115 115 115 115 115 116 116 116 116 117 117 117 117 117 117 117 117 117 117 117 117 117 116 116 116 116 116 116 116 115 115 115 115 115 114 114 114 114 114 114 114 114 114 114 114 114 114 114 114 114 115 115 
115 115 115 115 115 115 115 115 115 115 115 115 115 115 115 115 115 115 115 115 115 115 115 115 115 115 114 114 114 114 115 115 115 115 116 116 116 116 116 117 117 117 117 117 117 117 117 117 117 117 116 116 116 116 116 116 115 115 115 115 115 115 114 114 114 114 114 114 114 114 114 114 114 114 114 114 114 114 115 115 
114 115 115 115 114 114 114 114 114 114 114 114 114 115 115 115 115 114 114 114 114 114 114 114 114 114 114 114 114 114 114 114 115 115 115 116 116 116 116 116 116 117 117 117 117 117 117 117 117 117 116 116 116 116 116 116 115 115 115 115 115 115 114 114 114 114 114 114 114 114 114 114 114 114 114 114 114 115 115 115 
114 114 114 114 114 114 114 114 114 114 114 114 114 114 114 114 114 114 114 114 114 114 114 114 114 114 114 114 114 113 114 114 114 115 115 115 115 116 116 116 116 117 117 117 117 117 117 117 117 117 116 116 116 116 116 115 115 115 115 115 115 115 114 114 114 114 114 114 114 114 114 114 114 114 114 114 114 115 115 115 
113 113 113 113 113 113 113 113 113 113 113 113 113 113 113 113 113 113 113 114 114 114 114 114 114 114 113 113 113 113 113 114 114 114 114 115 115 115 116 116 116 117 117 117 117 117 117 117 117 116 116 116 116 116 116 115 115 115 115 115 115 115 114 114 114 114 114 114 114 114 114 114 114 113 113 114 114 115 115 115 
113 113 112 112 112 112 112 112 112 112 112 112 112 112 113 113 113 113 113 113 113 113 113 113 113 113 113 113 113 113 113 113 113 113 114 114 114 115 115 116 116 117 117 117 117 117 117 116 116 116 116 116 116 116 116 115 115 115 115 115 115 115 114 114 114 114 114 113 113 113 113 113 113 113 114 114 115 115 115 116 
112 112 112 112 112 112 111 111 111 111 111 112 112 112 112 112 112 112 112 112 112 112 113 113 113 113 113 113 113 113 113 113 113 113 113 114 114 115 115 116 116 116 116 116 116 116 116 116 116 116 116 116 116 116 116 116 115 115 115 115 115 114 114 114 114 114 113 113 113 113 113 113 113 114 114 114 115 115 115 115 
112 111 111 111 111 110 110 110 111 111 111 111 111 111 112 112 112 112 112 112 112 112 112 112 112 112 112 112 112 112 112 112 112 112 113 113 114 114 115 115 116 116 116 116 116 116 116 116 116 116 116 116 116 116 116 116 115 115 115 115 114 114 114 114 114 113 113 113 113 113 113 113 113 114 114 115 115 115 115 115 
111 111 110 110 110 110 110 110 110 110 110 110 110 110 110 111 111 111 111 111 111 111 111 111 111 111 111 111 112 112 112 112 112 112 112 113 114 114 114 115 115 116 116 116 116 116 116 116 117 117 116 116 116 116 116 116 115 115 115 115 114 114 114 114 113 113 113 113 113 113 113 113 113 114 114 114 114 114 115 115 
111 110 110 110 110 110 110 109 109 109 109 109 109 110 110 110 110 110 110 110 110 110 110 111 111 111 111 111 111 111 112 112 112 112 112 112 113 113 114 114 115 115 115 115 116 116 116 116 116 116 116 116 116 115 115 115 114 114 114 114 113 113 113 113 112 112 112 112 112 112 112 112 113 113 113 113 113 113 113 113 
111 111 111 111 110 110 110 109 109 109 109 109 109 109 109 109 109 110 110 110 110 110 110 110 110 110 111 111 111 111 111 112 112 112 112 112 112 113 113 114 114 115 115 115 115 115 115 116 116 116 115 115 115 114 114 114 113 113 113 113 112 112 112 112 112 111 111 111 111 111 111 111 111 111 111 112 112 112 112 112 
112 112 112 111 111 110 110 110 109 109 108 108 109 109 109 109 109 109 109 109 109 109 110 110 110 110 110 110 111 111 111 111 111 112 112 112 112 112 113 113 114 114 114 115 115 115 115 115 115 115 115 114 114 114 113 113 113 112 112 112 111 111 111 111 110 110 110 110 109 109 110 110 110 110 110 110 110 110 110 110 
113 113 112 112 111 111 110 110 110 109 109 108 108 108 108 108 108 109 109 109 109 109 109 109 110 110 110 110 110 111 111 111 111 111 111 111 111 112 112 113 113 114 114 114 114 114 114 115 115 114 114 114 113 113 112 112 112 111 111 111 110 110 110 109 109 109 108 108 108 108 108 108 108 108 108 108 108 108 108 108 
114 114 113 113 112 112 111 110 110 109 109 108 108 108 108 108 108 108 108 108 109 109 109 109 109 110 110 110 110 110 110 110 110 110 111 111 111 111 111 112 112 113 113 113 114 114 114 114 114 114 113 113 112 112 111 111 111 110 110 110 109 109 108 108 107 107 106 106 106 106 106 106 106 106 106 106 106 106 106 106 
115 115 114 114 113 112 112 111 111 110 109 109 108 108 107 107 108 108 108 108 108 108 109 109 109 109 109 109 109 109 109 110 110 110 110 110 110 111 111 111 112 112 113 113 113 113 113 114 114 113 113 112 112 111 111 110 110 109 109 108 108 107 106 106 105 105 105 105 105 105 105 105 104 104 104 104 104 103 103 103 
117 116 116 115 114 114 113 112 112 111 111 110 109 109 108 107 107 107 107 107 108 108 108 108 108 108 108 108 109 109 109 109 109 109 110 110 110 110 111 111 111 112 112 112 112 113 113 113 113 112 112 111 111 110 109 109 108 108 107 106 106 105 105 104 104 103 103 103 103 103 102 102 102 101 101 101 101 100 100 100 
115 115 114 114 113 112 112 111 110 109 109 108 107 107 106 105 105 104 104 105 105 105 105 105 105 106 106 106 106 106 106 106 106 107 107 107 107 107 108 108 108 108 109 109 109 109 110 110 110 109 109 109 109 108 107 107 106 105 105 104 103 103 102 102 101 101 101 100 100 99 99 99 98 98 98 98 97 97 97 96 
110 110 110 109 109 109 108 107 107 106 105 105 104 103 103 102 101 101 100 100 101 101 101 101 101 101 102 102 102 102 102 102 103 103 103 103 103 104 104 104 104 105 105 105 106 106 106 106 106 105 105 104 104 103 102 102 101 101 100 100 99 98 98 97 97 96 96 95 95 95 94 94 94 93 93 92 92 92 91 91 
103 104 104 104 104 104 104 103 102 102 101 100 100 99 99 98 97 97 96 96 96 96 96 97 97 97 97 98 98 98 98 98 99 99 99 99 99 100 100 100 100 101 101 101 102 102 102 103 102 102 101 100 100 99 98 98 97 97 96 95 95 94 93 93 93 92 92 92 91 91 90 90 89 89 88 88 88 87 87 86 
96 96 96 97 97 98 98 98 98 97 97 96 96 95 95 94 93 93 92 92 91 91 92 92 92 92 93 93 93 93 94 94 94 94 94 95 95 95 95 96 96 96 97 97 98 98 98 98 98 97 97 96 95 95 94 94 93 92 92 91 91 90 89 89 89 88 88 87 86 86 85 85 85 84 84 83 83 82 82 81 
87 87 88 88 88 89 90 91 91 92 91 91 90 90 89 89 88 88 87 87 86 86 86 86 87 87 88 88 88 88 89 89 89 89 90 90 90 90 91 91 91 92 92 92 93 93 93 94 93 92 92 91 91 90 90 89 89 88 87 87 86 85 85 84 84 84 83 82 82 81 81 80 79 79 78 78 77 76 76 76 
74 74 75 75 76 76 77 78 79 80 81 82 82 81 81 81 80 80 80 79 79 79 78 78 79 80 80 81 81 82 82 82 83 83 83 84 84 84 85 85 85 85 86 86 87 87 88 88 87 87 87 86 86 85 84 84 83 83 82 82 81 81 80 80 79 78 77 77 76 76 75 74 74 73 73 72 71 71 70 69 
64 63 61 60 61 62 63 63 64 65 65 65 65 65 65 65 65 65 65 65 65 65 65 65 65 65 65 65 65 65 65 65 65 65 65 65 65 65 65 65 65 65 65 65 65 65 65 65 65 65 65 65 65 65 65 65 65 65 65 65 65 65 65 65 65 65 65 65 65 65 65 65 65 65 65 65 65 65 65 65 
40 41 41 42 44 45 46 47 48 49 49 50 50 51 51 51 52 52 53 54 54 54 54 54 54 54 54 54 54 54 54 54 54 54 54 54 54 54 54 54 54 54 54 54 54 54 54 54 54 54 54 54 54 54 54 54 54 54 54 54 54 54 54 54 54 54 54 54 54 54 54 54 54 54 54 54 54 54 54 54 
40 40 40 40 40 41 41 41 41 41 40 40 39 39 38 38 38 40 41 42 44 45 47 49 50 52 55 59 61 61 61 61 61 61 61 61 61 61 61 61 61 61 61 61 61 61 61 61 61 61 61 61 61 61 61 61 61 61 61 61 61 61 61 61 61 61 61 61 61 61 61 61 61 61 61 61 61 61 61 61 
77 74 71 68 65 63 60 58 56 54 54 53 52 51 51 53 56 59 59 59 59 59 59 59 59 59 59 59 59 59 59 59 59 59 59 59 59 59 59 59 59 59 59 59 59 59 59 59 59 59 59 59 59 59 59 59 59 59 59 59 59 59 59 59 59 59 59 59 59 59 59 59 59 59 59 59 59 59 59 59 
71 67 63 61 61 61 61 61 61 61 61 61 61 61 61 61 61 61 61 61 61 61 61 61 61 61 61 61 61 61 61 61 61 61 61 61 61 61 61 61 61 61 61 61 61 61 61 61 61 61 61 61 61 61 61 61 61 61 61 61 61 61 61 61 61 61 61 61 61 61 61 61 61 61 61 61 61 61 61 61 
47 48 51 53 56 59 61 64 67 70 73 76 79 81 82 82 83 83 83 83 83 82 81 79 78 76 63 0 1 0 0 0 0 0 0 1 0 0 0 0 0 0 0 0 0 0 0 0 0 13 74 68 61 61 61 61 61 61 61 61 61 61 61 61 61 61 61 61 61 61 61 61 61 61 61 61 61 61 61 61 
55 58 62 66 68 72 75 78 80 82 83 84 85 85 84 83 0 0 0 1 0 0 0 0 1 2 0 0 0 0 0 0 2 1 0 0 1 0 0 0 0 1 9 6 0 0 0 0 2 75 75 72 72 65 63 43 46 50 53 54 54 54 54 54 54 54 54 54 54 54 54 54 54 54 54 54 54 54 54 54 
27 27 27 27 27 14 0 0 0 1 0 0 0 0 1 0 0 0 1 0 2 3 3 2 1 1 1 0 0 0 2 2 1 1 1 0 0 1 1 0 0 11 24 27 27 27 27 27 27 44 76 75 73 68 65 62 61 62 62 64 65 65 65 66 65 62 47 19 22 19 19 25 27 27 27 27 27 27 27 27 
27 27 27 27 27 14 0 0 0 1 0 0 0 1 1 0 0 0 1 0 2 3 4 5 2 1 1 1 0 0 1 1 0 0 0 0 0 1 1 0 0 12 25 27 27 27 27 27 27 27 27 27 27 27 40 73 73 73 73 73 75 76 77 75 73 73 52 20 22 18 18 25 27 27 27 27 27 27 27 27 
27 27 27 27 27 15 0 0 0 1 0 0 1 2 1 0 0 0 1 0 0 1 6 9 4 1 1 1 1 0 1 1 0 0 0 0 0 1 1 0 0 13 27 27 27 27 27 27 27 27 27 27 27 27 27 27 27 27 27 47 81 82 83 84 86 88 59 21 22 18 19 25 27 27 27 27 27 27 27 27 
27 27 27 27 15 0 0 0 1 0 0 1 2 1 0 0 1 1 0 0 0 6 11 4 1 1 1 1 0 1 1 0 0 0 0 0 1 1 0 0 13 26 27 27 27 27 27 27 27 27 27 27 27 27 27 27 27 27 27 27 27 27 27 53 90 73 73 73 73 73 73 73 73 73 73 73 73 73 73 73 
1 1 0 0 0 0 0 0 0 0 2 2 1 0 0 0 1 0 0 0 1 0 0 0 0 0 1 0 0 0 26 27 27 27 27 27 27 27 27 27 27 27 27 27 27 27 27 15 25 27 27 27 27 27 29 22 23 15 18 27 27 27 27 27 27 27 27 27 27 27 27 27 27 28 3 0 0 0 1 1 
1 1 0 0 0 0 0 0 0 0 1 1 1 0 0 0 0 0 0 1 1 0 0 0 0 0 0 0 0 15 26 27 27 27 27 27 27 27 27 27 27 27 27 27 27 27 27 14 26 27 27 27 27 27 29 22 23 14 20 27 27 27 27 27 27 27 27 27 27 27 27 27 27 28 1 0 0 0 1 1 
1 1 1 0 0 0 0 0 0 0 1 0 0 0 0 0 0 0 0 1 0 0 0 0 0 0 0 0 0 15 24 27 27 27 27 27 27 27 27 27 27 27 27 27 27 27 27 16 27 27 27 27 27 29 15 22 23 13 24 27 27 27 27 27 27 27 27 27 27 27 27 27 27 27 0 0 0 0 1 1 
1 1 1 0 0 0 0 0 0 0 0 0 0 0 0 0 0 0 0 1 0 0 0 0 0 0 1 0 15 15 24 27 27 27 27 27 27 27 27 27 27 27 27 27 27 27 27 18 26 27 27 27 27 29 17 22 23 12 26 27 27 27 27 27 27 27 27 27 27 27 27 27 27 27 0 0 0 0 0 0 
1 1 1 0 0 0 0 0 0 0 0 0 0 0 0 0 0 0 1 0 0 0 0 0 0 0 1 0 15 15 25 27 27 27 27 27 27 27 27 27 27 27 27 27 27 27 27 20 26 27 27 27 27 29 29 29 29 29 29 29 29 29 29 29 29 29 29 29 29 29 29 29 29 29 29 29 29 29 29 29 
0 0 0 0 0 0 0 1 0 0 1 1 0 0 0 1 15 15 15 20 27 27 27 27 27 27 27 27 27 27 27 27 27 27 27 27 27 27 27 27 27 27 27 27 27 27 27 27 27 27 27 27 27 27 27 27 27 27 27 27 27 27 27 27 27 27 27 27 27 27 27 27 27 27 27 27 27 27 27 27 
0 0 0 0 0 15 15 15 23 21 27 27 27 27 27 27 27 27 27 27 27 27 27 27 27 22 22 26 27 27 27 27 23 19 18 17 22 27 27 27 27 27 27 27 27 27 27 27 27 27 27 27 15 2 1 1 1 1 1 1 0 0 0 0 0 0 0 0 0 0 0 0 0 0 1 1 0 0 0 0 
0 0 0 0 0 15 15 15 15 28 27 27 27 27 27 27 27 27 27 27 27 27 27 27 27 21 21 27 27 27 27 27 23 19 18 17 22 27 27 27 27 27 27 27 27 27 27 27 27 27 27 27 17 3 1 0 0 0 0 1 1 0 0 0 0 0 1 0 0 0 0 0 0 0 0 1 0 0 0 0 
0 0 0 0 15 15 15 15 15 27 26 27 27 27 27 27 27 27 27 27 27 27 27 27 27 20 20 27 27 27 27 27 23 18 18 18 23 27 27 27 27 27 27 27 27 27 27 27 27 27 27 27 17 3 1 0 0 0 1 1 1 0 0 0 0 0 1 0 0 0 0 0 0 0 0 1 0 0 0 0 
0 0 0 0 15 15 15 15 15 27 25 27 27 27 27 27 27 27 27 27 27 27 27 27 27 27 26 26 27 27 27 27 22 18 19 19 24 27 27 27 27 27 27 27 27 27 27 27 27 27 27 27 17 3 0 0 0 1 2 1 1 0 0 0 0 0 0 0 0 0 0 0 0 0 0 1 0 0 0 0 
0 0 0 0 15 15 15 15 15 25 23 27 27 27 27 27 27 27 27 27 27 27 27 27 27 27 25 25 27 27 27 27 22 18 19 18 22 26 27 27 27 27 27 27 27 27 27 27 27 27 27 27 16 2 0 0 0 1 1 1 1 0 0 0 0 0 0 0 0 0 0 0 0 0 0 1 0 0 0 0 
0 0 0 15 15 15 15 15 15 22 20 27 27 27 27 27 27 27 27 27 27 27 27 27 27 27 26 26 27 27 27 27 22 18 19 17 22 27 27 27 27 27 27 27 27 27 27 27 27 27 27 27 16 2 0 0 0 0 1 0 0 0 0 0 0 0 0 0 0 0 0 0 0 0 0 0 0 0 0 0 
0 0 0 15 15 15 15 15 15 15 28 26 27 27 27 27 27 27 27 27 27 27 27 27 27 27 25 25 27 27 27 27 22 18 19 17 22 27 27 27 27 27 27 27 27 27 27 27 27 27 27 27 15 1 0 0 0 0 0 0 0 0 1 1 0 0 0 0 0 0 0 0 0 0 0 0 0 0 1 0 
0 1 0 15 15 15 15 15 15 15 26 24 27 27 27 27 27 27 27 27 27 27 27 27 27 27 22 22 27 27 27 27 22 18 19 18 23 27 27 27 27 27 27 27 27 27 27 27 27 27 27 27 15 1 0 0 0 0 0 0 0 0 1 1 0 0 0 0 0 0 0 0 0 0 0 0 0 0 1 0 
0 1 0 15 15 15 15 15 15 15 25 23 27 27 27 27 27 27 27 27 27 27 27 27 27 27 22 22 27 27 27 27 22 18 19 18 23 26 27 27 27 27 27 27 27 27 27 27 27 27 27 27 14 0 0 0 1 0 0 0 0 0 1 1 0 0 0 1 1 1 0 0 0 0 0 0 0 1 1 0 
0 0 0 15 15 15 15 15 15 15 15 27 26 27 27 27 27 27 27 27 27 27 27 27 27 27 27 26 26 27 27 27 22 18 19 18 22 26 27 27 27 27 27 27 27 27 27 27 27 27 27 27 14 0 0 1 1 0 0 0 0 0 1 1 0 0 0 1 1 1 0 0 0 0 0 0 0 1 1 0 
0 0 15 15 15 15 15 15 15 15 15 25 23 27 27 27 27 27 27 27 27 27 27 27 27 27 27 25 25 27 27 27 27 24 19 17 17 17 17 17 17 17 17 17 17 17 17 17 17 17 17 17 17 17 17 17 17 17 17 17 17 17 17 17 17 17 17 17 17 17 17 17 17 17 17 17 17 17 17 17 
15 15 22 27 27 27 27 27 27 27 27 27 27 27 27 27 27 14 26 27 27 27 28 21 17 19 26 27 27 27 27 27 27 27 27 27 27 27 27 27 27 27 1 1 2 2 1 1 0 0 0 0 0 1 3 3 1 1 0 0 0 0 0 0 0 1 1 0 0 1 0 15 15 15 15 15 15 15 15 15 
15 15 15 25 27 27 27 27 27 27 27 27 27 27 27 27 27 27 26 27 27 27 28 21 21 21 21 21 21 21 21 21 21 21 21 21 21 21 21 21 21 21 21 21 21 21 21 21 21 21 21 21 21 21 21 21 21 21 21 21 21 21 21 21 21 21 21 21 21 21 21 21 21 21 21 21 21 21 21 21 
27 27 27 27 27 27 27 27 27 27 27 27 27 27 27 27 27 27 27 27 27 27 27 27 27 27 27 27 27 27 27 27 27 27 27 27 27 27 27 27 27 27 27 27 27 27 27 27 27 27 27 27 27 27 27 27 27 27 27 27 27 27 27 27 27 27 27 27 27 27 27 27 27 27 27 27 27 27 27 27 
27 27 24 17 20 26 27 27 27 27 27 27 27 27 27 27 27 27 27 27 13 0 1 1 0 0 1 1 0 0 0 1 1 0 0 2 2 0 0 0 0 1 2 2 0 0 0 0 0 0 15 15 15 15 15 15 15 15 15 15 15 15 15 15 27 26 27 27 27 27 27 27 27 27 27 27 27 27 25 25 
27 27 24 18 19 25 27 27 27 27 27 27 46 30 47 30 29 30 36 28 13 0 0 1 0 0 1 1 0 0 0 1 1 0 0 1 1 0 0 0 0 2 3 3 1 0 0 0 0 0 15 15 15 15 15 15 15 15 15 15 15 15 15 15 25 24 27 27 27 27 27 27 27 27 27 27 27 27 25 25 
27 27 25 19 20 25 27 27 27 27 27 27 27 27 27 47 51 33 45 49 16 0 0 0 0 0 1 1 0 0 0 1 1 0 0 0 0 1 1 0 0 2 3 3 1 0 0 0 1 0 15 15 15 15 15 15 15 15 15 15 15 15 15 15 15 25 24 27 27 27 27 27 27 27 27 27 27 27 27 26 
26 27 25 20 20 24 27 27 27 27 27 27 47 37 28 27 27 27 27 27 15 1 0 0 2 2 1 1 0 0 0 0 1 1 0 0 0 1 2 1 0 1 2 2 0 0 0 0 1 0 15 15 15 15 15 15 15 15 15 15 15 15 15 15 15 15 24 23 27 27 27 27 27 27 27 27 27 27 27 23 
23 26 28 28 28 28 28 28 28 28 28 28 28 28 28 28 28 28 28 28 28 28 28 28 28 28 28 28 28 28 28 28 28 28 28 28 28 28 28 28 28 28 28 28 28 28 28 28 28 28 28 28 28 28 28 28 28 28 28 28 28 28 28 28 28 28 28 28 28 28 28 28 28 28 28 28 28 28 28 28 
27 44 51 51 119 255 187 109 178 51 1 0 0 85 198 57 11 0 0 0 1 1 1 1 1 0 0 2 1 0 0 0 1 0 0 0 0 85 5 67 22 76 15 15 15 15 15 15 15 15 15 15 15 15 15 15 15 15 15 15 25 27 26 27 27 27 27 27 27 27 27 22 28 20 15 24 27 27 27 27 
27 44 51 34 27 27 27 44 34 27 0 0 0 1 2 0 0 0 0 0 1 1 1 1 1 0 0 1 0 0 0 1 1 0 0 0 0 1 1 15 15 15 15 15 15 15 15 15 15 15 15 15 15 15 15 15 15 15 15 15 15 23 26 25 27 27 27 27 27 27 27 27 23 28 16 22 27 27 27 27 
27 27 27 27 27 27 27 27 27 27 0 0 0 1 30 77 0 76 18 63 84 84 72 83 84 80 3 83 83 52 32 74 1 0 78 52 80 24 1 0 15 15 102 91 101 15 15 94 15 15 15 15 15 15 15 15 15 15 15 15 15 15 15 21 22 27 26 26 27 26 27 27 19 26 17 23 27 27 27 27 
27 44 51 49 43 31 27 27 35 30 0 0 0 1 54 0 0 0 32 10 84 84 1 26 84 11 42 8 6 52 36 0 0 0 60 80 42 61 0 0 15 15 102 15 15 15 102 16 15 15 15 15 15 15 15 15 15 15 15 15 15 15 15 15 15 18 25 23 24 25 24 26 24 25 17 20 26 27 27 27 
27 27 51 51 48 41 27 27 27 50 0 0 0 1 36 60 0 0 0 0 1 1 0 1 84 1 0 3 4 0 1 0 0 0 81 46 76 19 1 1 15 15 102 15 15 15 15 15 15 15 15 15 15 15 102 102 15 15 15 15 15 15 15 15 15 15 15 15 15 18 18 18 15 15 26 17 26 27 27 27 
27 27 47 51 30 27 27 27 27 27 27 27 27 27 27 27 27 27 27 27 27 27 27 27 27 27 27 27 27 27 27 27 27 27 27 27 27 27 27 27 27 27 27 27 27 27 27 27 27 27 27 27 27 27 27 27 27 27 27 27 27 27 27 27 27 27 27 27 27 27 27 27 27 27 27 27 27 27 27 27 
27 27 27 27 27 27 27 27 27 27 27 27 27 27 27 27 27 27 27 27 27 27 27 27 27 27 27 27 27 27 27 27 27 27 27 27 27 27 27 27 27 27 27 27 27 27 27 27 27 27 27 27 27 27 27 27 27 27 27 27 27 27 27 27 27 27 27 27 27 27 27 27 27 27 27 27 27 27 27 27 
27 27 27 27 27 27 27 27 27 27 27 27 27 27 27 27 27 27 27 27 27 27 27 27 27 27 27 27 27 27 27 27 27 27 27 27 27 27 27 27 27 27 27 27 27 27 27 27 27 27 27 27 27 27 27 27 27 27 27 27 27 27 27 27 27 27 27 27 27 27 27 27 27 27 27 27 27 27 27 27 
27 27 27 27 27 27 27 27 27 27 27 27 27 27 27 27 27 27 27 27 27 27 27 27 27 27 27 27 27 27 27 27 27 27 27 27 27 27 27 27 27 27 27 27 27 27 27 27 27 27 27 27 27 27 27 27 27 27 27 27 27 27 27 27 27 27 27 27 27 27 27 27 27 27 27 27 27 27 27 27 
27 27 27 27 27 27 27 27 27 27 27 27 27 27 27 27 27 27 27 27 27 27 27 27 27 27 27 27 27 27 27 27 27 27 27 27 27 27 27 27 27 27 27 27 27 27 27 27 27 27 27 27 27 27 27 27 27 27 27 27 27 27 27 27 27 27 27 27 27 27 27 27 27 27 27 27 27 27 27 27 
27 27 27 27 27 27 27 27 27 27 27 27 27 27 27 27 27 27 27 27 27 27 27 27 27 27 27 27 27 27 27 27 27 27 27 27 27 27 27 27 27 27 27 27 27 27 27 27 27 27 27 27 27 27 27 27 27 27 27 27 27 27 27 27 27 27 27 27 27 27 27 27 27 27 27 27 27 27 27 27 
27 27 27 27 27 27 27 27 27 27 27 27 27 27 27 27 27 27 27 27 27 27 27 27 27 27 27 27 27 27 27 27 27 27 27 27 27 27 27 27 27 27 27 27 27 27 27 27 27 27 27 27 27 27 27 27 27 27 27 27 27 27 27 27 27 27 27 27 27 27 27 27 27 27 27 27 27 27 27 27 
27 27 27 27 27 27 27 27 27 27 27 27 27 27 27 27 27 27 27 27 27 27 27 27 27 27 27 27 27 27 27 27 27 27 27 27 27 27 27 27 27 27 27 27 27 27 27 27 27 27 27 27 27 27 27 27 27 27 27 27 27 27 27 27 27 27 27 27 27 27 27 27 27 27 27 27 27 27 27 27 
27 27 27 27 27 27 27 27 27 27 27 27 27 27 27 27 27 27 27 27 27 27 27 27 27 27 27 27 27 27 27 27 27 27 27 27 27 27 27 27 27 27 27 27 27 27 27 27 27 27 27 27 27 27 27 27 27 27 27 27 27 27 27 27 27 27 27 27 27 27 27 27 27 27 27 27 27 27 27 27 
27 27 27 27 27 27 27 27 27 27 27 27 27 27 27 27 27 27 27 27 27 27 27 27 27 27 27 27 27 27 27 27 27 27 27 27 27 27 27 27 27 27 27 27 27 27 27 27 27 27 27 27 27 27 27 27 27 27 27 27 27 27 27 27 27 27 27 27 27 27 27 27 27 27 27 27 27 27 27 27 
27 27 27 27 27 27 27 27 27 27 27 27 27 27 27 27 27 27 27 27 27 27 27 27 27 27 27 27 27 27 27 27 27 27 27 27 27 27 27 27 27 27 27 27 27 27 27 27 27 27 27 27 27 27 27 27 27 27 27 27 27 27 27 27 27 27 27 27 27 27 27 27 27 27 27 27 27 27 27 27 
27 27 27 27 27 27 27 27 27 27 27 27 27 27 27 27 27 27 27 27 27 27 27 27 27 27 27 27 27 27 27 27 27 27 27 27 27 27 27 27 27 27 27 27 27 27 27 27 27 27 27 27 27 27 27 27 27 27 27 27 27 27 27 27 27 27 27 27 27 27 27 27 27 27 27 27 27 27 27 27 
27 27 27 27 27 27 27 27 27 27 27 27 27 27 27 27 27 27 27 27 27 27 27 27 27 27 27 27 27 27 27 27 27 27 27 27 27 27 27 27 27 27 27 27 27 27 27 27 27 27 27 27 27 27 27 27 27 27 27 27 27 27 27 27 27 27 27 27 27 27 27 27 27 27 27 27 27 27 27 27 
27 27 27 27 27 27 27 27 27 27 27 27 27 27 27 27 27 27 27 27 27 27 27 27 27 27 27 27 27 27 27 27 27 27 27 27 27 27 27 27 27 27 27 27 27 27 27 27 27 27 27 27 27 27 27 27 27 27 27 27 27 27 27 27 27 27 27 27 27 27 27 27 27 27 27 27 27 27 27 27 
27 27 27 27 27 27 27 27 27 27 27 27 27 27 27 27 27 27 27 27 27 27 27 27 27 27 27 27 27 27 27 27 27 27 27 27 27 27 27 27 27 27 27 27 27 27 27 27 27 27 27 27 27 27 27 27 27 27 27 27 27 27 27 27 27 27 27 27 27 27 27 27 27 27 27 27 27 27 27 27 
27 27 27 27 27 27 27 27 27 27 27 27 27 27 27 27 27 27 27 27 27 27 27 27 27 27 27 27 27 27 27 27 27 27 27 27 27 27 27 27 27 27 27 27 27 27 27 27 27 27 27 27 27 27 27 27 27 27 27 27 27 27 27 27 27 27 27 27 27 27 27 27 27 27 27 27 27 27 27 27 
