0.0250427, -0.04
6, 4.27199e-005,
 2.58955e-012, 

1.359, -1.359, 
2.56372e-009, 2.
38676e-006, 
1.
359, -1.359, 2.5
0384e-012, 2.008
91e-009, 
1.359
01, -1.359, 4.05
573e-008, 1.4587
2e-0-²½
0.0010
0004, 5.28974e+0
22, 6.44607e-010
, 4.09558e-011, 

1.359, -1.359,
 1.45866e-019, 4
.02541e-011, 
1
.359, -1.359, 2.
60371e-012, 1.01
4e-008, 
0.0011
7184, -0.113, 2.
33082e-009, 4.32
024e-005, 
1.35
9, -1.359, 2.008
91e-009, 1.09792
e-005, 
0.025, 
-0.0459973, 1.45
869e-019, 6.4094
1e-010, 
1.3590
4, -1.359, 1.014
04e-008, 4.24909
e-005, 
1.359, 
-1.359, 4.05571e
-008, 1.05629e-0
05, 
1.359, -1.
35899, 4.14106e-
011, 1.07232e-00
8, 
1.359, -1.3
59, 6.40941e-010
, 4.3438e-005, 

1.359, -1.359, 
2.60371e-012, 4.
02852e-011, 
1.
359, -1.359, 2.6
4031e-006, 2.617
97e-012, 
1.359
01, -1.35882, 6.
40929e-010, 4.93
57e-031, 
1.359
, -1.359, 4.0557
3e-008, 1.45872e
-019, 
1.359, 5
.23071e+022, 4.2
0065e-005, 4.027
37e-011, 
1.359
, -1.359, 1.4587
9e-019, 4.02541e
-011, 
1.359, -
1.359, 0.0001737
78, 2.33082e-009
, 
1.35904, -1.
359, 2.63174e-01
2, 4.05618e-008,
 
1.359, -1.359
